submission_id,problem_id,user_id,date,language,original_language,filename_ext,status,cpu_time,memory,code_size,accuracy
s420416592,p02791,u080364835,1600768591,Python,Python (3.8.2),py,Accepted,94,32228,166,
s295876632,p02791,u405733072,1600759089,Python,Python (3.8.2),py,Accepted,85,32360,225,
s042994156,p02791,u658600714,1600732645,Python,PyPy3 (7.3.0),py,Accepted,95,87944,117,
s344905928,p02791,u024965372,1600719221,Python,Python (3.8.2),py,Accepted,105,32288,168,
s922158094,p02791,u024965372,1600719118,Python,Python (3.8.2),py,Runtime Error,109,32328,168,
s486027549,p02791,u734876600,1600716135,Python,Python (3.8.2),py,Accepted,94,32100,140,
s854494675,p02791,u631558039,1600693612,C++,C++ (GCC 9.2.1),cpp,Accepted,59,4816,1859,
s790320370,p02791,u556594202,1600693397,Python,Python (3.8.2),py,Accepted,103,32196,144,
s115851268,p02791,u571537830,1600688802,Python,Python (3.8.2),py,Accepted,136,32180,179,
s690993919,p02791,u571537830,1600688351,Python,Python (3.8.2),py,Time Limit Exceeded,2206,32304,139,
s503384710,p02791,u418149936,1600641277,Python,Python (3.8.2),py,Accepted,81,24448,162,
s879468794,p02791,u297179467,1600640633,C++,C++ (GCC 9.2.1),cpp,Compile Error,,,1,
s827264749,p02791,u434874161,1600640454,C++,C++ (GCC 9.2.1),cpp,Accepted,37,5192,1921,
s214448106,p02791,u944033453,1600628575,C++,C++ (GCC 9.2.1),cpp,Accepted,56,3544,253,
s445661606,p02791,u282813849,1600625313,Python,Python (3.8.2),py,Accepted,98,32200,172,
s837558093,p02791,u121708600,1600617053,C++,C++ (GCC 9.2.1),cpp,Accepted,110,14256,1015,
s101710363,p02791,u467463073,1600606027,Python,Python (3.8.2),py,Accepted,137,32284,173,
s031054248,p02791,u297179467,1600554179,C++,C++ (GCC 9.2.1),cpp,Compile Error,,,11,
s311837613,p02791,u344030307,1600540763,Python,Python (3.8.2),py,Accepted,87,32328,126,
s133446937,p02791,u750651325,1600539973,Python,Python (3.8.2),py,Wrong Answer,115,34448,673,
s794431355,p02791,u101351621,1600538053,Rust,Rust (1.42.0),rs,Accepted,21,3908,272,
s327726785,p02791,u427807693,1600536805,C++,C++ (GCC 9.2.1),cpp,Accepted,56,3636,376,
s853408861,p02791,u830745382,1600536030,C++,C++ (GCC 9.2.1),cpp,Accepted,57,4048,203,
s386884257,p02791,u986254798,1600535211,Python,Python (3.8.2),py,Accepted,128,32280,191,
s052666582,p02791,u562935282,1600535058,C++,C++ (GCC 9.2.1),cpp,Accepted,54,3556,376,
s881277183,p02791,u125269142,1600530473,Python,Python (3.8.2),py,Accepted,108,32268,187,
s106802116,p02791,u125269142,1600528481,Python,Python (3.8.2),py,Wrong Answer,95,32376,181,
s626162489,p02791,u745514010,1600514582,Python,Python (3.8.2),py,Accepted,86,32224,150,
s457279311,p02791,u418149936,1600512906,Python,Python (3.8.2),py,Accepted,88,32296,168,
s210445977,p02791,u000513658,1600510869,Python,Python (3.8.2),py,Accepted,91,32320,172,
s007145717,p02791,u000513658,1600510659,Python,Python (3.8.2),py,Wrong Answer,85,32344,162,
s654285652,p02791,u000513658,1600508492,Python,Python (3.8.2),py,Wrong Answer,104,32320,145,
s249097972,p02791,u246124919,1600481199,C++,C++ (GCC 9.2.1),cpp,Accepted,32,6264,747,
s180695119,p02791,u418149936,1600466513,Python,Python (3.8.2),py,Accepted,85,24372,162,
s300918675,p02791,u189366578,1600455717,C,C (GCC 9.2.1),c,Accepted,35,2508,418,
s823873565,p02791,u189366578,1600455121,C,C (GCC 9.2.1),c,Time Limit Exceeded,2205,2512,436,
s735510464,p02791,u669551866,1600453035,C++,C++ (GCC 9.2.1),cpp,Accepted,33,4736,5696,
s369209622,p02791,u354787736,1600449713,C++,C++ (GCC 9.2.1),cpp,Accepted,30,3960,459,
s605166962,p02791,u607563136,1600448683,Python,Python (3.8.2),py,Accepted,109,32320,203,
s923760318,p02791,u607563136,1600448303,Python,Python (3.8.2),py,Accepted,127,32224,152,
s326748891,p02791,u682413606,1600447619,C++,C++ (GCC 9.2.1),cpp,Accepted,55,4372,333,
s205551762,p02791,u570155187,1600447189,Python,Python (3.8.2),py,Accepted,105,32172,159,
s369173222,p02791,u570155187,1600447054,Python,Python (3.8.2),py,Time Limit Exceeded,2206,32292,167,
s269547308,p02791,u570155187,1600446499,Python,PyPy3 (7.3.0),py,Time Limit Exceeded,2211,232392,130,
s473404983,p02791,u301302814,1600445873,Python,Python (3.8.2),py,Accepted,81,32256,252,
s821735627,p02791,u301302814,1600445854,C++,C++ (GCC 9.2.1),cpp,Accepted,57,3520,284,
s938063538,p02791,u555587832,1600433977,Python,Python (3.8.2),py,Accepted,100,32316,177,
s125977294,p02791,u664215235,1600433155,C++,C++ (GCC 9.2.1),cpp,Accepted,33,5180,688,
s941922943,p02791,u664215235,1600432601,C++,C++ (GCC 9.2.1),cpp,Wrong Answer,31,5172,688,
s486780025,p02791,u664215235,1600432255,C++,C++ (GCC 9.2.1),cpp,Wrong Answer,33,4404,696,
s910952078,p02791,u929569377,1600428671,Python,Python (3.8.2),py,Accepted,86,32252,299,
s007023611,p02791,u884476319,1600427291,C++,C++ (GCC 9.2.1),cpp,Accepted,31,3968,2237,
s765191587,p02791,u365156087,1600423727,Python,Python (3.8.2),py,Accepted,89,32260,137,
s971253051,p02791,u378691508,1600413961,Python,PyPy3 (7.3.0),py,Accepted,115,102976,189,
s105633133,p02791,u884476319,1600405372,C++,C++ (GCC 9.2.1),cpp,Accepted,34,3980,2034,
s083640360,p02791,u956252692,1600381196,C++,C++ (GCC 9.2.1),cpp,Accepted,33,3924,1823,
s891332115,p02791,u515074753,1600380118,C++,C++ (GCC 9.2.1),cpp,Accepted,56,4744,463,
s848861261,p02791,u277394423,1600377481,C++,C++ (GCC 9.2.1),cpp,Accepted,32,6756,1429,
s702021228,p02791,u345981182,1600376137,C++,C++ (Clang 10.0.0),cpp,Accepted,121,4700,366,
s492532445,p02791,u274201725,1600373580,C++,C++ (GCC 9.2.1),cpp,Accepted,58,4848,1260,
s652841231,p02791,u956252692,1600372607,C++,C++ (GCC 9.2.1),cpp,Wrong Answer,31,3980,1923,
s560768218,p02791,u915761992,1600362860,C#,C# (.NET Core 3.1.201),cs,Accepted,125,47748,1841,
s540848367,p02791,u460597319,1600350986,C++,C++ (GCC 9.2.1),cpp,Accepted,57,3560,305,
s948592772,p02791,u418149936,1600347630,Python,Python (3.8.2),py,Accepted,81,24380,162,
s593542233,p02791,u855388824,1600345217,C++,C++ (GCC 9.2.1),cpp,Accepted,58,3640,381,
s730686599,p02791,u528045862,1600342500,Python,PyPy3 (7.3.0),py,Accepted,104,99800,145,
s194657432,p02791,u500376440,1600331828,Python,PyPy3 (7.3.0),py,Accepted,104,100032,141,
s255407328,p02791,u620846115,1600330339,Python,Python (3.8.2),py,Accepted,106,32176,149,
s716568922,p02791,u620846115,1600329644,Python,Python (3.8.2),py,Runtime Error,72,32296,228,
s000290678,p02791,u620846115,1600329569,Python,Python (3.8.2),py,Runtime Error,68,32256,226,
s673968406,p02791,u620846115,1600329298,Python,Python (3.8.2),py,Runtime Error,70,32220,192,
s669847015,p02791,u620846115,1600328659,Python,Python (3.8.2),py,Runtime Error,72,32312,150,
s107220662,p02791,u620846115,1600328607,Python,Python (3.8.2),py,Runtime Error,70,32308,150,
s482391440,p02791,u620846115,1600328208,Python,Python (3.8.2),py,Runtime Error,71,32264,134,
s768938379,p02791,u620846115,1600328040,Python,Python (3.8.2),py,Runtime Error,69,32200,129,
s611630298,p02791,u620846115,1600327826,Python,Python (3.8.2),py,Runtime Error,69,32248,146,
s999238071,p02791,u620846115,1600327713,Python,Python (3.8.2),py,Runtime Error,26,9020,146,
s561744387,p02791,u620846115,1600327683,Python,Python (3.8.2),py,Runtime Error,25,8940,150,
s844432347,p02791,u985625318,1600319825,C++,C++ (GCC 9.2.1),cpp,Accepted,56,4052,352,
s555021361,p02791,u716895502,1600298168,C++,C++ (GCC 9.2.1),cpp,Accepted,32,4580,959,
s562641429,p02791,u214864255,1600296859,Python,Python (3.8.2),py,Accepted,111,32376,135,
s210606656,p02791,u927463074,1600291013,C++,C++ (GCC 9.2.1),cpp,Accepted,56,3664,225,
s566781174,p02791,u793821463,1600286063,Python,Python (3.8.2),py,Accepted,139,32296,156,
s773611742,p02791,u475189661,1600283321,Python,Python (3.8.2),py,Accepted,112,32228,160,
s154105814,p02791,u475189661,1600283040,Python,Python (3.8.2),py,Time Limit Exceeded,2206,32212,135,
s269123158,p02791,u475189661,1600282669,Python,Python (3.8.2),py,Time Limit Exceeded,2206,32360,142,
s489330212,p02791,u216015528,1600278808,Python,Python (3.8.2),py,Accepted,82,32232,259,
s674129665,p02791,u693209970,1600271593,C++,C++ (GCC 9.2.1),cpp,Accepted,57,3596,693,
s166985590,p02791,u367958900,1600270290,C++,C++ (GCC 9.2.1),cpp,Accepted,57,4028,350,
s982431910,p02791,u367958900,1600270222,C++,C++ (GCC 9.2.1),cpp,Wrong Answer,58,4032,349,
s852500293,p02791,u651197500,1600265356,C++,C++ (GCC 9.2.1),cpp,Accepted,55,4844,488,
s138505583,p02791,u418149936,1600264958,Python,Python (3.8.2),py,Accepted,82,24432,162,
s271512828,p02791,u290006620,1600258594,C++,C++ (GCC 9.2.1),cpp,Accepted,57,5140,603,
s482902285,p02791,u290006620,1600258450,C++,C++ (GCC 9.2.1),cpp,Accepted,59,5152,574,
s072842570,p02791,u906918812,1600200067,C,C (GCC 9.2.1),c,Accepted,33,2492,2691,
s962201211,p02791,u906918812,1600199367,C,C (GCC 9.2.1),c,Time Limit Exceeded,2205,2492,2779,
s161200505,p02791,u709962072,1600198810,C++,C++ (GCC 9.2.1),cpp,Accepted,56,3968,366,
s973146511,p02791,u762533651,1600187482,Python,PyPy3 (7.3.0),py,Accepted,106,99948,171,
s656455726,p02791,u242717212,1600173900,C++,C++ (GCC 9.2.1),cpp,Accepted,56,4824,508,
s108497804,p02791,u630211216,1600172883,Python,Python (3.8.2),py,Accepted,136,32200,137,
s492916239,p02791,u579046015,1600165071,C#,C# (.NET Core 3.1.201),cs,Accepted,136,53704,6179,
s128369949,p02791,u418149936,1600163907,Python,Python (3.8.2),py,Accepted,95,32196,168,
s511787527,p02791,u368735320,1600159262,Bash,Bash (5.0.11),sh,Accepted,1346,42524,184,
s383369760,p02791,u574779290,1600157060,Python,Python (3.8.2),py,Time Limit Exceeded,2206,32252,180,
s445149763,p02791,u574779290,1600156510,Python,Python (3.8.2),py,Time Limit Exceeded,2206,32252,177,
s211518776,p02791,u507456172,1600147699,Python,Python (3.8.2),py,Accepted,102,32320,149,
s037227045,p02791,u222668979,1600124084,Python,Python (3.8.2),py,Wrong Answer,123,32316,168,
s765773953,p02791,u762533651,1600121402,Python,PyPy3 (7.3.0),py,Time Limit Exceeded,2213,228972,214,
s645451809,p02791,u762533651,1600120864,Python,PyPy3 (7.3.0),py,Wrong Answer,2214,236456,169,
s783222966,p02791,u762533651,1600120826,Python,PyPy3 (7.3.0),py,Runtime Error,1195,223480,184,
s873911490,p02791,u280728543,1600113374,C++,C++ (GCC 9.2.1),cpp,Accepted,55,3576,470,
s590214597,p02791,u495692658,1600112366,C++,C++ (GCC 9.2.1),cpp,Accepted,55,3604,289,
s457789705,p02791,u418149936,1600110186,Python,Python (3.8.2),py,Accepted,89,32312,168,
s651692741,p02791,u863397945,1600105329,Python,Python (3.8.2),py,Accepted,143,32316,183,
s087447260,p02791,u863397945,1600105300,Python,Python (3.8.2),py,Accepted,157,32256,203,
s683733240,p02791,u863397945,1600105039,Python,Python (3.8.2),py,Time Limit Exceeded,2206,32272,188,
s559462784,p02791,u318427318,1600102046,Python,Python (3.8.2),py,Accepted,90,30968,451,
s988233239,p02791,u318427318,1600101682,Python,Python (3.8.2),py,Time Limit Exceeded,2206,31032,394,
s051512321,p02791,u966810027,1600100715,Ruby,Ruby (2.7.1),rb,Accepted,121,27200,127,
s649522851,p02791,u625864724,1600100196,Python,Python (3.8.2),py,Accepted,110,32352,258,
s494767279,p02791,u199441105,1600098711,C++,C++ (GCC 9.2.1),cpp,Accepted,57,3604,257,
s350667100,p02791,u239091426,1600020972,Python,Python (3.8.2),py,Accepted,114,32092,145,
s933113097,p02791,u087802159,1600016010,C++,C++ (GCC 9.2.1),cpp,Accepted,31,4756,1071,
s806723417,p02791,u006472158,1600009092,C++,C++ (GCC 9.2.1),cpp,Accepted,59,3980,290,
s988414583,p02791,u418149936,1600005480,Python,Python (3.8.2),py,Accepted,95,32208,168,
s917947085,p02791,u190167135,1600003747,Python,Python (3.8.2),py,Accepted,96,32364,133,
s910950240,p02791,u776311944,1600001292,Python,Python (3.8.2),py,Accepted,109,32040,178,
s230035204,p02791,u395672550,1599998661,Python,Python (3.8.2),py,Accepted,103,32348,150,
s064951147,p02791,u395672550,1599997996,Python,Python (3.8.2),py,Time Limit Exceeded,2206,32236,151,
s688220627,p02791,u531391334,1599993374,Python,PyPy3 (7.3.0),py,Accepted,108,92232,185,
s147767114,p02791,u475280305,1599952618,C++,C++ (GCC 9.2.1),cpp,Accepted,58,4036,606,
s735746950,p02791,u475280305,1599951911,C++,C++ (GCC 9.2.1),cpp,Accepted,56,3992,613,
s051968384,p02791,u475280305,1599951341,C++,C++ (GCC 9.2.1),cpp,Time Limit Exceeded,2205,4048,713,
s296300233,p02791,u475280305,1599951228,C++,C++ (GCC 9.2.1),cpp,Time Limit Exceeded,2205,4088,657,
s542572730,p02791,u498487134,1599944687,Python,PyPy3 (7.3.0),py,Accepted,101,91016,349,
s841137607,p02791,u433375322,1599941037,Python,Python (3.8.2),py,Accepted,99,32356,135,
s718111603,p02791,u533258444,1599936983,Go,Go (1.14.1),go,Accepted,36,3360,912,
s706358135,p02791,u625602578,1599935671,C++,C++ (GCC 9.2.1),cpp,Accepted,31,3628,572,
s147857493,p02791,u249648515,1599934994,C++,C++ (GCC 9.2.1),cpp,Accepted,33,3624,665,
s654982753,p02791,u154904553,1599927145,C++,C++ (GCC 9.2.1),cpp,Accepted,57,3728,244,
s860790416,p02791,u451171595,1599921985,C++,C++ (GCC 9.2.1),cpp,Accepted,57,4020,526,
s689659463,p02791,u434966508,1599918894,Python,PyPy3 (7.3.0),py,Accepted,96,88640,119,
s950762685,p02791,u434966508,1599918624,Python,PyPy3 (7.3.0),py,Wrong Answer,99,88708,123,
s501944840,p02791,u043589043,1599918385,C++,C++ (GCC 9.2.1),cpp,Accepted,58,4060,320,
s100558191,p02791,u460745860,1599917636,Python,Python (3.8.2),py,Accepted,136,32364,167,
s992461553,p02791,u806320475,1599915704,C++,C++ (GCC 9.2.1),cpp,Accepted,56,5124,351,
s766355442,p02791,u131881594,1599913164,Python,Python (3.8.2),py,Accepted,132,32312,131,
s759798330,p02791,u131881594,1599913103,Python,Python (3.8.2),py,Runtime Error,69,32232,126,
s311967294,p02791,u498531348,1599911912,Python,Python (3.8.2),py,Accepted,132,32324,348,
s139089622,p02791,u893275749,1599911027,C++,C++ (GCC 9.2.1),cpp,Accepted,29,4276,454,
s581100093,p02791,u725680599,1599894550,C++,C++ (GCC 9.2.1),cpp,Accepted,57,3536,714,
s696532230,p02791,u416758623,1599873925,C++,C++ (GCC 9.2.1),cpp,Accepted,56,4016,374,
s016548486,p02791,u416758623,1599867531,C++,C++ (GCC 9.2.1),cpp,Accepted,58,3988,362,
s570126850,p02791,u911856499,1599866072,Python,Python (3.8.2),py,Accepted,199,50944,231,
s171168434,p02791,u993622994,1599863165,Python,Python (3.8.2),py,Accepted,100,32360,170,
s941347224,p02791,u993622994,1599862272,Python,Python (3.8.2),py,Time Limit Exceeded,2206,32284,157,
s037634429,p02791,u993622994,1599861885,Python,Python (3.8.2),py,Time Limit Exceeded,2206,32228,162,
s129903933,p02791,u993622994,1599861410,Python,Python (3.8.2),py,Time Limit Exceeded,2206,32032,179,
s787136333,p02791,u338931519,1599859517,C++,C++ (GCC 9.2.1),cpp,Accepted,30,3956,486,
s222256660,p02791,u642384509,1599844794,C++,C++ (GCC 9.2.1),cpp,Accepted,58,4024,399,
s766985809,p02791,u125799132,1599841980,Python,Python (3.8.2),py,Accepted,104,31972,152,
s740454023,p02791,u764735554,1599830130,C++,C++ (GCC 9.2.1),cpp,Accepted,57,4044,321,
s672665254,p02791,u608178601,1599819442,Python,Python (3.8.2),py,Accepted,138,32192,179,
s214843311,p02791,u904331908,1599815201,Python,Python (3.8.2),py,Accepted,102,32376,159,
s313008637,p02791,u904331908,1599813982,Python,Python (3.8.2),py,Time Limit Exceeded,2206,32344,141,
s174012394,p02791,u904331908,1599813943,Python,Python (3.8.2),py,Runtime Error,22,9100,141,
s054054449,p02791,u793154675,1599813695,C++,C++ (GCC 9.2.1),cpp,Accepted,58,4760,296,
s244093387,p02791,u904331908,1599813249,Python,Python (3.8.2),py,Time Limit Exceeded,2206,32252,146,
s695026960,p02791,u904331908,1599813224,Python,Python (3.8.2),py,Runtime Error,29,8872,146,
s992771213,p02791,u713178565,1599805876,C++,C++ (GCC 9.2.1),cpp,Accepted,56,3584,373,
s920291577,p02791,u552502395,1599772145,Java,Java (OpenJDK 1.8.0),java,Accepted,459,50388,592,
s953355110,p02791,u309120194,1599771381,Python,Python (3.8.2),py,Accepted,152,32220,580,
s123571560,p02791,u560156780,1599765885,C++,C++ (GCC 9.2.1),cpp,Accepted,57,4344,390,
s293011730,p02791,u418149936,1599764559,Python,Python (3.8.2),py,Accepted,87,32244,168,
s198818622,p02791,u418149936,1599763676,Python,Python (3.8.2),py,Time Limit Exceeded,2206,32232,165,
s234440932,p02791,u418149936,1599763503,Python,Python (3.8.2),py,Time Limit Exceeded,2206,32380,257,
s654918981,p02791,u051174463,1599759673,Python,Python (3.8.2),py,Accepted,94,32240,149,
s429885337,p02791,u139614630,1599755684,Python,Python (3.8.2),py,Accepted,92,31636,668,
s916741355,p02791,u631852521,1599744438,C++,C++ (GCC 9.2.1),cpp,Accepted,30,5180,705,
s251259610,p02791,u773440446,1599740744,Python,Python (3.8.2),py,Accepted,97,32148,157,
s042631979,p02791,u773440446,1599740675,Python,Python (3.8.2),py,Wrong Answer,102,32268,160,
s431458955,p02791,u768199898,1599729217,Python,Python (3.8.2),py,Accepted,110,32292,163,
s292059743,p02791,u768199898,1599728508,Python,Python (3.8.2),py,Time Limit Exceeded,2206,32280,166,
s344000755,p02791,u768199898,1599728047,Python,Python (3.8.2),py,Time Limit Exceeded,2206,32168,205,
s737820217,p02791,u521919054,1599726616,Python,Python (3.8.2),py,Accepted,102,31948,179,
s473798177,p02791,u128666468,1599703396,C++,C++ (GCC 9.2.1),cpp,Accepted,32,4764,1650,
s391059702,p02791,u290461783,1599698047,Java,Java (OpenJDK 11.0.6),java,Accepted,237,55304,2423,
s693497188,p02791,u547969489,1599688787,C++,C++ (GCC 9.2.1),cpp,Wrong Answer,57,3636,285,
s167820498,p02791,u547969489,1599688054,C++,C++ (GCC 9.2.1),cpp,Wrong Answer,56,3972,305,
s694824959,p02791,u864785784,1599682482,C++,C++ (GCC 9.2.1),cpp,Accepted,57,4020,861,
s808642588,p02791,u864785784,1599680902,C++,C++ (GCC 9.2.1),cpp,Time Limit Exceeded,2205,4180,921,
s583931272,p02791,u624076058,1599678821,C++,C++ (GCC 9.2.1),cpp,Accepted,57,5188,556,
s046326158,p02791,u681436739,1599677129,C++,C++ (GCC 9.2.1),cpp,Accepted,34,6740,450,
s872880302,p02791,u966522561,1599662399,C++,C++ (GCC 9.2.1),cpp,Accepted,56,3620,519,
s406276616,p02791,u318661636,1599652841,C++,C++ (GCC 9.2.1),cpp,Accepted,59,4416,333,
s588469515,p02791,u754435899,1599646461,C++,C++ (GCC 9.2.1),cpp,Accepted,57,3632,259,
s453353064,p02791,u754435899,1599646406,C++,C++ (GCC 9.2.1),cpp,Accepted,54,3632,351,
s828242877,p02791,u862192359,1599644631,JavaScript,JavaScript (Node.js 12.16.1),js,Accepted,98,42992,524,
s592896640,p02791,u583294876,1599643220,Java,Java (OpenJDK 11.0.6),java,Accepted,496,61452,550,
s345374291,p02791,u583294876,1599642875,Java,Java (OpenJDK 11.0.6),java,Wrong Answer,512,61520,544,
s918151225,p02791,u583294876,1599642511,Java,Java (OpenJDK 11.0.6),java,Wrong Answer,2207,60460,522,
s072735890,p02791,u528258842,1599634460,C++,C++ (GCC 9.2.1),cpp,Accepted,57,3616,224,
s771484838,p02791,u528258842,1599627392,C++,C++ (GCC 9.2.1),cpp,Time Limit Exceeded,2205,4032,308,
s689372427,p02791,u528258842,1599627372,C++,C++ (GCC 9.2.1),cpp,Compile Error,,,308,
s311589102,p02791,u651409191,1599609433,C++,C++ (GCC 9.2.1),cpp,Accepted,57,3996,379,
s378008224,p02791,u651409191,1599609206,C++,C++ (GCC 9.2.1),cpp,Wrong Answer,56,4056,352,
s348540288,p02791,u651409191,1599609155,C++,C++ (GCC 9.2.1),cpp,Wrong Answer,58,3980,358,
s369170425,p02791,u514896542,1599594975,C++,C++ (GCC 9.2.1),cpp,Accepted,59,3972,441,
s296147780,p02791,u514896542,1599593952,C++,C++ (GCC 9.2.1),cpp,Wrong Answer,59,4052,409,
s162838181,p02791,u138026316,1599591790,Ruby,Ruby (2.7.1),rb,Accepted,121,27188,128,
s669790689,p02791,u705418271,1599589492,Python,Python (3.8.2),py,Accepted,98,32324,129,
s685995518,p02791,u330518333,1599585238,C++,C++ (GCC 9.2.1),cpp,Accepted,59,4840,1139,
s531249662,p02791,u330518333,1599585058,C++,C++ (GCC 9.2.1),cpp,Wrong Answer,59,4852,1135,
s919369170,p02791,u353919145,1599581974,C++,C++ (GCC 9.2.1),cpp,Accepted,40,4644,1037,
s345962577,p02791,u270097252,1599581961,C++,C++ (GCC 9.2.1),cpp,Accepted,38,4688,1037,
s969419363,p02791,u270097252,1599581912,C++,C++ (GCC 9.2.1),cpp,Runtime Error,114,4880,1036,
s883031341,p02791,u018679195,1599581885,C++,C++ (GCC 9.2.1),cpp,Runtime Error,290,4932,1036,
s923484616,p02791,u018679195,1599581841,C++,C++ (GCC 9.2.1),cpp,Runtime Error,108,4928,1036,
s517032785,p02791,u457601965,1599580609,Python,Python (3.8.2),py,Accepted,102,32360,140,
s519264706,p02791,u457601965,1599579554,Python,Python (3.8.2),py,Time Limit Exceeded,2206,51036,295,
s949701689,p02791,u457601965,1599579116,Python,Python (3.8.2),py,Time Limit Exceeded,2206,32396,338,
s065650388,p02791,u222376792,1599572982,C++,C++ (GCC 9.2.1),cpp,Accepted,32,4364,2063,
s240651421,p02791,u866820581,1599569149,C++,C++ (GCC 9.2.1),cpp,Accepted,61,3964,448,
s027807763,p02791,u912678856,1599567214,C++,C++ (GCC 9.2.1),cpp,Accepted,58,4064,433,
s276866162,p02791,u581946498,1599558573,C++,C++ (GCC 9.2.1),cpp,Accepted,29,4780,2043,
s778691648,p02791,u402717316,1599556718,C++,C++ (GCC 9.2.1),cpp,Accepted,59,4048,345,
s766290914,p02791,u207799478,1599551480,D,D (DMD 2.091.0),d,Accepted,49,12520,838,
s876334618,p02791,u915582296,1599543379,C++,C++ (GCC 9.2.1),cpp,Accepted,62,5116,739,
s589648304,p02791,u628285938,1599526184,Python,Python (3.8.2),py,Accepted,97,30940,239,
s440788183,p02791,u389188163,1599514771,Python,Python (3.8.2),py,Accepted,105,32340,170,
s468677130,p02791,u389188163,1599514695,Python,Python (3.8.2),py,Wrong Answer,106,32336,173,
s954754103,p02791,u188486233,1599510732,C++,C++ (GCC 9.2.1),cpp,Accepted,57,3960,412,
s990266114,p02791,u423778821,1599509155,C++,C++ (GCC 9.2.1),cpp,Accepted,33,3620,2056,
s373133398,p02791,u141511165,1599495689,C++,C++ (GCC 9.2.1),cpp,Accepted,58,4048,285,
s214687089,p02791,u151855078,1599495681,C++,C++ (GCC 9.2.1),cpp,Accepted,33,4400,498,
s332914032,p02791,u141511165,1599495571,C++,C++ (GCC 9.2.1),cpp,Time Limit Exceeded,2205,4160,406,
s805968459,p02791,u438053582,1599495305,C++,C++ (GCC 9.2.1),cpp,Accepted,62,4820,351,
s217028476,p02791,u141511165,1599495281,C++,C++ (GCC 9.2.1),cpp,Time Limit Exceeded,2205,4172,370,
s014036799,p02791,u104605386,1599494944,C++,C++ (GCC 9.2.1),cpp,Accepted,58,4048,356,
s350064070,p02791,u438053582,1599494667,C++,C++ (GCC 9.2.1),cpp,Time Limit Exceeded,2205,4112,409,
s368880707,p02791,u762603420,1599494574,C++,C++ (GCC 9.2.1),cpp,Accepted,57,3576,262,
s204122672,p02791,u762603420,1599494300,C++,C++ (GCC 9.2.1),cpp,Wrong Answer,65,4232,409,
s373118541,p02791,u762603420,1599493255,C++,C++ (GCC 9.2.1),cpp,Wrong Answer,56,4048,335,
s110743023,p02791,u242717212,1599490613,C++,C++ (GCC 9.2.1),cpp,Time Limit Exceeded,2205,4188,491,
s805483215,p02791,u700846375,1599481675,C++,C++ (GCC 9.2.1),cpp,Accepted,61,4416,263,
s321487623,p02791,u244434589,1599481045,Python,Python (3.8.2),py,Accepted,106,32360,147,
s888364552,p02791,u244434589,1599480373,Python,Python (3.8.2),py,Time Limit Exceeded,2206,32232,133,
s496699945,p02791,u330518333,1599477147,C++,C++ (GCC 9.2.1),cpp,Wrong Answer,56,4852,1109,
s981870459,p02791,u330518333,1599476807,C++,C++ (GCC 9.2.1),cpp,Wrong Answer,59,4836,1061,
s528507742,p02791,u796563423,1599468026,Python,Python (3.8.2),py,Accepted,106,32372,158,
s273375999,p02791,u809442046,1599456091,C++,C++ (GCC 9.2.1),cpp,Accepted,56,4244,303,
s886755641,p02791,u872271866,1599455378,Python,Python (3.8.2),py,Accepted,91,32284,272,
s681621245,p02791,u872271866,1599455121,Python,Python (3.8.2),py,Time Limit Exceeded,2206,32196,219,
s238727315,p02791,u089230684,1599438238,C++,C++ (GCC 9.2.1),cpp,Accepted,60,4824,366,
s575668920,p02791,u018679195,1599437907,C++,C++ (GCC 9.2.1),cpp,Accepted,60,4348,320,
s782935765,p02791,u275995683,1599429906,C++,C++ (GCC 9.2.1),cpp,Accepted,50,7180,1812,
s852622977,p02791,u389188163,1599429721,Python,Python (3.8.2),py,Time Limit Exceeded,2206,32260,146,
s426872676,p02791,u118147023,1599428416,C++,C++ (GCC 9.2.1),cpp,Accepted,56,3972,384,
s826867544,p02791,u118147023,1599427989,C++,C++ (GCC 9.2.1),cpp,Time Limit Exceeded,2205,4196,357,
s573975488,p02791,u118147023,1599427635,C++,C++ (GCC 9.2.1),cpp,Time Limit Exceeded,2205,4928,444,
s789707808,p02791,u972591645,1599419203,Python,Python (3.8.2),py,Accepted,88,32240,139,
s145909769,p02791,u427231601,1599409534,Python,Python (3.8.2),py,Accepted,127,32280,167,
s673079298,p02791,u737717496,1599404202,C++,C++ (GCC 9.2.1),cpp,Accepted,26,4356,450,
s567520553,p02791,u125799132,1599399582,Python,Python (3.8.2),py,Time Limit Exceeded,2206,32172,214,
s769004430,p02791,u556046719,1599397551,Ruby,Ruby (2.7.1),rb,Accepted,126,27280,142,
s503288333,p02791,u556046719,1599396551,Ruby,Ruby (2.7.1),rb,Wrong Answer,122,27212,125,
s623767715,p02791,u556046719,1599396310,Ruby,Ruby (2.7.1),rb,Time Limit Exceeded,2206,27332,208,
s739007396,p02791,u980205854,1599392430,Python,PyPy3 (7.3.0),py,Accepted,102,99944,156,
s556712798,p02791,u626337957,1599390717,Python,PyPy3 (7.3.0),py,Accepted,186,99824,194,
s747942502,p02791,u917678406,1599390248,C++,C++ (GCC 9.2.1),cpp,Accepted,57,3636,378,
s923237779,p02791,u344813796,1599387991,Python,Python (3.8.2),py,Accepted,131,32120,150,
s232485559,p02791,u344813796,1599387835,Python,Python (3.8.2),py,Time Limit Exceeded,2206,32256,142,
s595579517,p02791,u164181205,1599384929,C++,C++ (GCC 9.2.1),cpp,Accepted,55,4768,885,
s177137484,p02791,u159144188,1599383252,Python,Python (3.8.2),py,Accepted,104,32276,177,
s850143207,p02791,u743124029,1599380034,C++,C++ (GCC 9.2.1),cpp,Accepted,55,3604,644,
s245759126,p02791,u719183848,1599379891,C++,C++ (GCC 9.2.1),cpp,Accepted,27,3628,1010,
s069244293,p02791,u961358555,1599378076,C++,C++ (GCC 9.2.1),cpp,Accepted,52,3636,303,
s543000339,p02791,u752907799,1599354572,Java,Java (OpenJDK 11.0.6),java,Accepted,140,36316,2410,
s408686801,p02791,u752907799,1599354246,Java,Java (OpenJDK 11.0.6),java,Accepted,142,35660,2383,
s207752486,p02791,u752907799,1599354086,Java,Java (OpenJDK 11.0.6),java,Accepted,438,49616,2502,
s345359324,p02791,u839304082,1599328136,C++,C++ (GCC 9.2.1),cpp,Accepted,59,4364,277,
s876947926,p02791,u643679148,1599320377,Python,Python (3.8.2),py,Accepted,134,32272,251,
s129277803,p02791,u643679148,1599320142,Python,Python (3.8.2),py,Time Limit Exceeded,2206,32376,139,
s672115370,p02791,u201651098,1599319269,C++,C++ (GCC 9.2.1),cpp,Accepted,59,4408,407,
s701968171,p02791,u201651098,1599309757,C++,C++ (GCC 9.2.1),cpp,Time Limit Exceeded,2205,4188,397,
s084935850,p02791,u679112300,1599305666,C,C (GCC 9.2.1),c,Accepted,35,2512,180,
s630092214,p02791,u850390157,1599298920,Python,Python (3.8.2),py,Accepted,105,32284,175,
s050317528,p02791,u663360123,1599297488,C++,C++ (GCC 9.2.1),cpp,Accepted,57,4356,319,
s463162178,p02791,u285265363,1599290370,Python,Python (3.8.2),py,Accepted,134,32352,164,
s050903882,p02791,u897220832,1599267558,Python,PyPy3 (7.3.0),py,Accepted,109,99736,152,
s808070977,p02791,u897220832,1599267507,Python,PyPy3 (7.3.0),py,Wrong Answer,102,99984,156,
s058483577,p02791,u897220832,1599267319,Python,PyPy3 (7.3.0),py,Time Limit Exceeded,2213,232600,137,
s672113921,p02791,u897220832,1599267132,Python,PyPy3 (7.3.0),py,Time Limit Exceeded,2211,234024,161,
s302276565,p02791,u897220832,1599266616,Python,PyPy3 (7.3.0),py,Time Limit Exceeded,2211,233896,161,
s104050453,p02791,u897220832,1599266143,Python,PyPy3 (7.3.0),py,Time Limit Exceeded,2208,99512,245,
s705275436,p02791,u897220832,1599265960,Python,PyPy3 (7.3.0),py,Time Limit Exceeded,2208,99848,203,
s559720101,p02791,u897220832,1599265754,Python,PyPy3 (7.3.0),py,Time Limit Exceeded,2208,99900,236,
s928847054,p02791,u897220832,1599265501,Python,PyPy3 (7.3.0),py,Time Limit Exceeded,2208,100024,201,
s214427397,p02791,u018679195,1599263676,C++,C++ (GCC 9.2.1),cpp,Accepted,33,3796,295,
s795970901,p02791,u366204226,1599259215,C++,C++ (GCC 9.2.1),cpp,Accepted,29,3664,3297,
s379785054,p02791,u972398652,1599255143,C++,C++ (GCC 9.2.1),cpp,Accepted,36,6424,524,
s655629482,p02791,u972398652,1599254948,C++,C++ (GCC 9.2.1),cpp,Accepted,40,6452,602,
s248557913,p02791,u972398652,1599252997,C++,C++ (GCC 9.2.1),cpp,Time Limit Exceeded,2205,4916,602,
s534554313,p02791,u972398652,1599251945,C++,C++ (GCC 9.2.1),cpp,Wrong Answer,39,6440,498,
s185750379,p02791,u407267131,1599251663,Python,PyPy3 (7.3.0),py,Accepted,105,99700,150,
s362614353,p02791,u297203024,1599250582,C++,C++ (GCC 9.2.1),cpp,Accepted,60,3644,435,
s650962410,p02791,u166378830,1599249030,C++,C++ (GCC 9.2.1),cpp,Accepted,58,5180,356,
s903703124,p02791,u166378830,1599248960,C++,C++ (GCC 9.2.1),cpp,Wrong Answer,58,5176,367,
s028125353,p02791,u730594702,1599230707,C++,C++ (GCC 9.2.1),cpp,Accepted,57,4376,406,
s135018771,p02791,u883297128,1599223978,C++,C++ (GCC 9.2.1),cpp,Accepted,61,6424,375,
s492021626,p02791,u883297128,1599223711,C++,C++ (GCC 9.2.1),cpp,Runtime Error,107,3544,372,
s989632218,p02791,u883297128,1599223676,C++,C++ (GCC 9.2.1),cpp,Compile Error,,,372,
s388855680,p02791,u533350485,1599219923,C++,C++ (GCC 9.2.1),cpp,Accepted,55,5308,546,
s468224655,p02791,u506464494,1599219637,C++,C++ (GCC 9.2.1),cpp,Accepted,58,4796,5074,
s513117721,p02791,u995163736,1599212170,Python,Python (3.8.2),py,Accepted,107,32320,143,
s760668944,p02791,u335599768,1599209243,Python,Python (3.8.2),py,Accepted,89,32280,142,
s397319733,p02791,u698868214,1599207516,Python,Python (3.8.2),py,Accepted,106,32364,161,
s891619500,p02791,u533350485,1599191585,C++,C++ (GCC 9.2.1),cpp,Wrong Answer,57,5300,450,
s051010773,p02791,u089230684,1599186990,C++,C++ (GCC 9.2.1),cpp,Wrong Answer,55,3584,228,
s824646495,p02791,u018984506,1599170526,Python,Python (3.8.2),py,Accepted,137,33824,300,
s277108774,p02791,u089230684,1599168124,C++,C++ (GCC 9.2.1),cpp,Accepted,57,3572,194,
s211882181,p02791,u550374978,1599167723,C++,C++ (GCC 9.2.1),cpp,Accepted,56,4048,270,
s649766997,p02791,u816631826,1599167593,C++,C++ (GCC 9.2.1),cpp,Accepted,57,4428,237,
s273267215,p02791,u089230684,1599167536,C++,C++ (GCC 9.2.1),cpp,Wrong Answer,57,4392,237,
s499269314,p02791,u203491352,1599167217,C++,C++ (GCC 9.2.1),cpp,Accepted,59,3580,327,
s815237559,p02791,u776311944,1599164749,Python,PyPy3 (7.3.0),py,Time Limit Exceeded,2213,232368,146,
s729200994,p02791,u203491352,1599164744,C++,C++ (GCC 9.2.1),cpp,Time Limit Exceeded,2205,4200,477,
s656804135,p02791,u863370423,1599164699,C++,C++ (GCC 9.2.1),cpp,Time Limit Exceeded,2205,4412,388,
s974781090,p02791,u776311944,1599164604,Python,Python (3.8.2),py,Time Limit Exceeded,2206,32308,146,
s673639024,p02791,u355853184,1599163436,Python,PyPy3 (7.3.0),py,Accepted,108,92376,184,
s067342398,p02791,u816631826,1599163293,C++,C++ (GCC 9.2.1),cpp,Time Limit Exceeded,2205,4348,366,
s191879071,p02791,u863370423,1599162488,C++,C++ (GCC 9.2.1),cpp,Wrong Answer,58,4388,351,
s591594287,p02791,u628158841,1599160285,C++,C++ (GCC 9.2.1),cpp,Accepted,56,4332,359,
s529924217,p02791,u863370423,1599160201,C,C (GCC 9.2.1),c,Accepted,36,2500,313,
s796988734,p02791,u628158841,1599158539,C++,C++ (GCC 9.2.1),cpp,Time Limit Exceeded,2205,4128,458,
s488300971,p02791,u628158841,1599158047,C++,C++ (GCC 9.2.1),cpp,Time Limit Exceeded,2205,4100,458,
s874971980,p02791,u891687930,1599150430,Python,Python (3.8.2),py,Accepted,109,32280,163,
s498922544,p02791,u936877713,1599142504,C++,C++ (GCC 9.2.1),cpp,Accepted,58,4848,462,
s489108369,p02791,u242706056,1599141455,C++,C++ (GCC 9.2.1),cpp,Accepted,55,3632,309,
s876263754,p02791,u353919145,1599135088,C++,C++ (GCC 9.2.1),cpp,Accepted,58,5196,360,
s977997199,p02791,u107750531,1599133395,C++,C++ (GCC 9.2.1),cpp,Accepted,38,4608,690,
s017411542,p02791,u018679195,1599128985,C++,C++ (GCC 9.2.1),cpp,Wrong Answer,58,5116,259,
s926534551,p02791,u415713834,1599122419,C++,C++ (GCC 9.2.1),cpp,Accepted,34,2504,341,
s188263129,p02791,u089230684,1599099131,C++,C++ (GCC 9.2.1),cpp,Accepted,30,5192,1278,
s164528918,p02791,u089230684,1599098385,C++,C++ (GCC 9.2.1),cpp,Accepted,58,5148,361,
s089503125,p02791,u353919145,1599090898,C++,C++ (GCC 9.2.1),cpp,Accepted,58,5196,329,
s879737301,p02791,u452310402,1599088347,C++,C++ (GCC 9.2.1),cpp,Wrong Answer,33,5216,1061,
s852463393,p02791,u696684809,1599088035,Python,Python (3.8.2),py,Accepted,152,32380,194,
s360326630,p02791,u838152098,1599085085,C++,C++ (GCC 9.2.1),cpp,Accepted,57,3584,345,
s068252989,p02791,u328530240,1599082313,C++,C++ (GCC 9.2.1),cpp,Accepted,56,3964,293,
s018315380,p02791,u420483676,1599081318,C++,C++ (GCC 9.2.1),cpp,Accepted,60,4844,517,
s160551345,p02791,u437633151,1599079599,C++,C++ (GCC 9.2.1),cpp,Accepted,57,4008,453,
s441904771,p02791,u437633151,1599079582,C++,C++ (GCC 9.2.1),cpp,Compile Error,,,453,
s700544972,p02791,u437633151,1599079548,C++,C++ (GCC 9.2.1),cpp,Compile Error,,,453,
s983760026,p02791,u018679195,1599079181,C++,C++ (GCC 9.2.1),cpp,Accepted,30,3652,322,
s192437360,p02791,u752774573,1599077809,Python,PyPy3 (7.3.0),py,Accepted,104,99848,122,
s534605929,p02791,u309120194,1599077584,Python,Python (3.8.2),py,Accepted,159,32336,604,
s741477102,p02791,u999669186,1599077503,C++,C++ (GCC 9.2.1),cpp,Accepted,31,3640,551,
s230358525,p02791,u954153335,1599069757,Python,Python (3.8.2),py,Accepted,119,32300,138,
s218836405,p02791,u309120194,1599068194,Python,Python (3.8.2),py,Accepted,160,32204,242,
s167292610,p02791,u309120194,1599067456,Python,Python (3.8.2),py,Wrong Answer,164,32292,225,
s545014622,p02791,u309120194,1599066461,Python,Python (3.8.2),py,Time Limit Exceeded,2206,32188,260,
s094718641,p02791,u776311944,1599064110,Python,Python (3.8.2),py,Time Limit Exceeded,2206,32256,248,
s535930830,p02791,u089230684,1599059737,C++,C++ (GCC 9.2.1),cpp,Accepted,33,4788,2930,
s163378610,p02791,u816631826,1599053289,C,C (GCC 9.2.1),c,Accepted,36,2460,289,
s828420934,p02791,u018679195,1599047856,C,C (GCC 9.2.1),c,Time Limit Exceeded,2205,2428,283,
s666900175,p02791,u089230684,1599045478,C++,C++ (GCC 9.2.1),cpp,Accepted,30,4444,2245,
s851513672,p02791,u456579619,1599044303,Python,Python (3.8.2),py,Accepted,109,32008,147,
s368834524,p02791,u456579619,1599044170,Python,Python (3.8.2),py,Time Limit Exceeded,2206,32376,134,
s476245056,p02791,u249335194,1599040404,Python,Python (3.8.2),py,Accepted,103,32348,174,
s243430509,p02791,u018679195,1598998871,C++,C++ (GCC 9.2.1),cpp,Accepted,31,3996,859,
s493175756,p02791,u238504302,1598992774,Python,Python (3.8.2),py,Accepted,93,32132,141,
s446567853,p02791,u995732479,1598990976,C++,C++ (GCC 9.2.1),cpp,Accepted,58,4028,293,
s687776869,p02791,u353919145,1598989589,C++,C++ (GCC 9.2.1),cpp,Accepted,56,3508,534,
s368692806,p02791,u838152098,1598988682,C++,C++ (GCC 9.2.1),cpp,Wrong Answer,61,4332,350,
s960226603,p02791,u396472025,1598985027,Scala,Scala (2.13.1),scala,Accepted,901,60152,425,
s174095320,p02791,u823083725,1598984372,C++,C++ (GCC 9.2.1),cpp,Accepted,57,3532,262,
s892162240,p02791,u863370423,1598984264,C,C (GCC 9.2.1),c,Wrong Answer,34,2464,306,
s846488615,p02791,u089230684,1598984122,C,C (GCC 9.2.1),c,Wrong Answer,37,2464,250,
s033925742,p02791,u850087201,1598983435,Python,Python (3.8.2),py,Accepted,340,51248,207,
s159052870,p02791,u850087201,1598983228,Python,PyPy3 (7.3.0),py,Time Limit Exceeded,2208,99360,164,
s052574140,p02791,u604531599,1598981925,C++,C++ (GCC 9.2.1),cpp,Accepted,33,5180,1050,
s727561186,p02791,u583507988,1598980657,Python,PyPy3 (7.3.0),py,Accepted,106,99644,134,
s957704334,p02791,u583507988,1598980491,Python,PyPy3 (7.3.0),py,Time Limit Exceeded,2209,99328,150,
s360906601,p02791,u850165979,1598978546,C++,C++ (GCC 9.2.1),cpp,Accepted,60,4836,350,
s767709610,p02791,u200965229,1598976416,Java,Java (OpenJDK 11.0.6),java,Accepted,532,60428,400,
s495818408,p02791,u906769651,1598964385,Python,Python (3.8.2),py,Accepted,130,32304,189,
s185271593,p02791,u128142444,1598962825,C++,C++ (GCC 9.2.1),cpp,Accepted,26,3624,1761,
s581074011,p02791,u699153934,1598962671,C++,C++ (GCC 9.2.1),cpp,Accepted,29,5188,1413,
s650710441,p02791,u726258156,1598952808,C++,C++ (GCC 9.2.1),cpp,Accepted,59,5160,787,
s612882118,p02791,u510331904,1598951951,Python,PyPy3 (7.3.0),py,Accepted,106,100060,357,
s109340656,p02791,u510331904,1598951683,Python,PyPy3 (7.3.0),py,Time Limit Exceeded,2211,231932,303,
s398923350,p02791,u261103969,1598919969,Python,PyPy3 (7.3.0),py,Accepted,101,100020,351,
s504037265,p02791,u629709614,1598906214,Python,Python (3.8.2),py,Accepted,108,32196,159,
s486887250,p02791,u629709614,1598906178,Python,Python (3.8.2),py,Runtime Error,68,32360,159,
s815058732,p02791,u629709614,1598906093,Python,Python (3.8.2),py,Wrong Answer,104,32380,139,
s034024304,p02791,u424661377,1598905664,C++,C++ (GCC 9.2.1),cpp,Accepted,57,3556,403,
s905874571,p02791,u629709614,1598905475,Python,Python (3.8.2),py,Wrong Answer,82,24360,144,
s819344170,p02791,u629709614,1598905416,Python,Python (3.8.2),py,Wrong Answer,82,24444,143,
s672109924,p02791,u629709614,1598905368,Python,Python (3.8.2),py,Wrong Answer,82,24348,143,
s646010459,p02791,u424661377,1598905325,C++,C++ (GCC 9.2.1),cpp,Time Limit Exceeded,2205,4956,482,
s869501061,p02791,u629709614,1598905190,Python,Python (3.8.2),py,Wrong Answer,137,24300,153,
s322986209,p02791,u623795506,1598904764,Rust,Rust (1.42.0),rs,Accepted,23,4724,295,
s139979173,p02791,u424661377,1598903907,C++,C++ (GCC 9.2.1),cpp,Time Limit Exceeded,2205,4976,452,
s935221371,p02791,u665581783,1598903199,C++,C++ (GCC 9.2.1),cpp,Accepted,53,3604,324,
s570442466,p02791,u665581783,1598902941,C++,C++ (GCC 9.2.1),cpp,Wrong Answer,58,3656,266,
s968151991,p02791,u627691992,1598902085,Python,Python (3.8.2),py,Accepted,130,32292,170,
s265127576,p02791,u627691992,1598901849,Python,Python (3.8.2),py,Time Limit Exceeded,2206,32300,139,
s005770627,p02791,u038135836,1598900629,C++,C++ (GCC 9.2.1),cpp,Accepted,57,4364,300,
s872040454,p02791,u038135836,1598900150,C++,C++ (GCC 9.2.1),cpp,Wrong Answer,55,4404,279,
s540113466,p02791,u038135836,1598899877,C++,C++ (GCC 9.2.1),cpp,Time Limit Exceeded,2205,4156,322,
s876885676,p02791,u089230684,1598893869,C,C (GCC 9.2.1),c,Accepted,37,2508,300,
s518108399,p02791,u419741873,1598893272,C++,C++ (GCC 9.2.1),cpp,Accepted,32,4760,991,
s465070960,p02791,u903160447,1598885627,C++,C++ (GCC 9.2.1),cpp,Time Limit Exceeded,2205,4328,348,
s801181551,p02791,u903160447,1598885457,C++,C++ (GCC 9.2.1),cpp,Wrong Answer,58,4400,331,
s533397082,p02791,u089230684,1598882540,C,C (GCC 9.2.1),c,Accepted,35,2508,333,
s327975941,p02791,u089230684,1598882398,C,C (GCC 9.2.1),c,Runtime Error,108,1656,335,
s390526836,p02791,u863370423,1598881995,C,C (GCC 9.2.1),c,Runtime Error,108,1652,324,
s682481332,p02791,u089230684,1598881889,C,C (GCC 9.2.1),c,Compile Error,,,323,
s922448484,p02791,u089230684,1598881803,C,C (GCC 9.2.1),c,Runtime Error,107,1696,325,
s716581635,p02791,u065137691,1598881688,Python,PyPy3 (7.3.0),py,Accepted,105,99952,167,
s542029819,p02791,u089230684,1598881532,C,C (GCC 9.2.1),c,Runtime Error,108,1692,334,
s826749849,p02791,u065137691,1598881481,Python,PyPy3 (7.3.0),py,Wrong Answer,105,100008,179,
s272211067,p02791,u089230684,1598881416,C,C (GCC 9.2.1),c,Runtime Error,279,1628,334,
s839693968,p02791,u065137691,1598881332,Python,PyPy3 (7.3.0),py,Wrong Answer,149,99840,165,
s276709832,p02791,u863370423,1598880958,C,C (GCC 9.2.1),c,Runtime Error,109,1736,334,
s387800403,p02791,u863370423,1598880116,C,C (GCC 9.2.1),c,Accepted,34,2500,330,
s004774555,p02791,u470507123,1598878792,C++,C++ (GCC 9.2.1),cpp,Accepted,59,5164,237,
s364481344,p02791,u823083725,1598874040,C++,C++ (GCC 9.2.1),cpp,Wrong Answer,53,3632,257,
s831909245,p02791,u018679195,1598868184,C++,C++ (GCC 9.2.1),cpp,Time Limit Exceeded,2205,4420,502,
s427839856,p02791,u838276016,1598858582,C++,C++ (GCC 9.2.1),cpp,Accepted,57,4048,477,
s935806623,p02791,u732854336,1598856939,C++,C++ (GCC 9.2.1),cpp,Accepted,57,4048,309,
s104056818,p02791,u353919145,1598847561,C++,C++ (GCC 9.2.1),cpp,Wrong Answer,59,5368,331,
s252469413,p02791,u800058906,1598845817,Python,Python (3.8.2),py,Accepted,94,32376,116,
s730099249,p02791,u089230684,1598839508,C++,C++ (GCC 9.2.1),cpp,Accepted,32,4396,2065,
s556225160,p02791,u353919145,1598838373,C++,C++ (GCC 9.2.1),cpp,Wrong Answer,28,4364,2023,
s982608983,p02791,u353919145,1598838120,C++,C++ (GCC 9.2.1),cpp,Wrong Answer,32,4400,2022,
s097822120,p02791,u682672120,1598831278,Python,PyPy3 (7.3.0),py,Accepted,107,99888,164,
s844686559,p02791,u496009935,1598826884,Python,Python (3.8.2),py,Accepted,103,32264,136,
s888247041,p02791,u496009935,1598826551,Python,Python (3.8.2),py,Time Limit Exceeded,2206,32240,135,
s125746559,p02791,u496009935,1598826280,Python,Python (3.8.2),py,Time Limit Exceeded,2206,32296,166,
s823001108,p02791,u816631826,1598823652,C,C (GCC 9.2.1),c,Accepted,36,2508,292,
s762709939,p02791,u072717685,1598821144,Python,Python (3.8.2),py,Accepted,167,48008,283,
s035297489,p02791,u072717685,1598820897,Python,Python (3.8.2),py,Accepted,171,50372,277,
s209434957,p02791,u072717685,1598819879,Python,Python (3.8.2),py,Accepted,565,50536,313,
s759469031,p02791,u072717685,1598819838,Python,PyPy3 (7.3.0),py,Runtime Error,97,74780,313,
s684057180,p02791,u999503965,1598818069,Python,Python (3.8.2),py,Accepted,130,32220,138,
s051614802,p02791,u999503965,1598817840,Python,Python (3.8.2),py,Time Limit Exceeded,2206,32372,132,
s417302971,p02791,u999503965,1598817332,Python,Python (3.8.2),py,Wrong Answer,107,32140,131,
s302526406,p02791,u072717685,1598816203,Python,PyPy3 (7.3.0),py,Accepted,116,102948,288,
s056016571,p02791,u072717685,1598815745,Python,PyPy3 (7.3.0),py,Time Limit Exceeded,2211,234532,238,
s874870999,p02791,u960342439,1598814386,C++,C++ (GCC 9.2.1),cpp,Accepted,118,14584,9823,
s486557091,p02791,u089925107,1598810695,Python,Python (3.8.2),py,Accepted,88,24180,144,
s229395722,p02791,u367990030,1598809994,Nim,Nim (1.0.6),nim,Accepted,49,8796,1816,
s532880129,p02791,u570601094,1598807942,C++,C++ (GCC 9.2.1),cpp,Accepted,60,3988,644,
s877650606,p02791,u246401133,1598806621,Python,Python (3.8.2),py,Accepted,137,32240,150,
s895652218,p02791,u132602393,1598806280,C++,C++ (GCC 9.2.1),cpp,Accepted,30,3664,3383,
s394947672,p02791,u280966279,1598794072,C++,C++ (GCC 9.2.1),cpp,Time Limit Exceeded,2205,4172,377,
s135045750,p02791,u863370423,1598793924,C++,C++ (GCC 9.2.1),cpp,Accepted,29,5220,707,
s282522825,p02791,u353919145,1598793778,C++,C++ (GCC 9.2.1),cpp,Accepted,33,5216,1051,
s425883930,p02791,u863370423,1598791945,C++,C++ (GCC 9.2.1),cpp,Wrong Answer,30,5148,888,
s744832520,p02791,u863370423,1598791937,C++,C++ (GCC 9.2.1),cpp,Wrong Answer,33,5164,577,
s433650117,p02791,u821625519,1598790979,C++,C++ (GCC 9.2.1),cpp,Accepted,58,4336,335,
s865476060,p02791,u166378830,1598788338,C++,C++ (GCC 9.2.1),cpp,Accepted,58,5240,365,
s401486794,p02791,u863370423,1598753623,C++,C++ (GCC 9.2.1),cpp,Accepted,58,3596,243,
s585647967,p02791,u816631826,1598753394,C++,C++ (GCC 9.2.1),cpp,Wrong Answer,58,4320,316,
s657470511,p02791,u816631826,1598753358,C++,C++ (GCC 9.2.1),cpp,Wrong Answer,56,4232,318,
s813203720,p02791,u816631826,1598752144,C++,C++ (GCC 9.2.1),cpp,Wrong Answer,64,4312,295,
s896943010,p02791,u018679195,1598751874,C++,C++ (GCC 9.2.1),cpp,Wrong Answer,56,4380,261,
s802245599,p02791,u089230684,1598751498,C++,C++ (GCC 9.2.1),cpp,Wrong Answer,58,4404,260,
s906323763,p02791,u089230684,1598735841,C++,C++ (GCC 9.2.1),cpp,Wrong Answer,2205,4820,623,
s324170024,p02791,u863370423,1598734578,C++,C++ (GCC 9.2.1),cpp,Wrong Answer,2205,4896,544,
s272008886,p02791,u353919145,1598733957,C,C (GCC 9.2.1),c,Time Limit Exceeded,2205,2512,643,
s279925595,p02791,u089230684,1598733224,C,C (GCC 9.2.1),c,Time Limit Exceeded,2205,3256,444,
s886410318,p02791,u353919145,1598732985,C++,C++ (GCC 9.2.1),cpp,Time Limit Exceeded,2205,2476,430,
s431921114,p02791,u816631826,1598731413,C,C (Clang 10.0.0),c,Time Limit Exceeded,2205,2936,430,
s061888184,p02791,u863370423,1598731352,C,C (Clang 10.0.0),c,Compile Error,,,418,
s726887835,p02791,u816631826,1598731169,C,C (GCC 9.2.1),c,Time Limit Exceeded,2205,2492,418,
s934399244,p02791,u306412379,1598726593,Python,Python (3.8.2),py,Accepted,109,32248,149,
s374789896,p02791,u306412379,1598726299,Python,Python (3.8.2),py,Time Limit Exceeded,2206,32288,136,
s385863820,p02791,u353919145,1598723552,C++,C++ (GCC 9.2.1),cpp,Accepted,59,3528,460,
s424188622,p02791,u089230684,1598723281,C++,C++ (GCC 9.2.1),cpp,Wrong Answer,58,5168,543,
s247873873,p02791,u089230684,1598723237,C++,C++ (GCC 9.2.1),cpp,Wrong Answer,57,5136,624,
s459230894,p02791,u804049891,1598722167,C++,C++ (GCC 9.2.1),cpp,Accepted,55,4020,422,
s678006063,p02791,u804049891,1598721609,C++,C++ (GCC 9.2.1),cpp,Time Limit Exceeded,2205,4272,460,
s192814367,p02791,u863370423,1598718061,C++,C++ (GCC 9.2.1),cpp,Wrong Answer,59,5140,516,
s488168701,p02791,u863370423,1598717856,C++,C++ (GCC 9.2.1),cpp,Wrong Answer,58,5136,494,
s814559130,p02791,u359358631,1598716314,Python,PyPy3 (7.3.0),py,Time Limit Exceeded,2211,231988,234,
s505659576,p02791,u359358631,1598716031,Python,PyPy3 (7.3.0),py,Accepted,105,99968,274,
s326826376,p02791,u359358631,1598715864,Python,PyPy3 (7.3.0),py,Accepted,112,99928,273,
s615492218,p02791,u025469035,1598709933,C++,C++ (GCC 9.2.1),cpp,Accepted,61,4824,495,
s443288437,p02791,u025469035,1598709563,C++,C++ (GCC 9.2.1),cpp,Accepted,59,4836,527,
s422991413,p02791,u539367121,1598709279,Python,Python (3.8.2),py,Accepted,134,32232,136,
s171119532,p02791,u711997425,1598704567,C++,C++ (GCC 9.2.1),cpp,Accepted,55,4028,820,
s450910645,p02791,u058106405,1598702378,C++,C++ (GCC 9.2.1),cpp,Accepted,61,4840,348,
s920089975,p02791,u058106405,1598701245,C++,C++ (GCC 9.2.1),cpp,Time Limit Exceeded,2205,4824,462,
s342063284,p02791,u058106405,1598701199,C++,C++ (GCC 9.2.1),cpp,Wrong Answer,59,4832,434,
s207037593,p02791,u058106405,1598701148,C++,C++ (GCC 9.2.1),cpp,Time Limit Exceeded,2205,4872,419,
s125844862,p02791,u911575040,1598700350,Python,Python (3.8.2),py,Accepted,118,32388,135,
s827269765,p02791,u114143339,1598688186,C++,C++ (GCC 9.2.1),cpp,Accepted,57,3592,315,
s354490499,p02791,u321074777,1598684327,C++,C++ (GCC 9.2.1),cpp,Accepted,32,4744,3474,
s872392562,p02791,u018679195,1598664597,C,C (Clang 10.0.0),c,Accepted,32,2848,185,
s955605557,p02791,u734195782,1598660663,Python,Python (3.8.2),py,Accepted,107,32244,151,
s801444486,p02791,u946202974,1598656328,Haskell,Haskell (GHC 8.8.3),hs,Accepted,395,64232,197,
s953935264,p02791,u464823755,1598654471,Python,Python (3.8.2),py,Accepted,101,32280,142,
s781495181,p02791,u072293789,1598647870,C++,C++ (GCC 9.2.1),cpp,Accepted,59,4804,314,
s411776278,p02791,u072293789,1598647801,C++,C++ (GCC 9.2.1),cpp,Wrong Answer,58,4772,313,
s462652246,p02791,u509516894,1598644897,C++,C++ (GCC 9.2.1),cpp,Accepted,31,3660,344,
s885347960,p02791,u961825887,1598644088,C++,C++ (GCC 9.2.1),cpp,Accepted,27,5144,694,
s771226535,p02791,u089230684,1598638164,C++,C++ (GCC 9.2.1),cpp,Accepted,57,5136,414,
s752867313,p02791,u397731446,1598635471,C++,C++ (GCC 9.2.1),cpp,Accepted,60,4032,402,
s474251072,p02791,u089230684,1598635123,C++,C++ (GCC 9.2.1),cpp,Accepted,60,5344,378,
s843556623,p02791,u353919145,1598631939,C++,C++ (GCC 9.2.1),cpp,Wrong Answer,21,3792,270,
s815018607,p02791,u089230684,1598631699,C,C (GCC 9.2.1),c,Accepted,35,3272,330,
s603575969,p02791,u863370423,1598631536,C++,C++ (GCC 9.2.1),cpp,Wrong Answer,20,3804,271,
s476239451,p02791,u018679195,1598629115,C++,C++ (Clang 10.0.0),cpp,Accepted,115,3940,302,
s004369456,p02791,u089230684,1598628440,C,C (GCC 9.2.1),c,Accepted,35,1732,265,
s897777407,p02791,u353919145,1598627075,C++,C++ (Clang 10.0.0),cpp,Wrong Answer,116,3936,255,
s032884290,p02791,u353919145,1598626988,C++,C++ (Clang 10.0.0),cpp,Wrong Answer,117,3928,254,
s359114466,p02791,u317148714,1598622314,C++,C++ (GCC 9.2.1),cpp,Accepted,31,3648,1883,
s419369240,p02791,u317148714,1598622051,C++,C++ (GCC 9.2.1),cpp,Wrong Answer,56,5104,295,
s281706484,p02791,u089230684,1598617895,C,C (GCC 9.2.1),c,Wrong Answer,34,3284,300,
s966003151,p02791,u816631826,1598617558,C,C (GCC 9.2.1),c,Wrong Answer,35,3288,298,
s761915907,p02791,u400619080,1598613911,C++,C++ (GCC 9.2.1),cpp,Accepted,27,3668,1637,
s875210951,p02791,u816631826,1598613889,C++,C++ (GCC 9.2.1),cpp,Accepted,32,3648,1637,
s030536210,p02791,u905397956,1598608800,C#,C# (.NET Core 3.1.201),cs,Accepted,114,42124,756,
s160809427,p02791,u825186577,1598602303,C++,C++ (Clang 10.0.0),cpp,Accepted,121,3188,297,
s424108706,p02791,u278032600,1598581247,C++,C++ (GCC 9.2.1),cpp,Time Limit Exceeded,2205,4044,917,
s430732528,p02791,u816631826,1598579685,C++,C++ (GCC 9.2.1),cpp,Time Limit Exceeded,2205,5260,421,
s320943793,p02791,u816631826,1598579017,C++,C++ (GCC 9.2.1),cpp,Wrong Answer,59,5368,348,
s189312751,p02791,u018679195,1598578949,C++,C++ (GCC 9.2.1),cpp,Wrong Answer,57,5368,347,
s222006339,p02791,u816631826,1598578442,C++,C++ (GCC 9.2.1),cpp,Accepted,31,4392,530,
s759089985,p02791,u497876712,1598576690,C++,C++ (GCC 9.2.1),cpp,Accepted,29,3624,853,
s718682589,p02791,u795928154,1598575756,C++,C++ (GCC 9.2.1),cpp,Accepted,60,4780,484,
s298770463,p02791,u430394202,1598568352,C++,C++ (GCC 9.2.1),cpp,Accepted,58,4020,286,
s424979854,p02791,u430394202,1598568302,C++,C++ (GCC 9.2.1),cpp,Compile Error,,,283,
s138516648,p02791,u968404618,1598566291,Python,Python (3.8.2),py,Accepted,96,32292,148,
s133434422,p02791,u863370423,1598564401,C++,C++ (GCC 9.2.1),cpp,Accepted,32,4432,683,
s605002329,p02791,u654191866,1598564253,C++,C++ (GCC 9.2.1),cpp,Accepted,29,5064,484,
s834320269,p02791,u863370423,1598563620,C++,C++ (GCC 9.2.1),cpp,Accepted,62,5200,353,
s597780138,p02791,u733391043,1598562232,C++,C++ (GCC 9.2.1),cpp,Accepted,59,4032,556,
s853253152,p02791,u089230684,1598561893,C++,C++ (GCC 9.2.1),cpp,Accepted,57,3640,782,
s291427885,p02791,u816631826,1598561887,C++,C++ (GCC 9.2.1),cpp,Accepted,32,3788,1242,
s361928923,p02791,u655048024,1598561878,Python,Python (3.8.2),py,Accepted,104,32336,139,
s705575368,p02791,u655048024,1598561690,Python,Python (3.8.2),py,Wrong Answer,104,32356,140,
s899419989,p02791,u655048024,1598561662,Python,Python (3.8.2),py,Runtime Error,70,32328,139,
s670665805,p02791,u654191866,1598561533,C++,C++ (GCC 9.2.1),cpp,Accepted,31,5188,490,
s494808707,p02791,u863370423,1598561291,C++,C++ (GCC 9.2.1),cpp,Wrong Answer,34,5336,1297,
s841840788,p02791,u353919145,1598560657,C++,C++ (GCC 9.2.1),cpp,Wrong Answer,59,5260,805,
s067789401,p02791,u089230684,1598559046,Python,Python (3.8.2),py,Accepted,116,32280,143,
s609376667,p02791,u353919145,1598558716,C++,C++ (GCC 9.2.1),cpp,Accepted,55,5068,303,
s123282999,p02791,u863370423,1598558381,C++,C++ (GCC 9.2.1),cpp,Accepted,36,3820,295,
s320158608,p02791,u018679195,1598558194,C++,C++ (GCC 9.2.1),cpp,Wrong Answer,58,5356,806,
s154956762,p02791,u863370423,1598558112,C++,C++ (GCC 9.2.1),cpp,Wrong Answer,60,3616,756,
s533316367,p02791,u018679195,1598558062,C++,C++ (GCC 9.2.1),cpp,Wrong Answer,58,3628,755,
s225941164,p02791,u089230684,1598557723,C++,C++ (GCC 9.2.1),cpp,Wrong Answer,62,5352,805,
s123919935,p02791,u816631826,1598557711,C++,C++ (GCC 9.2.1),cpp,Wrong Answer,61,5268,805,
s521369372,p02791,u089230684,1598557590,C++,C++ (GCC 9.2.1),cpp,Runtime Error,126,4036,794,
s401475185,p02791,u089230684,1598550391,C++,C++ (GCC 9.2.1),cpp,Wrong Answer,23,3820,262,
s292865320,p02791,u089230684,1598550199,C++,C++ (GCC 9.2.1),cpp,Accepted,33,5388,326,
s384325962,p02791,u353919145,1598549472,C++,C++ (GCC 9.2.1),cpp,Time Limit Exceeded,2205,4956,326,
s997945902,p02791,u018679195,1598549286,C++,C++ (GCC 9.2.1),cpp,Time Limit Exceeded,2205,4868,300,
s825902866,p02791,u874320250,1598545714,Python,PyPy3 (7.3.0),py,Accepted,107,99800,159,
s972925942,p02791,u816631826,1598542251,C++,C++ (GCC 9.2.1),cpp,Accepted,57,4412,339,
s494090046,p02791,u353919145,1598539628,C++,C++ (GCC 9.2.1),cpp,Accepted,61,4408,277,
s315195775,p02791,u089230684,1598538729,C++,C++ (GCC 9.2.1),cpp,Wrong Answer,32,4348,637,
s719449199,p02791,u353919145,1598537735,C++,C++ (GCC 9.2.1),cpp,Accepted,56,3620,505,
s390593042,p02791,u816631826,1598537613,C++,C++ (GCC 9.2.1),cpp,Wrong Answer,6,3640,503,
s091830817,p02791,u353919145,1598536970,C++,C++ (GCC 9.2.1),cpp,Time Limit Exceeded,2205,5208,632,
s139050983,p02791,u089230684,1598536646,C++,C++ (GCC 9.2.1),cpp,Wrong Answer,59,5220,303,
s287135887,p02791,u353919145,1598535730,C++,C++ (GCC 9.2.1),cpp,Accepted,57,4388,306,
s164158634,p02791,u089230684,1598535152,C++,C++ (GCC 9.2.1),cpp,Wrong Answer,57,4376,304,
s421843720,p02791,u353919145,1598534617,C++,C++ (Clang 10.0.0),cpp,Accepted,181,3940,323,
s547544201,p02791,u089230684,1598534330,C,C (GCC 9.2.1),c,Accepted,35,2512,298,
s960477107,p02791,u816631826,1598534221,C++,C++ (GCC 9.2.1),cpp,Accepted,32,4348,325,
s746739303,p02791,u018679195,1598534107,C++,C++ (GCC 9.2.1),cpp,Wrong Answer,31,4200,330,
s696997383,p02791,u353919145,1598533248,C++,C++ (Clang 10.0.0),cpp,Time Limit Exceeded,2205,3944,485,
s339108240,p02791,u816631826,1598532926,C,C (GCC 9.2.1),c,Accepted,35,2504,275,
s422473632,p02791,u353919145,1598532498,C++,C++ (GCC 9.2.1),cpp,Time Limit Exceeded,2205,4340,472,
s749298576,p02791,u816631826,1598531923,C++,C++ (GCC 9.2.1),cpp,Wrong Answer,56,4404,264,
s805970085,p02791,u018679195,1598530735,C++,C++ (GCC 9.2.1),cpp,Accepted,58,5180,330,
s304234174,p02791,u353919145,1598530685,C++,C++ (GCC 9.2.1),cpp,Time Limit Exceeded,2208,4844,349,
s569458840,p02791,u863370423,1598530447,C++,C++ (GCC 9.2.1),cpp,Accepted,57,4416,249,
s286128568,p02791,u089230684,1598529674,C++,C++ (GCC 9.2.1),cpp,Wrong Answer,57,4404,227,
s571614963,p02791,u353919145,1598529170,C++,C++ (GCC 9.2.1),cpp,Accepted,57,5180,331,
s622358337,p02791,u089230684,1598527933,C++,C++ (GCC 9.2.1),cpp,Accepted,58,5032,347,
s530320556,p02791,u863370423,1598527336,C++,C++ (GCC 9.2.1),cpp,Wrong Answer,58,5128,264,
s897711114,p02791,u220781834,1598523770,C++,C++ (GCC 9.2.1),cpp,Accepted,58,3992,394,
s630355750,p02791,u816631826,1598516356,C++,C++ (GCC 9.2.1),cpp,Wrong Answer,57,4416,316,
s326663458,p02791,u353548710,1598507792,Python,Python (3.8.2),py,Accepted,140,32208,191,
s843177256,p02791,u863370423,1598501120,C,C (GCC 9.2.1),c,Wrong Answer,32,3288,288,
s536513067,p02791,u353919145,1598500271,C,C (GCC 9.2.1),c,Wrong Answer,31,2512,272,
s164699760,p02791,u897220832,1598496390,Python,PyPy3 (7.3.0),py,Wrong Answer,104,99780,164,
s989656415,p02791,u816631826,1598490540,C++,C++ (GCC 9.2.1),cpp,Accepted,59,5024,369,
s863858472,p02791,u816631826,1598489099,C++,C++ (GCC 9.2.1),cpp,Accepted,86,3592,304,
s939094792,p02791,u089230684,1598485646,C++,C++ (GCC 9.2.1),cpp,Accepted,57,6760,436,
s088214074,p02791,u353919145,1598484686,C++,C++ (GCC 9.2.1),cpp,Wrong Answer,58,5200,312,
s162132860,p02791,u081162298,1598479824,C++,C++ (GCC 9.2.1),cpp,Accepted,58,4064,298,
s777476618,p02791,u089230684,1598477949,C++,C++ (GCC 9.2.1),cpp,Wrong Answer,56,4368,215,
s031752237,p02791,u996885931,1598474987,C++,C++ (GCC 9.2.1),cpp,Accepted,58,3980,261,
s513410216,p02791,u996885931,1598473804,C++,C++ (GCC 9.2.1),cpp,Time Limit Exceeded,2205,4072,353,
s107347740,p02791,u860299021,1598471440,C++,C++ (GCC 9.2.1),cpp,Accepted,59,5164,257,
s295384850,p02791,u860299021,1598471163,C++,C++ (GCC 9.2.1),cpp,Time Limit Exceeded,2205,5164,262,
s913354337,p02791,u860299021,1598471015,C++,C++ (GCC 9.2.1),cpp,Time Limit Exceeded,2205,5180,312,
s044422639,p02791,u081162298,1598470194,C++,C++ (GCC 9.2.1),cpp,Wrong Answer,59,4012,256,
s706475839,p02791,u081162298,1598469720,C++,C++ (GCC 9.2.1),cpp,Time Limit Exceeded,2205,4188,317,
s671904666,p02791,u840037795,1598468627,Python,PyPy3 (7.3.0),py,Accepted,190,99248,148,
s178613332,p02791,u081162298,1598468516,C++,C++ (GCC 9.2.1),cpp,Wrong Answer,58,4032,257,
s246193182,p02791,u125180853,1598467578,C++,C++ (GCC 9.2.1),cpp,Accepted,60,3976,723,
s006696244,p02791,u816631826,1598461079,C++,C++ (GCC 9.2.1),cpp,Accepted,123,12944,315,
s057693778,p02791,u719852318,1598460871,C++,C++ (GCC 9.2.1),cpp,Accepted,32,3636,1878,
s375261249,p02791,u809819902,1598459412,Python,Python (3.8.2),py,Accepted,105,32280,142,
s005868057,p02791,u432453907,1598459232,Python,Python (3.8.2),py,Accepted,106,32292,135,
s950064200,p02791,u809819902,1598458631,Python,Python (3.8.2),py,Time Limit Exceeded,2206,32256,126,
s738139318,p02791,u535267326,1598455853,C++,C++ (GCC 9.2.1),cpp,Accepted,58,5204,413,
s121139882,p02791,u018679195,1598454102,C++,C++ (GCC 9.2.1),cpp,Accepted,29,3608,1883,
s473045683,p02791,u252405453,1598453690,Python,Python (3.8.2),py,Accepted,109,32280,272,
s696227882,p02791,u353919145,1598451877,C++,C++ (GCC 9.2.1),cpp,Accepted,32,3652,1935,
s133894054,p02791,u353919145,1598451383,C++,C++ (GCC 9.2.1),cpp,Wrong Answer,58,4396,215,
s011730187,p02791,u863370423,1598451305,C++,C++ (GCC 9.2.1),cpp,Wrong Answer,60,4392,214,
s592345811,p02791,u089230684,1598443727,C++,C++ (GCC 9.2.1),cpp,Time Limit Exceeded,2205,4344,408,
s358420904,p02791,u075502030,1598397747,C++,C++ (GCC 9.2.1),cpp,Accepted,57,4048,314,
s631062013,p02791,u005072763,1598390694,C++,C++ (GCC 9.2.1),cpp,Accepted,56,4048,369,
s425788520,p02791,u933962236,1598388667,C++,C++ (GCC 9.2.1),cpp,Accepted,58,4416,360,
s170153788,p02791,u222822036,1598384532,Java,Java (OpenJDK 11.0.6),java,Accepted,428,61848,3120,
s457609801,p02791,u653699618,1598380750,C++,C++ (GCC 9.2.1),cpp,Accepted,57,3640,332,
s725324402,p02791,u760760982,1598379289,Python,Python (3.8.2),py,Accepted,104,32160,157,
s892203442,p02791,u728662995,1598378575,C,C (GCC 9.2.1),c,Accepted,36,2464,276,
s267712970,p02791,u728662995,1598377954,C,C (GCC 9.2.1),c,Time Limit Exceeded,2205,2316,297,
s982806962,p02791,u760760982,1598370744,Python,Python (3.8.2),py,Time Limit Exceeded,2206,32336,141,
s417305142,p02791,u970040729,1598370496,Rust,Rust (1.42.0),rs,Accepted,59,2108,658,
s950322161,p02791,u329319441,1598370067,Python,PyPy3 (7.3.0),py,Accepted,108,99980,165,
s893668674,p02791,u573154728,1598365141,C++,C++ (GCC 9.2.1),cpp,Accepted,56,3628,826,
s451276987,p02791,u120143737,1598364869,C++,C++ (GCC 9.2.1),cpp,Accepted,31,3648,844,
s256099416,p02791,u010746964,1598363850,C#,C# (.NET Core 3.1.201),cs,Accepted,119,41332,1117,
s983830363,p02791,u010746964,1598363527,C#,C# (.NET Core 3.1.201),cs,Accepted,114,42008,1188,
s665840422,p02791,u987039629,1598351641,C++,C++ (GCC 9.2.1),cpp,Accepted,61,3940,292,
s215710157,p02791,u738166971,1598349436,C++,C++ (GCC 9.2.1),cpp,Accepted,58,3984,270,
s153163078,p02791,u371958417,1598346149,C++,C++ (GCC 9.2.1),cpp,Accepted,61,3992,283,
s186156717,p02791,u243535639,1598341708,Python,PyPy3 (7.3.0),py,Accepted,104,92388,273,
s779522492,p02791,u689626103,1598327116,Python,PyPy3 (7.3.0),py,Accepted,107,99984,174,
s914184644,p02791,u600480888,1598302596,C++,C++ (GCC 9.2.1),cpp,Accepted,59,4832,345,
s614432154,p02791,u418892821,1598302413,C++,C++ (GCC 9.2.1),cpp,Accepted,60,3992,417,
s480004639,p02791,u239654629,1598296281,C++,C++ (GCC 9.2.1),cpp,Accepted,57,4036,293,
s810711589,p02791,u347579043,1598294547,C++,C++ (GCC 9.2.1),cpp,Accepted,56,3624,399,
s068343020,p02791,u023958502,1598283536,C++,C++ (GCC 9.2.1),cpp,Accepted,31,3648,369,
s021309301,p02791,u897135531,1598282225,C++,C++ (GCC 9.2.1),cpp,Accepted,57,4376,419,
s204229471,p02791,u970114913,1598279187,Python,Python (3.8.2),py,Accepted,131,32220,146,
s829347596,p02791,u970114913,1598278905,Python,Python (3.8.2),py,Time Limit Exceeded,2206,32168,120,
s077488578,p02791,u046826851,1598277958,Python,Python (3.8.2),py,Accepted,138,32364,162,
s756255228,p02791,u046826851,1598277684,Python,Python (3.8.2),py,Wrong Answer,143,32260,162,
s666035950,p02791,u153499445,1598270882,Python,Python (3.8.2),py,Accepted,137,32324,133,
s105134556,p02791,u596276291,1598265984,Python,Python (3.8.2),py,Accepted,117,32500,1144,
s614602142,p02791,u045289115,1598252086,C++,C++ (GCC 9.2.1),cpp,Accepted,55,3976,292,
s875191387,p02791,u018679195,1598252055,C++,C++ (GCC 9.2.1),cpp,Accepted,33,2504,329,
s668465591,p02791,u913919241,1598252004,C,C (GCC 9.2.1),c,Accepted,36,2484,329,
s183738333,p02791,u913919241,1598251338,C,C (GCC 9.2.1),c,Runtime Error,2205,1600,310,
s517007144,p02791,u913919241,1598251277,C,C (GCC 9.2.1),c,Compile Error,,,310,
s462359885,p02791,u018679195,1598220507,C++,C++ (GCC 9.2.1),cpp,Accepted,37,2488,541,
s464769149,p02791,u529168072,1598207884,Python,Python (3.8.2),py,Accepted,101,32372,169,
s043966171,p02791,u529168072,1598207664,Python,Python (3.8.2),py,Time Limit Exceeded,2206,32172,204,
s593431604,p02791,u529168072,1598207528,Python,Python (3.8.2),py,Time Limit Exceeded,2206,32364,195,
s909159984,p02791,u478784503,1598207172,C++,C++ (GCC 9.2.1),cpp,Accepted,33,3652,1153,
s221249342,p02791,u905592208,1598206993,C++,C++ (Clang 10.0.0),cpp,Accepted,181,13320,2096,
s199427270,p02791,u507638984,1598196523,C++,C++ (GCC 9.2.1),cpp,Accepted,106,13452,1238,
s948611400,p02791,u507638984,1598196397,C++,C++ (GCC 9.2.1),cpp,Wrong Answer,45,3968,1196,
s011806894,p02791,u197541395,1598194679,C++,C++ (GCC 9.2.1),cpp,Accepted,32,4752,2159,
s000223442,p02791,u018679195,1598193273,C++,C++ (GCC 9.2.1),cpp,Accepted,95,13480,1238,
s239030801,p02791,u188588273,1598193199,C++,C++ (GCC 9.2.1),cpp,Accepted,58,4816,326,
s213468030,p02791,u054782559,1598187149,C,C (GCC 9.2.1),c,Accepted,36,3264,323,
s070184726,p02791,u892305365,1598185034,Python,Python (3.8.2),py,Accepted,132,32356,175,
s182249052,p02791,u749491107,1598181131,Python,Python (3.8.2),py,Accepted,102,32248,163,
s951537980,p02791,u749491107,1598180579,Python,Python (3.8.2),py,Time Limit Exceeded,2206,32312,225,
s150256001,p02791,u768347697,1598180408,C++,C++ (GCC 9.2.1),cpp,Accepted,59,4812,937,
s001234456,p02791,u338791285,1598141385,C++,C++ (GCC 9.2.1),cpp,Accepted,58,4028,855,
s123785758,p02791,u446732668,1598137502,C++,C++ (GCC 9.2.1),cpp,Accepted,57,5160,268,
s786526908,p02791,u446732668,1598137293,C++,C++ (GCC 9.2.1),cpp,Wrong Answer,57,5200,267,
s851261402,p02791,u446732668,1598136725,C++,C++ (GCC 9.2.1),cpp,Wrong Answer,56,5152,239,
s965631400,p02791,u446732668,1598136640,C++,C++ (GCC 9.2.1),cpp,Wrong Answer,60,5184,239,
s297010284,p02791,u262646906,1598122478,C++,C++ (Clang 10.0.0),cpp,Accepted,126,3192,1019,
s515600950,p02791,u313103408,1598121762,Ruby,Ruby (2.7.1),rb,Accepted,147,30192,290,
s260925876,p02791,u313103408,1598121587,Ruby,Ruby (2.7.1),rb,Wrong Answer,121,30208,213,
s992259836,p02791,u811542492,1598121211,C++,C++ (GCC 9.2.1),cpp,Accepted,58,4016,420,
s284780845,p02791,u313103408,1598121168,Ruby,Ruby (2.7.1),rb,Time Limit Exceeded,2206,33232,183,
s612648039,p02791,u790012205,1598118592,Python,PyPy3 (7.3.0),py,Accepted,108,99716,148,
s270745066,p02791,u079952022,1598118500,C++,C++ (GCC 9.2.1),cpp,Accepted,59,4380,282,
s201061742,p02791,u773686010,1598110716,Python,Python (3.8.2),py,Accepted,106,32380,201,
s001044487,p02791,u313676972,1598098030,C++,C++ (GCC 9.2.1),cpp,Accepted,30,3756,2135,
s596795982,p02791,u430479790,1598092285,C++,C++ (GCC 9.2.1),cpp,Accepted,59,4036,1152,
s511994859,p02791,u430479790,1598092015,C++,C++ (GCC 9.2.1),cpp,Wrong Answer,57,3976,1103,
s743051546,p02791,u430479790,1598091841,C++,C++ (GCC 9.2.1),cpp,Wrong Answer,59,4036,1104,
s540405372,p02791,u430479790,1598091467,C++,C++ (GCC 9.2.1),cpp,Wrong Answer,54,3932,1103,
s082013073,p02791,u430479790,1598091105,C++,C++ (GCC 9.2.1),cpp,Wrong Answer,58,3964,1082,
s233381684,p02791,u915716225,1598090804,C++,C++ (GCC 9.2.1),cpp,Accepted,33,3956,2388,
s489232917,p02791,u732161519,1598051111,C++,C++ (GCC 9.2.1),cpp,Accepted,59,5340,768,
s669746189,p02791,u508160928,1598049992,Haskell,Haskell (GHC 8.8.3),hs,Accepted,396,64200,148,
s715878451,p02791,u508160928,1598048800,Haskell,Haskell (GHC 8.8.3),hs,Time Limit Exceeded,2207,63960,479,
s474273572,p02791,u940569542,1598048204,C++,C++ (GCC 9.2.1),cpp,Accepted,33,3652,590,
s374211128,p02791,u432453907,1598041800,Python,Python (3.8.2),py,Time Limit Exceeded,2206,32300,165,
s884968608,p02791,u432453907,1598041732,Python,Python (3.8.2),py,Wrong Answer,2206,32172,165,
s114251596,p02791,u432453907,1598041504,Python,Python (3.8.2),py,Time Limit Exceeded,2206,32300,124,
s426288035,p02791,u732161519,1598032363,C++,C++ (GCC 9.2.1),cpp,Wrong Answer,62,5168,740,
s863045660,p02791,u818755983,1598031971,C++,C++ (GCC 9.2.1),cpp,Accepted,60,4044,344,
s004617378,p02791,u896053584,1598023161,C++,C++ (GCC 9.2.1),cpp,Accepted,55,4008,294,
s944057282,p02791,u695001769,1598016720,C++,C++ (GCC 9.2.1),cpp,Accepted,30,4372,405,
s935837514,p02791,u763460982,1598015221,C++,C++ (GCC 9.2.1),cpp,Accepted,31,3636,728,
s369677483,p02791,u311488536,1598005127,Python,Python (3.8.2),py,Accepted,95,32288,151,
s846705795,p02791,u420190011,1598002855,C++,C++ (GCC 9.2.1),cpp,Accepted,58,3996,394,
s447413076,p02791,u330799501,1597957708,Python,Python (3.8.2),py,Accepted,106,32284,401,
s625653493,p02791,u192537148,1597951346,C++,C++ (GCC 9.2.1),cpp,Accepted,56,4052,358,
s526320942,p02791,u192537148,1597950681,C++,C++ (GCC 9.2.1),cpp,Time Limit Exceeded,2205,4220,446,
s617001369,p02791,u192537148,1597949106,C++,C++ (GCC 9.2.1),cpp,Time Limit Exceeded,2205,4064,428,
s162908715,p02791,u714732628,1597938498,C++,C++ (GCC 9.2.1),cpp,Accepted,55,3640,275,
s582330335,p02791,u124142430,1597938096,C++,C++ (GCC 9.2.1),cpp,Accepted,57,4036,468,
s689901182,p02791,u124142430,1597938061,C++,C++ (GCC 9.2.1),cpp,Accepted,57,4052,493,
s834964137,p02791,u124142430,1597937639,C++,C++ (GCC 9.2.1),cpp,Time Limit Exceeded,2205,4136,485,
s847511727,p02791,u812354010,1597936337,Python,PyPy3 (7.3.0),py,Accepted,315,100000,170,
s370556641,p02791,u060116081,1597927444,C++,C++ (GCC 9.2.1),cpp,Accepted,60,5104,534,
s798686930,p02791,u060116081,1597927143,C++,C++ (GCC 9.2.1),cpp,Time Limit Exceeded,2205,4696,532,
s085770637,p02791,u060116081,1597926698,C++,C++ (GCC 9.2.1),cpp,Time Limit Exceeded,2205,4352,527,
s864319354,p02791,u060116081,1597926407,C++,C++ (GCC 9.2.1),cpp,Time Limit Exceeded,2205,4348,581,
s623173290,p02791,u604759831,1597914935,C++,C++ (GCC 9.2.1),cpp,Accepted,57,5108,363,
s122313185,p02791,u253701213,1597900189,C#,C# (.NET Core 3.1.201),cs,Accepted,115,42924,4335,
s860743157,p02791,u323859575,1597879403,Python,Python (3.8.2),py,Accepted,103,32264,164,
s005978486,p02791,u323859575,1597879285,Python,Python (3.8.2),py,Wrong Answer,102,32168,159,
s069233843,p02791,u324973749,1597870591,C++,C++ (GCC 9.2.1),cpp,Accepted,58,4812,449,
s674858374,p02791,u059126963,1597864277,Ruby,Ruby (2.7.1),rb,Accepted,121,28508,181,
s029700469,p02791,u703574047,1597852017,Rust,Rust (1.42.0),rs,Accepted,24,5124,314,
s686270089,p02791,u703574047,1597851227,Rust,Rust (1.42.0),rs,Time Limit Exceeded,2205,5080,411,
s383836770,p02791,u714642046,1597846416,C++,C++ (GCC 9.2.1),cpp,Accepted,60,4040,344,
s123655055,p02791,u821588465,1597816398,Python,Python (3.8.2),py,Accepted,109,32324,176,
s292392756,p02791,u821588465,1597815324,Python,Python (3.8.2),py,Time Limit Exceeded,2206,32372,140,
s703193459,p02791,u276152693,1597794106,Java,Java (OpenJDK 11.0.6),java,Accepted,166,52040,3947,
s390248787,p02791,u340121166,1597782479,C++,C++ (GCC 9.2.1),cpp,Accepted,57,4060,1180,
s478105584,p02791,u166378830,1597779271,C++,C++ (GCC 9.2.1),cpp,Accepted,63,5168,365,
s317260498,p02791,u946653449,1597777314,C++,C++ (GCC 9.2.1),cpp,Accepted,64,3624,776,
s370189323,p02791,u604759831,1597777164,C++,C++ (GCC 9.2.1),cpp,Wrong Answer,63,5156,345,
s499337436,p02791,u384161413,1597775425,C++,C++ (GCC 9.2.1),cpp,Accepted,35,3784,901,
s635893781,p02791,u896588506,1597767848,Python,Python (3.8.2),py,Accepted,121,32308,172,
s187929654,p02791,u896588506,1597767817,Python,PyPy3 (7.3.0),py,Accepted,106,99600,172,
s875629318,p02791,u249987458,1597760813,Python,Python (3.8.2),py,Accepted,110,32248,161,
s792941895,p02791,u249987458,1597760615,Python,Python (3.8.2),py,Wrong Answer,104,32364,131,
s392577740,p02791,u250941823,1597756133,C++,C++ (GCC 9.2.1),cpp,Accepted,59,3636,359,
s341850275,p02791,u192433528,1597753772,Python,Python (3.8.2),py,Accepted,151,32296,373,
s910188703,p02791,u192433528,1597753015,Python,Python (3.8.2),py,Time Limit Exceeded,2206,32320,172,
s192920490,p02791,u978789527,1597752427,Python,Python (3.8.2),py,Accepted,105,32304,146,
s661775124,p02791,u978789527,1597751965,Python,Python (3.8.2),py,Time Limit Exceeded,2206,32312,151,
s479071390,p02791,u384161413,1597742762,Python,PyPy3 (7.3.0),py,Wrong Answer,62,61708,8,
s857319229,p02791,u487875527,1597735142,C++,C++ (GCC 9.2.1),cpp,Accepted,53,3636,1504,
s848471959,p02791,u307996432,1597718045,C++,C++ (GCC 9.2.1),cpp,Accepted,32,5144,906,
s203496348,p02791,u089230684,1597714379,C++,C++ (GCC 9.2.1),cpp,Accepted,31,5152,907,
s437040164,p02791,u816631826,1597711147,C++,C++ (GCC 9.2.1),cpp,Accepted,55,3628,218,
s783495076,p02791,u108934099,1597707072,Python,Python (3.8.2),py,Accepted,114,32216,192,
s642926210,p02791,u089230684,1597705281,Java,Java (OpenJDK 1.8.0),java,Accepted,478,52144,858,
s224594487,p02791,u684755787,1597704127,C++,C++ (GCC 9.2.1),cpp,Accepted,57,3632,310,
s540801234,p02791,u684755787,1597703904,C++,C++ (GCC 9.2.1),cpp,Wrong Answer,59,3652,309,
s307704871,p02791,u089230684,1597703712,C++,C++ (GCC 9.2.1),cpp,Accepted,59,3572,197,
s284276295,p02791,u353919145,1597703672,C++,C++ (GCC 9.2.1),cpp,Compile Error,,,196,
s617931728,p02791,u202799478,1597703584,C++,C++ (GCC 9.2.1),cpp,Accepted,60,3628,464,
s480959957,p02791,u684755787,1597702719,C++,C++ (GCC 9.2.1),cpp,Time Limit Exceeded,2205,4132,384,
s858086828,p02791,u736443076,1597702695,Python,Python (3.8.2),py,Accepted,135,32312,181,
s617424169,p02791,u018679195,1597702004,C++,C++ (GCC 9.2.1),cpp,Accepted,58,3564,2604,
s138514526,p02791,u033937898,1597700389,C++,C++ (GCC 9.2.1),cpp,Accepted,56,3616,322,
s171226901,p02791,u317423698,1597699038,Python,Python (3.8.2),py,Accepted,66,21188,353,
s764628532,p02791,u089230684,1597698222,C++,C++ (GCC 9.2.1),cpp,Accepted,64,4396,392,
s873932458,p02791,u438189153,1597696665,Python,Python (3.8.2),py,Accepted,106,32404,190,
s677156627,p02791,u438189153,1597696645,C++,C++ (GCC 9.2.1),cpp,Compile Error,,,190,
s935174510,p02791,u552056877,1597693034,C++,C++ (GCC 9.2.1),cpp,Accepted,32,4452,544,
s681926918,p02791,u519339498,1597692752,Python,Python (3.8.2),py,Accepted,82,31088,305,
s052849318,p02791,u519339498,1597692570,Python,Python (3.8.2),py,Time Limit Exceeded,2206,30932,294,
s588616856,p02791,u355964810,1597669686,C,C (GCC 9.2.1),c,Time Limit Exceeded,2205,2512,405,
s826750986,p02791,u770369399,1597667905,C,C (GCC 9.2.1),c,Accepted,36,1724,218,
s447429763,p02791,u946082956,1597667797,C++,C++ (GCC 9.2.1),cpp,Accepted,58,4024,3170,
s288614531,p02791,u770369399,1597667782,C,C (GCC 9.2.1),c,Accepted,41,3300,1444,
s789133029,p02791,u946082956,1597667773,C++,C++ (GCC 9.2.1),cpp,Wrong Answer,60,3960,3170,
s795094654,p02791,u770369399,1597667692,C,C (GCC 9.2.1),c,Accepted,35,3296,1444,
s810200554,p02791,u770369399,1597667662,C,C (GCC 9.2.1),c,Compile Error,,,1440,
s926164844,p02791,u595949581,1597665122,C++,C++ (GCC 9.2.1),cpp,Time Limit Exceeded,2205,4868,413,
s663566514,p02791,u595949581,1597665092,C++,C++ (GCC 9.2.1),cpp,Compile Error,,,384,
s177363411,p02791,u111785038,1597656644,C,C (GCC 9.2.1),c,Accepted,36,2484,466,
s700702969,p02791,u111785038,1597654922,C,C (GCC 9.2.1),c,Time Limit Exceeded,2205,2268,463,
s447086263,p02791,u078092861,1597645558,C++,C++ (GCC 9.2.1),cpp,Accepted,56,3596,345,
s713648492,p02791,u536017058,1597614981,Python,PyPy3 (7.3.0),py,Time Limit Exceeded,2208,100048,302,
s011350533,p02791,u615968644,1597597063,C++,C++ (GCC 9.2.1),cpp,Accepted,60,3952,416,
s096013950,p02791,u800396927,1597589155,Python,PyPy3 (7.3.0),py,Accepted,104,100016,169,
s764468704,p02791,u615968644,1597568263,C++,C++ (GCC 9.2.1),cpp,Time Limit Exceeded,2205,4124,508,
s037997813,p02791,u615968644,1597567661,C++,C++ (GCC 9.2.1),cpp,Time Limit Exceeded,2205,4188,494,
s940373559,p02791,u863370423,1597534830,C++,C++ (GCC 9.2.1),cpp,Accepted,33,4816,1962,
s440476038,p02791,u426855695,1597533461,C++,C++ (GCC 9.2.1),cpp,Accepted,60,4836,1390,
s798097812,p02791,u646203242,1597531763,Python,Python (3.8.2),py,Accepted,105,32372,137,
s476497065,p02791,u646203242,1597531499,Python,Python (3.8.2),py,Time Limit Exceeded,2206,32328,145,
s530944556,p02791,u646203242,1597531303,Python,Python (3.8.2),py,Time Limit Exceeded,2206,32324,178,
s898919988,p02791,u353919145,1597531225,C++,C++ (GCC 9.2.1),cpp,Accepted,60,4380,222,
s885439175,p02791,u816631826,1597531205,C++,C++ (GCC 9.2.1),cpp,Accepted,59,3640,333,
s590073150,p02791,u089230684,1597530842,C++,C++ (GCC 9.2.1),cpp,Accepted,59,4416,229,
s948717115,p02791,u695261159,1597517444,Python,Python (3.8.2),py,Accepted,111,32240,228,
s163368221,p02791,u032955959,1597516090,Python,Python (3.8.2),py,Accepted,123,32248,191,
s538131400,p02791,u545376686,1597515766,C++,C++ (GCC 9.2.1),cpp,Accepted,56,3616,438,
s784958612,p02791,u508934152,1597510412,Python,Python (3.8.2),py,Accepted,107,32228,140,
s649606085,p02791,u508934152,1597510187,Python,Python (3.8.2),py,Wrong Answer,103,32248,123,
s861057071,p02791,u923507896,1597508656,Python,PyPy3 (7.3.0),py,Accepted,321,99856,194,
s621044409,p02791,u138083942,1597495497,Python,PyPy3 (7.3.0),py,Accepted,94,91408,423,
s795852489,p02791,u805616568,1597491300,C++,C++ (GCC 9.2.1),cpp,Accepted,57,5088,349,
s397832948,p02791,u422506696,1597475380,C++,C++ (GCC 9.2.1),cpp,Accepted,58,3620,349,
s740196144,p02791,u118434175,1597459367,C++,C++ (GCC 9.2.1),cpp,Accepted,61,7960,1178,
s065857649,p02791,u218834617,1597448274,Python,Python (3.8.2),py,Accepted,87,24184,102,
s742823600,p02791,u973972117,1597444488,Python,Python (3.8.2),py,Accepted,134,32256,192,
s529134295,p02791,u860994959,1597440596,C#,C# (.NET Core 3.1.201),cs,Wrong Answer,2207,43332,547,
s608081625,p02791,u860994959,1597440451,C#,C# (.NET Core 3.1.201),cs,Wrong Answer,2207,43024,547,
s520961254,p02791,u860994959,1597440335,C#,C# (.NET Core 3.1.201),cs,Wrong Answer,2207,42800,546,
s192678800,p02791,u860994959,1597440087,C#,C# (.NET Core 3.1.201),cs,Compile Error,,,538,
s891509864,p02791,u334175843,1597435325,Python,Python (3.8.2),py,Accepted,171,50784,525,
s183199637,p02791,u334175843,1597434697,Python,Python (3.8.2),py,Time Limit Exceeded,2207,50184,483,
s293891937,p02791,u334175843,1597433669,Python,Python (3.8.2),py,Time Limit Exceeded,2207,50504,590,
s489181540,p02791,u653041271,1597428815,Python,Python (3.8.2),py,Accepted,189,52932,937,
s354795422,p02791,u367958900,1597425857,C,C (GCC 9.2.1),c,Time Limit Exceeded,2205,2516,341,
s196349695,p02791,u380491044,1597423188,C++,C++ (GCC 9.2.1),cpp,Accepted,56,3664,221,
s525080086,p02791,u587622858,1597414400,C++,C++ (GCC 9.2.1),cpp,Accepted,58,3576,293,
s680703659,p02791,u367958900,1597413607,C,C (GCC 9.2.1),c,Time Limit Exceeded,2205,2496,341,
s025493645,p02791,u594933155,1597412321,C++,C++ (GCC 9.2.1),cpp,Accepted,57,4304,305,
s476697422,p02791,u465652095,1597412277,Python,Python (3.8.2),py,Accepted,137,32272,169,
s114377667,p02791,u465652095,1597408397,Python,PyPy3 (7.3.0),py,Time Limit Exceeded,2213,232152,136,
s013090609,p02791,u465652095,1597408112,Python,Python (3.8.2),py,Time Limit Exceeded,2206,32212,136,
s360524479,p02791,u203907350,1597401340,C,C (GCC 9.2.1),c,Compile Error,,,124,
s997289245,p02791,u203907350,1597400937,C,C (GCC 9.2.1),c,Accepted,32,1724,130,
s594439451,p02791,u123579949,1597393179,Python,Python (3.8.2),py,Accepted,91,32328,140,
s944087401,p02791,u741183122,1597369394,C++,C++ (GCC 9.2.1),cpp,Wrong Answer,61,4056,582,
s030265625,p02791,u087118202,1597367160,Python,PyPy3 (7.3.0),py,Accepted,108,99888,138,
s252676932,p02791,u087118202,1597366793,Python,PyPy3 (7.3.0),py,Wrong Answer,2208,99800,188,
s089912372,p02791,u203907350,1597364240,C,C (GCC 9.2.1),c,Accepted,31,1692,131,
s901133060,p02791,u203907350,1597363951,C,C (GCC 9.2.1),c,Wrong Answer,35,1692,142,
s207544224,p02791,u203907350,1597363398,C,C (GCC 9.2.1),c,Wrong Answer,34,1700,143,
s893080967,p02791,u087118202,1597363379,Python,PyPy3 (7.3.0),py,Wrong Answer,2208,92332,214,
s626395610,p02791,u087118202,1597362831,Python,PyPy3 (7.3.0),py,Wrong Answer,109,92576,135,
s869387863,p02791,u203907350,1597361692,C,C (GCC 9.2.1),c,Wrong Answer,35,2508,110,
s954406618,p02791,u203907350,1597361612,C,C (GCC 9.2.1),c,Wrong Answer,30,2476,110,
s383501678,p02791,u860829879,1597359873,Python,PyPy3 (7.3.0),py,Accepted,110,100888,153,
s132615735,p02791,u860829879,1597359745,Python,PyPy3 (7.3.0),py,Wrong Answer,112,100936,148,
s998329569,p02791,u758145613,1597359160,C++,C++ (GCC 9.2.1),cpp,Accepted,62,6760,294,
s066491687,p02791,u646336881,1597356290,Python,PyPy3 (7.3.0),py,Accepted,133,97432,736,
s510127017,p02791,u726285999,1597351728,Python,Python (3.8.2),py,Accepted,138,32168,237,
s709650177,p02791,u080529099,1597351702,C++,C++ (GCC 9.2.1),cpp,Accepted,31,4396,1624,
s050895985,p02791,u934776456,1597350443,C++,C++ (GCC 9.2.1),cpp,Accepted,56,4012,271,
s886067445,p02791,u328510800,1597348675,Python,Python (3.8.2),py,Time Limit Exceeded,2206,32168,317,
s320299716,p02791,u776723033,1597346511,Rust,Rust (1.42.0),rs,Accepted,21,4748,281,
s107472822,p02791,u776723033,1597346436,Rust,Rust (1.42.0),rs,Wrong Answer,21,4784,285,
s102658945,p02791,u739843002,1597338870,Python,Python (3.8.2),py,Accepted,105,32312,184,
s967878631,p02791,u739843002,1597338828,Python,Python (3.8.2),py,Runtime Error,80,32304,179,
s807069645,p02791,u713574885,1597335415,C++,C++ (GCC 9.2.1),cpp,Accepted,60,4004,297,
s855794999,p02791,u713574885,1597335312,C++,C++ (GCC 9.2.1),cpp,Wrong Answer,57,4024,297,
s524047971,p02791,u713574885,1597335092,C++,C++ (GCC 9.2.1),cpp,Wrong Answer,57,4032,224,
s506534276,p02791,u713574885,1597334965,C++,C++ (GCC 9.2.1),cpp,Runtime Error,111,3996,220,
s335276962,p02791,u386131832,1597328625,C++,C++ (GCC 9.2.1),cpp,Accepted,34,4760,1061,
s369976532,p02791,u446766335,1597326089,C++,C++ (GCC 9.2.1),cpp,Accepted,56,3592,460,
s111457815,p02791,u446766335,1597325448,C++,C++ (GCC 9.2.1),cpp,Time Limit Exceeded,2205,4072,698,
s492930083,p02791,u616382321,1597324680,Python,Python (3.8.2),py,Accepted,102,32264,181,
s825616504,p02791,u616382321,1597324312,Python,Python (3.8.2),py,Time Limit Exceeded,2206,32244,139,
s332130491,p02791,u357751375,1597323406,Python,Python (3.8.2),py,Accepted,139,32228,161,
s605052669,p02791,u005006157,1597320661,C++,C++ (GCC 9.2.1),cpp,Accepted,58,3604,380,
s645617693,p02791,u005006157,1597319998,C++,C++ (GCC 9.2.1),cpp,Wrong Answer,60,4320,384,
s141171843,p02791,u224554402,1597315474,Python,Python (3.8.2),py,Accepted,108,32364,195,
s951078652,p02791,u313103408,1597312223,Ruby,Ruby (2.7.1),rb,Runtime Error,65,14488,188,
s948777512,p02791,u313103408,1597312018,Ruby,Ruby (2.7.1),rb,Time Limit Exceeded,2206,31780,172,
s123597423,p02791,u337949146,1597278763,C++,C++ (GCC 9.2.1),cpp,Accepted,31,4728,1563,
s346007890,p02791,u411923565,1597276776,Python,PyPy3 (7.3.0),py,Accepted,102,99876,189,
s485553310,p02791,u854617136,1597264507,C++,C++ (GCC 9.2.1),cpp,Accepted,54,3632,257,
s601979351,p02791,u050045886,1597258925,C++,C++ (GCC 9.2.1),cpp,Accepted,57,4048,458,
s332844140,p02791,u714769076,1597251098,Ruby,Ruby (2.7.1),rb,Accepted,119,27240,130,
s488649421,p02791,u427485170,1597251082,Python,Python (3.8.2),py,Accepted,102,32624,185,
s795665140,p02791,u427485170,1597250854,Python,Python (3.8.2),py,Wrong Answer,104,32564,184,
s034351573,p02791,u816872429,1597250799,Python,Python (3.8.2),py,Accepted,130,32236,171,
s242678552,p02791,u862359372,1597250689,Python,Python (3.8.2),py,Accepted,95,32208,133,
s309242137,p02791,u971632623,1597250627,Rust,Rust (1.42.0),rs,Accepted,29,5000,641,
s570328135,p02791,u994064513,1597250214,Python,Python (3.8.2),py,Accepted,98,32108,163,
s731909983,p02791,u938486382,1597249191,Python,PyPy3 (7.3.0),py,Accepted,96,91404,163,
s777502147,p02791,u776014292,1597245144,Python,Python (3.8.2),py,Accepted,102,32344,194,
s427161447,p02791,u110580875,1597245043,Python,Python (3.8.2),py,Accepted,90,32216,148,
s397296912,p02791,u110580875,1597244867,Python,Python (3.8.2),py,Wrong Answer,92,32356,151,
s568369010,p02791,u577654787,1597243701,C++,C++ (GCC 9.2.1),cpp,Accepted,30,4352,637,
s752364836,p02791,u948222358,1597242155,C++,C++ (GCC 9.2.1),cpp,Accepted,57,3488,440,
s101439172,p02791,u363421241,1597241192,Python,Python (3.8.2),py,Accepted,130,32304,178,
s790496972,p02791,u910632349,1597241184,Python,Python (3.8.2),py,Accepted,164,32240,159,
s453262615,p02791,u221391729,1597238173,C++,C++ (GCC 9.2.1),cpp,Accepted,57,4840,387,
s415177822,p02791,u221391729,1597237283,C++,C++ (GCC 9.2.1),cpp,Time Limit Exceeded,2205,4192,368,
s768728585,p02791,u452337391,1597215558,Python,Python (3.8.2),py,Accepted,101,32180,203,
s956853013,p02791,u452337391,1597215324,Python,Python (3.8.2),py,Time Limit Exceeded,2206,32116,137,
s931388913,p02791,u901282405,1597205536,C++,C++ (GCC 9.2.1),cpp,Wrong Answer,67,6452,8904,
s701345044,p02791,u901282405,1597205401,C++,C++ (GCC 9.2.1),cpp,Accepted,56,4580,8318,
s138722244,p02791,u467736898,1597191731,Python,Python (3.8.2),py,Accepted,89,32376,143,
s431163605,p02791,u467736898,1597191642,Python,Python (3.8.2),py,Wrong Answer,87,32372,143,
s343188403,p02791,u463064846,1597185000,C++,C++ (GCC 9.2.1),cpp,Accepted,32,3888,1590,
s536741295,p02791,u463064846,1597184742,C++,C++ (GCC 9.2.1),cpp,Time Limit Exceeded,2205,4100,1619,
s197991715,p02791,u463064846,1597184527,C++,C++ (GCC 9.2.1),cpp,Time Limit Exceeded,2205,4072,1708,
s665568215,p02791,u959813156,1597180539,C++,C++ (GCC 9.2.1),cpp,Accepted,53,4056,327,
s952571037,p02791,u640659074,1597159580,C#,C# (.NET Core 3.1.201),cs,Accepted,129,46304,2224,
s545988013,p02791,u843722521,1597157547,Go,Go (1.14.1),go,Accepted,39,4760,1332,
s217032552,p02791,u682116898,1597156165,Rust,Rust (1.42.0),rs,Accepted,88,2064,314,
s747305415,p02791,u240515443,1597155324,Java,Java (OpenJDK 11.0.6),java,Accepted,523,58096,375,
s213120769,p02791,u298497862,1597154466,Rust,Rust (1.42.0),rs,Accepted,24,4756,529,
s407507793,p02791,u045953894,1597145165,Python,Python (3.8.2),py,Accepted,105,32360,153,
s828620287,p02791,u045953894,1597144499,Python,PyPy3 (7.3.0),py,Time Limit Exceeded,2212,233668,206,
s854991390,p02791,u569776981,1597133599,Python,Python (3.8.2),py,Accepted,94,32356,241,
s342614983,p02791,u569776981,1597131910,Python,Python (3.8.2),py,Time Limit Exceeded,2206,32364,218,
s087436135,p02791,u889953704,1597130076,C++,C++ (GCC 9.2.1),cpp,Accepted,56,4780,695,
s912585690,p02791,u984427208,1597119223,C++,C++ (GCC 9.2.1),cpp,Accepted,59,4768,695,
s417610545,p02791,u349449706,1597095901,Python,PyPy3 (7.3.0),py,Accepted,107,99828,155,
s731523193,p02791,u349449706,1597095536,Python,PyPy3 (7.3.0),py,Time Limit Exceeded,2212,231976,137,
s306117791,p02791,u345693891,1597091172,C++,C++ (GCC 9.2.1),cpp,Accepted,33,4768,3953,
s931584278,p02791,u697323362,1597088304,Python,Python (3.8.2),py,Accepted,95,32224,172,
s266615188,p02791,u363825867,1597086122,Python,Python (3.8.2),py,Accepted,136,32140,185,
s075677956,p02791,u363825867,1597085827,Python,Python (3.8.2),py,Accepted,145,32364,185,
s118164121,p02791,u057065089,1597085023,Python,Python (3.8.2),py,Accepted,84,32332,230,
s483032455,p02791,u442714890,1597084653,C++,C++ (GCC 9.2.1),cpp,Accepted,62,3920,323,
s684343074,p02791,u363825867,1597084601,Python,Python (3.8.2),py,Time Limit Exceeded,2206,32252,116,
s165197806,p02791,u442714890,1597084253,C++,C++ (GCC 9.2.1),cpp,Time Limit Exceeded,2205,4040,392,
s136673351,p02791,u153729035,1597079207,Python,Python (3.8.2),py,Accepted,109,24308,152,
s320064799,p02791,u649811088,1597077231,C++,C++ (GCC 9.2.1),cpp,Accepted,55,4424,2688,
s366722358,p02791,u962423738,1597067227,Python,Python (3.8.2),py,Accepted,94,32368,126,
s324163693,p02791,u177125607,1597067226,Python,Python (3.8.2),py,Accepted,94,32164,137,
s363204270,p02791,u962423738,1597067137,Python,Python (3.8.2),py,Accepted,100,32332,139,
s791592569,p02791,u247211039,1597066922,Python,Python (3.8.2),py,Accepted,132,32296,324,
s400093466,p02791,u247211039,1597066343,Python,Python (3.8.2),py,Wrong Answer,170,32236,304,
s452186325,p02791,u177125607,1597066334,Python,Python (3.8.2),py,Time Limit Exceeded,2206,32308,140,
s312165395,p02791,u247211039,1597066171,Python,Python (3.8.2),py,Runtime Error,71,32308,304,
s277252738,p02791,u247211039,1597065687,Python,Python (3.8.2),py,Wrong Answer,170,32296,185,
s817343588,p02791,u247211039,1597065401,Python,Python (3.8.2),py,Time Limit Exceeded,2206,32280,138,
s523487332,p02791,u678961336,1597055245,C++,C++ (GCC 9.2.1),cpp,Accepted,57,4856,386,
s598327601,p02791,u678961336,1597054476,C++,C++ (GCC 9.2.1),cpp,Time Limit Exceeded,2205,6536,489,
s091890695,p02791,u678961336,1597054178,C++,C++ (GCC 9.2.1),cpp,Time Limit Exceeded,2205,4956,460,
s986067777,p02791,u678961336,1597053008,C++,C++ (GCC 9.2.1),cpp,Wrong Answer,2205,4980,416,
s819424399,p02791,u678961336,1597050965,C++,C++ (GCC 9.2.1),cpp,Time Limit Exceeded,2205,4952,394,
s410484201,p02791,u016334391,1597050818,C++,C++ (GCC 9.2.1),cpp,Accepted,57,4044,358,
s807151639,p02791,u388698992,1597027037,C++,C++ (GCC 9.2.1),cpp,Accepted,31,3556,423,
s397945462,p02791,u218838821,1597023857,Python,Python (3.8.2),py,Accepted,99,32248,165,
s842405014,p02791,u218838821,1597023511,Python,Python (3.8.2),py,Time Limit Exceeded,2206,32300,205,
s562749474,p02791,u209275335,1597013853,Python,Python (3.8.2),py,Accepted,109,32228,149,
s138002218,p02791,u218838821,1597011183,Python,Python (3.8.2),py,Time Limit Exceeded,2206,32372,221,
s636730217,p02791,u218838821,1597010565,Python,Python (3.8.2),py,Wrong Answer,2206,32232,180,
s776625976,p02791,u118760114,1596995353,Python,Python (3.8.2),py,Accepted,111,32320,154,
s408759972,p02791,u118760114,1596992030,Python,Python (3.8.2),py,Wrong Answer,2206,32340,184,
s012389449,p02791,u118760114,1596991796,Python,Python (3.8.2),py,Wrong Answer,106,32324,138,
s317180725,p02791,u344888046,1596989044,Python,Python (3.8.2),py,Accepted,103,32284,193,
s805480650,p02791,u707124227,1596985678,Python,Python (3.8.2),py,Accepted,125,32300,141,
s616088394,p02791,u577232990,1596981413,C++,C++ (GCC 9.2.1),cpp,Accepted,58,3916,326,
s723091046,p02791,u577232990,1596980272,C++,C++ (GCC 9.2.1),cpp,Time Limit Exceeded,2205,4172,349,
s043813299,p02791,u190875453,1596980030,C++,C++ (GCC 9.2.1),cpp,Accepted,56,3600,390,
s707182041,p02791,u707030679,1596972999,Python,Python (3.8.2),py,Accepted,115,32380,158,
s235764652,p02791,u413263925,1596962765,C++,C++ (GCC 9.2.1),cpp,Accepted,57,3628,648,
s425498649,p02791,u277318398,1596960440,C++,C++ (GCC 9.2.1),cpp,Accepted,58,4020,466,
s946213840,p02791,u707030679,1596955203,Python,Python (3.8.2),py,Runtime Error,2206,32224,252,
s333424752,p02791,u553987207,1596948771,Python,Python (3.8.2),py,Accepted,133,32092,171,
s994445004,p02791,u642528832,1596927576,Python,Python (3.8.2),py,Accepted,101,32204,160,
s933450513,p02791,u642528832,1596927346,Python,Python (3.8.2),py,Time Limit Exceeded,2206,32296,156,
s311769160,p02791,u642528832,1596924801,Python,Python (3.8.2),py,Wrong Answer,118,32200,154,
s892182826,p02791,u774649089,1596924492,C++,C++ (GCC 9.2.1),cpp,Accepted,37,4700,2529,
s941883232,p02791,u175590965,1596918859,Python,Python (3.8.2),py,Accepted,111,32316,149,
s935724016,p02791,u351148423,1596913896,C++,C++ (GCC 9.2.1),cpp,Accepted,57,4388,232,
s842115195,p02791,u351148423,1596913221,C++,C++ (GCC 9.2.1),cpp,Time Limit Exceeded,2205,4140,297,
s559899693,p02791,u116107171,1596911629,Python,Python (3.8.2),py,Accepted,137,32252,160,
s367200852,p02791,u116107171,1596910909,Python,Python (3.8.2),py,Time Limit Exceeded,2206,32148,162,
s372653557,p02791,u331327289,1596906559,C++,C++ (GCC 9.2.1),cpp,Accepted,58,3628,351,
s854994182,p02791,u331327289,1596906490,C++,C++ (GCC 9.2.1),cpp,Wrong Answer,57,3644,340,
s756380211,p02791,u189752633,1596880018,C++,C++ (GCC 9.2.1),cpp,Accepted,56,3560,342,
s641712895,p02791,u848535504,1596845481,Python,Python (3.8.2),py,Accepted,100,32304,138,
s042271323,p02791,u394244719,1596834855,Python,PyPy3 (7.3.0),py,Accepted,111,101028,445,
s668680234,p02791,u956112889,1596833338,Python,PyPy3 (7.3.0),py,Accepted,109,101036,170,
s735101537,p02791,u956112889,1596832992,Python,PyPy3 (7.3.0),py,Time Limit Exceeded,2208,99764,221,
s855302211,p02791,u324326379,1596831826,Python,PyPy3 (7.3.0),py,Accepted,103,100068,143,
s692169005,p02791,u324326379,1596831724,Python,PyPy3 (7.3.0),py,Accepted,107,92376,166,
s063535765,p02791,u324326379,1596830650,Python,PyPy3 (7.3.0),py,Time Limit Exceeded,2209,99916,150,
s457412474,p02791,u324326379,1596830482,Python,PyPy3 (7.3.0),py,Time Limit Exceeded,2212,218656,144,
s040688651,p02791,u909373588,1596829561,C++,C++ (GCC 9.2.1),cpp,Accepted,58,4040,887,
s265641586,p02791,u909373588,1596829506,C++,C++ (GCC 9.2.1),cpp,Wrong Answer,54,4044,886,
s342226029,p02791,u759412327,1596816494,Python,Python (3.8.2),py,Accepted,88,32380,117,
s061827350,p02791,u759412327,1596816444,Python,Python (3.8.2),py,Accepted,119,32376,124,
s045298612,p02791,u789290859,1596813086,Python,Python (3.8.2),py,Accepted,101,32232,157,
s238920874,p02791,u478417863,1596809266,Python,Python (3.8.2),py,Accepted,101,32228,163,
s262227060,p02791,u045953894,1596807345,Python,Python (3.8.2),py,Time Limit Exceeded,2206,32280,205,
s967909340,p02791,u288035794,1596805400,C++,C++ (GCC 9.2.1),cpp,Accepted,28,3656,310,
s582807103,p02791,u288035794,1596804631,C++,C++ (GCC 9.2.1),cpp,Wrong Answer,29,3652,303,
s927664666,p02791,u188332959,1596804402,C++,C++ (GCC 9.2.1),cpp,Accepted,59,4024,372,
s144648354,p02791,u558505664,1596758063,C++,C++ (GCC 9.2.1),cpp,Accepted,30,4752,990,
s764804608,p02791,u598701818,1596756736,C++,C++ (GCC 9.2.1),cpp,Accepted,59,3640,279,
s869791637,p02791,u113255362,1596751180,Python,Python (3.8.2),py,Accepted,134,32300,170,
s440547553,p02791,u977506075,1596744282,Ruby,Ruby (2.7.1),rb,Accepted,120,25848,129,
s301716169,p02791,u977506075,1596744167,Ruby,Ruby (2.7.1),rb,Wrong Answer,67,14240,80,
s805251747,p02791,u977506075,1596743902,Ruby,Ruby (2.7.1),rb,Time Limit Exceeded,2206,26092,174,
s962303601,p02791,u106797249,1596742461,Python,PyPy3 (7.3.0),py,Accepted,108,99340,262,
s216273397,p02791,u487023207,1596740980,Nim,Nim (1.0.6),nim,Accepted,55,19172,394,
s459164002,p02791,u275256557,1596740585,C++,C++ (GCC 9.2.1),cpp,Accepted,57,3584,284,
s806157173,p02791,u623814058,1596738248,Python,Python (3.8.2),py,Accepted,114,32204,142,
s211985649,p02791,u623814058,1596737310,Python,Python (3.8.2),py,Time Limit Exceeded,2206,32192,99,
s994336736,p02791,u623814058,1596737241,Python,Python (3.8.2),py,Time Limit Exceeded,2206,32224,94,
s378122979,p02791,u623814058,1596736938,Python,Python (3.8.2),py,Time Limit Exceeded,2206,32228,123,
s999479903,p02791,u623814058,1596736759,Python,Python (3.8.2),py,Time Limit Exceeded,2206,32192,118,
s835533813,p02791,u624779726,1596725176,C++,C++ (GCC 9.2.1),cpp,Accepted,56,4388,411,
s196858270,p02791,u558505664,1596720586,C++,C++ (GCC 9.2.1),cpp,Wrong Answer,32,4748,912,
s396777686,p02791,u558505664,1596720533,C++,C++ (GCC 9.2.1),cpp,Wrong Answer,32,4752,911,
s875717697,p02791,u801177665,1596715563,C++,C++ (GCC 9.2.1),cpp,Accepted,60,5032,420,
s570993997,p02791,u089230684,1596684901,C++,C++ (GCC 9.2.1),cpp,Accepted,57,4336,384,
s887072285,p02791,u145145077,1596655276,Python,Python (3.8.2),py,Accepted,115,32288,154,
s178415116,p02791,u648315264,1596646645,Python,PyPy3 (7.3.0),py,Accepted,112,103580,401,
s210685916,p02791,u167931717,1596612270,C++,C++ (GCC 9.2.1),cpp,Accepted,37,5296,4989,
s748891262,p02791,u379682992,1596611457,C++,C++ (GCC 9.2.1),cpp,Accepted,28,3656,1519,
s609336604,p02791,u379682992,1596611301,C++,C++ (GCC 9.2.1),cpp,Wrong Answer,30,3636,1521,
s379230888,p02791,u379682992,1596611234,C++,C++ (GCC 9.2.1),cpp,Compile Error,,,1533,
s051481353,p02791,u093041722,1596592127,Python,Python (3.8.2),py,Accepted,93,31752,125,
s527385028,p02791,u393220099,1596589968,C++,C++ (GCC 9.2.1),cpp,Accepted,26,3612,572,
s632516433,p02791,u425619511,1596581270,C++,C++ (GCC 9.2.1),cpp,Accepted,30,3972,798,
s906674075,p02791,u475844288,1596577420,C++,C++ (GCC 9.2.1),cpp,Accepted,61,3960,639,
s608882912,p02791,u376144840,1596575020,C++,C++ (GCC 9.2.1),cpp,Accepted,29,3696,377,
s937596540,p02791,u589969467,1596562699,Python,Python (3.8.2),py,Accepted,140,32312,355,
s955225437,p02791,u589969467,1596562352,Python,Python (3.8.2),py,Time Limit Exceeded,2206,32252,211,
s115632719,p02791,u384744829,1596556245,Python,Python (3.8.2),py,Time Limit Exceeded,2206,32264,126,
s763005509,p02791,u018679195,1596551603,C++,C++ (GCC 9.2.1),cpp,Accepted,32,4300,450,
s546908439,p02791,u863370423,1596551566,C++,C++ (GCC 9.2.1),cpp,Wrong Answer,30,4432,449,
s747094875,p02791,u816631826,1596550823,C++,C++ (GCC 9.2.1),cpp,Time Limit Exceeded,2205,4420,601,
s991341984,p02791,u018679195,1596550686,C++,C++ (GCC 9.2.1),cpp,Accepted,29,4408,410,
s360237539,p02791,u089230684,1596550385,C++,C++ (GCC 9.2.1),cpp,Wrong Answer,31,4348,370,
s334176904,p02791,u976940619,1596550168,C++,C++ (GCC 9.2.1),cpp,Accepted,59,4748,1800,
s030911280,p02791,u321761416,1596549389,C#,C# (.NET Core 3.1.201),cs,Accepted,118,42304,7615,
s086666540,p02791,u353919145,1596548714,C++,C++ (GCC 9.2.1),cpp,Accepted,32,4392,520,
s426432851,p02791,u353919145,1596546955,C++,C++ (GCC 9.2.1),cpp,Accepted,32,3944,603,
s412748300,p02791,u353919145,1596546809,C++,C++ (GCC 9.2.1),cpp,Accepted,31,3580,378,
s415139521,p02791,u338418253,1596541345,C++,C++ (GCC 9.2.1),cpp,Accepted,59,4856,821,
s509325824,p02791,u440276250,1596539683,Python,Python (3.8.2),py,Accepted,150,32368,251,
s764778034,p02791,u057109575,1596525039,Python,PyPy3 (7.3.0),py,Accepted,108,99792,170,
s968852357,p02791,u353919145,1596502638,C++,C++ (GCC 9.2.1),cpp,Wrong Answer,32,4368,393,
s278051808,p02791,u353919145,1596502570,C++,C++ (GCC 9.2.1),cpp,Wrong Answer,33,4420,394,
s105350472,p02791,u051671555,1596498277,C++,C++ (GCC 9.2.1),cpp,Accepted,58,3620,285,
s609071733,p02791,u018679195,1596491783,C++,C++ (GCC 9.2.1),cpp,Accepted,30,4392,526,
s165495303,p02791,u441744624,1596491613,C++,C++ (GCC 9.2.1),cpp,Accepted,31,5168,3922,
s331411736,p02791,u018679195,1596491383,C++,C++ (GCC 9.2.1),cpp,Wrong Answer,31,4308,462,
s358833703,p02791,u863370423,1596490953,C++,C++ (GCC 9.2.1),cpp,Wrong Answer,27,4380,461,
s178465097,p02791,u054825571,1596490684,Python,Python (3.8.2),py,Accepted,87,32376,124,
s935366725,p02791,u235376569,1596485603,Python,Python (3.8.2),py,Accepted,115,32224,170,
s886776916,p02791,u172465511,1596481311,C++,C++ (GCC 9.2.1),cpp,Accepted,57,5124,270,
s757097526,p02791,u187772564,1596480340,C++,C++ (GCC 9.2.1),cpp,Accepted,58,4032,302,
s119380031,p02791,u162722858,1596479118,C++,C++ (Clang 10.0.0),cpp,Accepted,117,3140,831,
s840168345,p02791,u439619952,1596478249,Python,Python (3.8.2),py,Accepted,84,32184,238,
s046145170,p02791,u008040394,1596464692,C++,C++ (GCC 9.2.1),cpp,Accepted,55,4032,377,
s446120182,p02791,u008040394,1596464249,C++,C++ (GCC 9.2.1),cpp,Time Limit Exceeded,2205,4164,397,
s980818758,p02791,u776723033,1596459416,Rust,Rust (1.42.0),rs,Accepted,21,4748,311,
s115009510,p02791,u776723033,1596459386,Rust,Rust (1.42.0),rs,Accepted,25,4844,705,
s504209839,p02791,u776723033,1596459010,Rust,Rust (1.42.0),rs,Time Limit Exceeded,2205,5000,540,
s177244615,p02791,u572345088,1596458422,Java,Java (OpenJDK 11.0.6),java,Accepted,252,60996,598,
s608663248,p02791,u572345088,1596458266,Java,Java (OpenJDK 11.0.6),java,Accepted,243,60892,593,
s115600485,p02791,u572345088,1596457822,Java,Java (OpenJDK 11.0.6),java,Time Limit Exceeded,2208,61452,612,
s442925187,p02791,u089230684,1596456043,C++,C++ (GCC 9.2.1),cpp,Accepted,27,4432,533,
s988241604,p02791,u776723033,1596455841,Rust,Rust (1.42.0),rs,Wrong Answer,26,4796,237,
s878492979,p02791,u537976628,1596454348,Python,Python (3.8.2),py,Accepted,89,32216,149,
s461778531,p02791,u537976628,1596453676,Python,Python (3.8.2),py,Time Limit Exceeded,2206,32368,138,
s472439970,p02791,u802950476,1596452234,C++,C++ (GCC 9.2.1),cpp,Accepted,33,3608,1248,
s982056397,p02791,u642625812,1596447368,C,C (GCC 9.2.1),c,Accepted,37,2492,422,
s150772502,p02791,u758815106,1596419907,Python,Python (3.8.2),py,Accepted,151,32388,215,
s526246940,p02791,u235027735,1596404728,Python,Python (3.8.2),py,Accepted,96,32324,167,
s451215487,p02791,u774438048,1596399097,C++,C++ (GCC 9.2.1),cpp,Accepted,39,4072,744,
s366156587,p02791,u627927445,1596394436,C++,C++ (GCC 9.2.1),cpp,Accepted,57,3624,272,
s543369586,p02791,u116002573,1596393679,Python,PyPy3 (7.3.0),py,Accepted,105,99912,268,
s904200747,p02791,u986591380,1596392803,C++,C++ (GCC 9.2.1),cpp,Accepted,33,3520,1387,
s403416231,p02791,u535565217,1596387388,C++,C++ (GCC 9.2.1),cpp,Accepted,31,4776,913,
s656155682,p02791,u347600233,1596371665,Python,Python (3.8.2),py,Accepted,92,32228,156,
s758782908,p02791,u347600233,1596371553,Python,Python (3.8.2),py,Accepted,106,32268,166,
s312357663,p02791,u347600233,1596371182,Python,Python (3.8.2),py,Time Limit Exceeded,2206,32380,105,
s677700155,p02791,u084069244,1596371068,C++,C++ (GCC 9.2.1),cpp,Accepted,56,6720,369,
s720313146,p02791,u836004075,1596368004,Python,Python (3.8.2),py,Accepted,88,32244,178,
s561090546,p02791,u806976856,1596335343,Python,Python (3.8.2),py,Accepted,102,32236,218,
s187753341,p02791,u458229572,1596329700,C++,C++ (GCC 9.2.1),cpp,Accepted,30,3616,424,
s401557477,p02791,u830663633,1596321555,C++,C++ (GCC 9.2.1),cpp,Accepted,55,4044,350,
s189503535,p02791,u600091079,1596311209,C++,C++ (GCC 9.2.1),cpp,Accepted,56,4408,643,
s242692464,p02791,u025236579,1596296003,Python,Python (3.8.2),py,Time Limit Exceeded,2206,32236,716,
s075446367,p02791,u025236579,1596295461,Python,Python (3.8.2),py,Time Limit Exceeded,2206,32208,670,
s681160942,p02791,u025236579,1596294893,Python,Python (3.8.2),py,Time Limit Exceeded,2206,32272,475,
s013958403,p02791,u265187423,1596291627,C++,C++ (GCC 9.2.1),cpp,Accepted,55,4040,549,
s180170306,p02791,u445807804,1596285003,Python,PyPy3 (7.3.0),py,Accepted,105,99632,161,
s436915031,p02791,u536467193,1596282929,C++,C++ (GCC 9.2.1),cpp,Accepted,58,4048,391,
s512809122,p02791,u499062271,1596274038,C++,C++ (GCC 9.2.1),cpp,Accepted,58,5148,352,
s358486776,p02791,u826103718,1596259414,C++,C++ (GCC 9.2.1),cpp,Accepted,57,4408,325,
s702895029,p02791,u106925272,1596244721,C++,C++ (GCC 9.2.1),cpp,Accepted,59,3992,506,
s580613074,p02791,u151236434,1596234468,C++,C++ (GCC 9.2.1),cpp,Accepted,55,4040,494,
s121771500,p02791,u395356190,1596233784,C++,C++ (GCC 9.2.1),cpp,Accepted,32,5160,723,
s636161333,p02791,u886696637,1596229501,C++,C++ (GCC 9.2.1),cpp,Accepted,29,4380,527,
s243859817,p02791,u484915405,1596224476,C++,C++ (GCC 9.2.1),cpp,Accepted,57,4016,519,
s690528040,p02791,u484915405,1596224308,C++,C++ (GCC 9.2.1),cpp,Time Limit Exceeded,2205,4176,548,
s822816012,p02791,u661308718,1596223574,C++,C++ (GCC 9.2.1),cpp,Accepted,56,4044,256,
s379139016,p02791,u627600101,1596208278,C++,C++ (GCC 9.2.1),cpp,Accepted,56,3612,243,
s571521329,p02791,u225777148,1596205896,C++,C++ (GCC 9.2.1),cpp,Accepted,57,4360,315,
s906156940,p02791,u285734280,1596204633,Java,Java (OpenJDK 11.0.6),java,Accepted,509,60104,518,
s441838298,p02791,u304593245,1596199689,Python,Python (3.8.2),py,Accepted,87,32204,284,
s028473571,p02791,u970315942,1596199282,C++,C++ (GCC 9.2.1),cpp,Accepted,58,4040,284,
s464614268,p02791,u089230684,1596197795,C++,C++ (GCC 9.2.1),cpp,Accepted,30,4356,448,
s974513312,p02791,u816631826,1596197734,C++,C++ (GCC 9.2.1),cpp,Wrong Answer,32,4440,446,
s459452752,p02791,u993381291,1596185286,C#,C# (.NET Core 3.1.201),cs,Accepted,117,42188,285,
s587027396,p02791,u993381291,1596185223,C#,C# (.NET Core 3.1.201),cs,Accepted,119,43904,344,
s942588894,p02791,u863370423,1596148980,C++,C++ (GCC 9.2.1),cpp,Accepted,60,4316,422,
s825186846,p02791,u027031022,1596148040,C++,C++ (GCC 9.2.1),cpp,Wrong Answer,54,4364,348,
s772859053,p02791,u353919145,1596147679,C++,C++ (GCC 9.2.1),cpp,Wrong Answer,59,4356,348,
s862504050,p02791,u418892821,1596124721,C++,C++ (GCC 9.2.1),cpp,Wrong Answer,2205,4188,436,
s044470333,p02791,u353919145,1596118701,C++,C++ (GCC 9.2.1),cpp,Accepted,32,4288,679,
s996433749,p02791,u018679195,1596118349,C++,C++ (GCC 9.2.1),cpp,Wrong Answer,29,4176,648,
s265351910,p02791,u766646838,1596116001,Python,Python (3.8.2),py,Accepted,117,31732,145,
s349143001,p02791,u328823138,1596108836,C++,C++ (GCC 9.2.1),cpp,Accepted,32,4388,1003,
s522296634,p02791,u198798034,1596107447,C++,C++ (GCC 9.2.1),cpp,Accepted,57,4424,293,
s344210737,p02791,u863370423,1596103938,C++,C++ (GCC 9.2.1),cpp,Accepted,31,4340,414,
s441209732,p02791,u112247039,1596070655,Python,Python (3.8.2),py,Accepted,114,32368,133,
s642428570,p02791,u558939989,1596047305,C++,C++ (GCC 9.2.1),cpp,Accepted,57,3632,580,
s049375951,p02791,u023461939,1596046459,C++,C++ (GCC 9.2.1),cpp,Accepted,28,3592,1097,
s308249326,p02791,u048502675,1596046021,Rust,Rust (1.42.0),rs,Accepted,24,4680,253,
s068824370,p02791,u232711814,1596031035,C++,C++ (GCC 9.2.1),cpp,Accepted,58,3988,1455,
s579593523,p02791,u087802159,1596026944,C++,C++ (GCC 9.2.1),cpp,Accepted,30,3992,794,
s757769435,p02791,u045289115,1596025362,C++,C++ (GCC 9.2.1),cpp,Accepted,59,4056,293,
s486060547,p02791,u089230684,1596022412,C++,C++ (GCC 9.2.1),cpp,Accepted,55,4416,243,
s473362734,p02791,u089230684,1596022300,C++,C++ (GCC 9.2.1),cpp,Accepted,59,4384,244,
s245884311,p02791,u816631826,1596022157,C++,C++ (GCC 9.2.1),cpp,Wrong Answer,57,4392,271,
s361989746,p02791,u863370423,1596022069,C++,C++ (GCC 9.2.1),cpp,Wrong Answer,57,4412,244,
s401588922,p02791,u089230684,1596021625,C++,C++ (GCC 9.2.1),cpp,Wrong Answer,57,4376,219,
s429110435,p02791,u853801469,1596021331,C++,C++ (Clang 10.0.0),cpp,Wrong Answer,113,3916,221,
s610888810,p02791,u816631826,1596021047,C++,C++ (GCC 9.2.1),cpp,Wrong Answer,56,4404,276,
s565076285,p02791,u492968387,1596018246,C++,C++ (GCC 9.2.1),cpp,Accepted,58,3656,382,
s164721476,p02791,u662615460,1596009748,Python,Python (3.8.2),py,Accepted,109,32364,157,
s706911615,p02791,u548768105,1595987035,C++,C++ (GCC 9.2.1),cpp,Accepted,61,4844,1473,
s131673050,p02791,u257332942,1595983053,Python,Python (3.8.2),py,Accepted,135,32276,181,
s792066817,p02791,u048773461,1595973909,C++,C++ (GCC 9.2.1),cpp,Accepted,34,4748,3344,
s426916631,p02791,u926006934,1595973067,C++,C++ (GCC 9.2.1),cpp,Accepted,61,6468,2295,
s017247131,p02791,u354638986,1595971524,C++,C++ (GCC 9.2.1),cpp,Accepted,29,3972,1723,
s550810426,p02791,u212328220,1595964929,Python,Python (3.8.2),py,Accepted,102,32192,161,
s858974766,p02791,u047176515,1595948526,C++,C++ (GCC 9.2.1),cpp,Accepted,84,5368,733,
s496960662,p02791,u816631826,1595947569,C++,C++ (GCC 9.2.1),cpp,Accepted,58,4412,351,
s293500783,p02791,u750466050,1595947554,C++,C++ (GCC 9.2.1),cpp,Accepted,58,4028,521,
s625593054,p02791,u636684559,1595947166,Python,Python (3.8.2),py,Accepted,119,32284,134,
s166770633,p02791,u740054550,1595947049,C++,C++ (GCC 9.2.1),cpp,Accepted,56,4004,2596,
s004101532,p02791,u040298438,1595945458,Python,Python (3.8.2),py,Accepted,109,32336,159,
s219455554,p02791,u450179832,1595935506,C++,C++ (GCC 9.2.1),cpp,Accepted,30,3696,483,
s908318463,p02791,u450179832,1595935317,C++,C++ (GCC 9.2.1),cpp,Wrong Answer,98,12964,497,
s937422764,p02791,u285681431,1595931906,Python,Python (3.8.2),py,Accepted,92,32384,155,
s998421135,p02791,u863370423,1595930192,C++,C++ (GCC 9.2.1),cpp,Accepted,57,4300,377,
s690604610,p02791,u018679195,1595929574,C++,C++ (GCC 9.2.1),cpp,Wrong Answer,58,4372,436,
s935676947,p02791,u161190523,1595927973,C++,C++ (GCC 9.2.1),cpp,Accepted,30,3956,994,
s478395059,p02791,u016987091,1595925640,C++,C++ (GCC 9.2.1),cpp,Accepted,56,3672,280,
s714341506,p02791,u626228246,1595921742,Python,Python (3.8.2),py,Accepted,132,32260,157,
s719642404,p02791,u487530783,1595921344,C++,C++ (GCC 9.2.1),cpp,Accepted,60,3984,409,
s098949031,p02791,u626228246,1595920818,Python,Python (3.8.2),py,Wrong Answer,104,32312,123,
s757397787,p02791,u002638660,1595908176,C++,C++ (GCC 9.2.1),cpp,Accepted,26,3620,404,
s289535939,p02791,u335978684,1595906463,Java,Java (OpenJDK 1.8.0),java,Accepted,476,50356,419,
s975598826,p02791,u335978684,1595905922,Java,Java (OpenJDK 1.8.0),java,Wrong Answer,468,50348,424,
s809074194,p02791,u335978684,1595905777,Java,Java (OpenJDK 1.8.0),java,Wrong Answer,468,50236,424,
s945288731,p02791,u863370423,1595894745,C++,C++ (GCC 9.2.1),cpp,Accepted,29,4228,534,
s173996402,p02791,u101513772,1595886615,C++,C++ (GCC 9.2.1),cpp,Accepted,27,4784,1749,
s310678602,p02791,u449922162,1595884356,C++,C++ (GCC 9.2.1),cpp,Accepted,56,3608,346,
s816905061,p02791,u039860745,1595874936,Python,Python (3.8.2),py,Accepted,137,32328,379,
s593690833,p02791,u039860745,1595874772,Python,Python (3.8.2),py,Time Limit Exceeded,2206,32208,280,
s751786439,p02791,u505564549,1595865253,Python,PyPy3 (7.3.0),py,Accepted,103,99796,182,
s846762518,p02791,u724092141,1595864155,C++,C++ (GCC 9.2.1),cpp,Accepted,29,5132,380,
s469045165,p02791,u624379471,1595860676,C++,C++ (GCC 9.2.1),cpp,Accepted,55,3520,308,
s063225594,p02791,u449922162,1595857013,C++,C++ (GCC 9.2.1),cpp,Accepted,56,3596,351,
s550476571,p02791,u538283043,1595855002,C++,C++ (GCC 9.2.1),cpp,Accepted,58,4740,364,
s942673055,p02791,u052656528,1595843355,C++,C++ (GCC 9.2.1),cpp,Accepted,55,4020,362,
s778058050,p02791,u569776981,1595839707,Python,Python (3.8.2),py,Time Limit Exceeded,2206,32376,257,
s980532947,p02791,u569776981,1595838433,Python,Python (3.8.2),py,Time Limit Exceeded,2206,32224,212,
s688814942,p02791,u862417957,1595802882,Python,Python (3.8.2),py,Accepted,130,32300,368,
s662545726,p02791,u446797786,1595802399,C++,C++ (GCC 9.2.1),cpp,Accepted,59,3976,1041,
s148882682,p02791,u202641516,1595788784,Python,Python (3.8.2),py,Accepted,110,32104,321,
s066790315,p02791,u202641516,1595788678,Python,Python (3.8.2),py,Runtime Error,155,45252,427,
s842410950,p02791,u486885312,1595779231,Python,Python (3.8.2),py,Time Limit Exceeded,2206,33676,3686,
s876267603,p02791,u592547545,1595753756,Python,Python (3.8.2),py,Accepted,107,32308,321,
s392023670,p02791,u714624983,1595726338,C++,C++ (GCC 9.2.1),cpp,Accepted,59,4056,438,
s301784061,p02791,u714624983,1595724813,C++,C++ (GCC 9.2.1),cpp,Compile Error,,,363,
s468297052,p02791,u112249856,1595720826,C++,C++ (GCC 9.2.1),cpp,Accepted,64,3972,310,
s884682676,p02791,u652363293,1595714953,Rust,Rust (1.42.0),rs,Accepted,23,4780,334,
s349679945,p02791,u116756586,1595714938,C++,C++ (GCC 9.2.1),cpp,Accepted,34,6360,724,
s994090300,p02791,u653981267,1595698422,Java,Java (OpenJDK 11.0.6),java,Accepted,516,58628,350,
s293287630,p02791,u893418950,1595697203,Python,Python (3.8.2),py,Runtime Error,104,24552,183,
s480040369,p02791,u875139518,1595690162,C++,C++ (GCC 9.2.1),cpp,Accepted,56,3600,295,
s533218813,p02791,u612975321,1595688846,Python,Python (3.8.2),py,Accepted,104,32404,154,
s960960603,p02791,u587622858,1595687374,C++,C++ (GCC 9.2.1),cpp,Accepted,53,4016,321,
s922480498,p02791,u798361174,1595683048,C++,C++ (GCC 9.2.1),cpp,Accepted,55,4416,561,
s719891243,p02791,u089230684,1595680353,C++,C++ (GCC 9.2.1),cpp,Accepted,57,3620,295,
s340725443,p02791,u788260274,1595678383,Python,Python (3.8.2),py,Accepted,146,31916,291,
s088356778,p02791,u587622858,1595676919,C++,C++ (GCC 9.2.1),cpp,Accepted,55,4048,340,
s681316896,p02791,u275854420,1595674325,C++,C++ (GCC 9.2.1),cpp,Wrong Answer,30,4768,2820,
s054255962,p02791,u741144749,1595666160,C++,C++ (GCC 9.2.1),cpp,Accepted,57,4320,412,
s555500117,p02791,u741144749,1595665769,C++,C++ (GCC 9.2.1),cpp,Time Limit Exceeded,2205,4228,400,
s376380976,p02791,u556774846,1595653256,C++,C++ (GCC 9.2.1),cpp,Accepted,56,3624,898,
s622913855,p02791,u707187541,1595640070,Python,Python (3.8.2),py,Time Limit Exceeded,2206,32364,185,
s087061895,p02791,u019685451,1595636194,Python,Python (3.8.2),py,Accepted,121,32380,147,
s203489955,p02791,u550146922,1595629017,Python,Python (3.8.2),py,Accepted,164,32184,205,
s926318532,p02791,u550146922,1595628727,Python,Python (3.8.2),py,Time Limit Exceeded,2206,32388,182,
s203461190,p02791,u367701763,1595626116,Python,PyPy3 (7.3.0),py,Accepted,104,99932,163,
s822007414,p02791,u848474926,1595625993,C++,C++ (GCC 9.2.1),cpp,Accepted,56,3628,384,
s503414231,p02791,u871830386,1595621040,C++,C++ (GCC 9.2.1),cpp,Accepted,30,3640,345,
s886829495,p02791,u128015095,1595619832,Go,Go (1.14.1),go,Accepted,1098,6352,241,
s707741259,p02791,u128015095,1595619764,Go,Go (1.14.1),go,Accepted,1094,6444,269,
s665716298,p02791,u128015095,1595619253,Go,Go (1.14.1),go,Time Limit Exceeded,2205,6440,362,
s556735218,p02791,u128015095,1595618981,Go,Go (1.14.1),go,Time Limit Exceeded,2205,6436,392,
s821754679,p02791,u052656528,1595617999,C++,C++ (GCC 9.2.1),cpp,Accepted,60,4024,353,
s458234689,p02791,u607521022,1595611872,C++,C++ (GCC 9.2.1),cpp,Accepted,58,5160,631,
s248515598,p02791,u279266699,1595610493,Python,Python (3.8.2),py,Accepted,91,32372,139,
s351565564,p02791,u279266699,1595610205,Python,Python (3.8.2),py,Time Limit Exceeded,2206,32364,143,
s722169665,p02791,u331498629,1595605304,C++,C++ (GCC 9.2.1),cpp,Accepted,57,4836,513,
s783386880,p02791,u052656528,1595602013,C++,C++ (GCC 9.2.1),cpp,Wrong Answer,2205,4168,437,
s618151561,p02791,u052656528,1595601308,C++,C++ (GCC 9.2.1),cpp,Time Limit Exceeded,2205,4188,381,
s009580660,p02791,u052656528,1595600689,C++,C++ (GCC 9.2.1),cpp,Wrong Answer,56,4016,315,
s005264002,p02791,u052656528,1595600451,C++,C++ (GCC 9.2.1),cpp,Wrong Answer,57,3964,314,
s160145854,p02791,u309716323,1595599635,Python,PyPy3 (7.3.0),py,Accepted,100,91332,401,
s299393982,p02791,u574922408,1595579466,Python,PyPy3 (7.3.0),py,Accepted,106,103428,435,
s013132569,p02791,u605168157,1595578623,C++,C++ (GCC 9.2.1),cpp,Accepted,58,4144,618,
s950884744,p02791,u657913472,1595577990,dc,dc (1.4.1),dc,Accepted,524,63928,23,
s747565102,p02791,u849756457,1595571132,Python,Python (3.8.2),py,Accepted,111,32232,195,
s876996534,p02791,u242580186,1595545244,Python,Python (3.8.2),py,Accepted,126,32392,398,
s227303851,p02791,u243253315,1595538716,C++,C++ (GCC 9.2.1),cpp,Accepted,28,3980,843,
s702832962,p02791,u633255271,1595532625,Python,Python (3.8.2),py,Accepted,88,32236,139,
s736210188,p02791,u479484272,1595519512,Python,Python (3.8.2),py,Accepted,95,32320,178,
s931928988,p02791,u479484272,1595518661,Python,Python (3.8.2),py,Time Limit Exceeded,2206,32376,155,
s969614899,p02791,u479484272,1595517217,Python,Python (3.8.2),py,Time Limit Exceeded,2206,32284,171,
s865877702,p02791,u479484272,1595516909,Python,Python (3.8.2),py,Time Limit Exceeded,2206,32372,255,
s764142005,p02791,u185806788,1595516835,Python,PyPy3 (7.3.0),py,Time Limit Exceeded,2208,99860,145,
s875058531,p02791,u479484272,1595516799,Python,Python (3.8.2),py,Time Limit Exceeded,2206,32340,292,
s270060283,p02791,u185806788,1595516710,Python,PyPy3 (7.3.0),py,Wrong Answer,2208,99748,150,
s411539169,p02791,u479484272,1595515176,Python,Python (3.8.2),py,Time Limit Exceeded,2206,32280,279,
s306400490,p02791,u198930868,1595503833,Python,PyPy3 (7.3.0),py,Accepted,104,99888,163,
s916000772,p02791,u476635134,1595503496,Java,Java (OpenJDK 11.0.6),java,Accepted,527,61820,397,
s384992950,p02791,u476635134,1595503476,Java,Java (OpenJDK 11.0.6),java,Runtime Error,517,61700,421,
s004596799,p02791,u198930868,1595503057,Python,PyPy3 (7.3.0),py,Time Limit Exceeded,2213,232520,186,
s104089577,p02791,u198930868,1595502242,Python,PyPy3 (7.3.0),py,Time Limit Exceeded,2214,254580,151,
s826548413,p02791,u719722152,1595497721,C++,C++ (GCC 9.2.1),cpp,Accepted,31,3972,471,
s369183706,p02791,u102205389,1595495407,C++,C++ (GCC 9.2.1),cpp,Accepted,31,3880,926,
s673289060,p02791,u875769753,1595487528,Python,PyPy3 (7.3.0),py,Accepted,108,99836,171,
s408362295,p02791,u875769753,1595487471,Python,PyPy3 (7.3.0),py,Wrong Answer,108,99940,171,
s433954302,p02791,u875769753,1595487327,Python,PyPy3 (7.3.0),py,Wrong Answer,105,99952,171,
s297658646,p02791,u875769753,1595486917,Python,PyPy3 (7.3.0),py,Wrong Answer,2211,220224,141,
s933398539,p02791,u522140891,1595454129,Python,PyPy3 (7.3.0),py,Accepted,110,102944,395,
s250426510,p02791,u190580703,1595446288,C++,C++ (GCC 9.2.1),cpp,Accepted,32,4740,4201,
s551125959,p02791,u146803137,1595444243,Python,Python (3.8.2),py,Accepted,129,32376,165,
s907598965,p02791,u146803137,1595443878,Python,Python (3.8.2),py,Time Limit Exceeded,2206,32344,151,
s105611368,p02791,u840269340,1595443155,C++,C++ (GCC 9.2.1),cpp,Accepted,57,4404,469,
s274729765,p02791,u323122636,1595429928,C++,C++ (GCC 9.2.1),cpp,Accepted,34,3992,562,
s665087716,p02791,u948698924,1595420079,C++,C++ (GCC 9.2.1),cpp,Accepted,62,4792,353,
s316401837,p02791,u598844232,1595414758,Scala,Scala (2.13.1),scala,Time Limit Exceeded,2205,81296,340,
s314512017,p02791,u014333473,1595407707,Python,Python (3.8.2),py,Accepted,99,32320,109,
s682442113,p02791,u976337934,1595406660,Python,Python (3.8.2),py,Accepted,120,32280,396,
s647993895,p02791,u004161348,1595405310,Scala,Scala (2.13.1),scala,Runtime Error,658,75356,279,
s391161622,p02791,u602500004,1595400171,Python,Python (3.8.2),py,Accepted,169,51020,958,
s856929900,p02791,u602500004,1595399706,Python,Python (3.8.2),py,Wrong Answer,203,51068,842,
s273000379,p02791,u602500004,1595399543,Python,Python (3.8.2),py,Wrong Answer,236,51136,736,
s758540005,p02791,u602500004,1595399506,Python,Python (3.8.2),py,Wrong Answer,245,51028,734,
s129886933,p02791,u414376763,1595398971,Python,Python (3.8.2),py,Accepted,102,32360,159,
s517800706,p02791,u902786897,1595390643,C++,C++ (GCC 9.2.1),cpp,Accepted,57,3736,11704,
s629185450,p02791,u402734162,1595382641,C++,C++ (GCC 9.2.1),cpp,Accepted,57,5100,327,
s856065619,p02791,u854962015,1595376638,Python,Python (3.8.2),py,Accepted,99,32244,110,
s794506794,p02791,u684448032,1595368566,C++,C++ (GCC 9.2.1),cpp,Accepted,32,4616,368,
s777575606,p02791,u635621124,1595363329,Python,PyPy3 (7.3.0),py,Accepted,126,119180,409,
s346442118,p02791,u779170803,1595363312,Python,Python (3.8.2),py,Accepted,105,32244,419,
s508465990,p02791,u112887319,1595361612,C++,C++ (GCC 9.2.1),cpp,Accepted,58,4020,415,
s208419477,p02791,u791686437,1595361233,C++,C++ (GCC 9.2.1),cpp,Accepted,56,3644,386,
s122181357,p02791,u222188267,1595358687,C++,C++ (GCC 9.2.1),cpp,Accepted,58,4832,1024,
s450240255,p02791,u915401678,1595357675,C++,C++ (GCC 9.2.1),cpp,Accepted,55,3624,571,
s701934789,p02791,u240630407,1595355913,Python,Python (3.8.2),py,Accepted,92,32288,315,
s718726259,p02791,u657913472,1595355320,Awk,Awk (GNU Awk 4.1.4),awk,Accepted,109,25948,38,
s083264681,p02791,u657913472,1595355298,Awk,Awk (GNU Awk 4.1.4),awk,Wrong Answer,117,25860,37,
s372952925,p02791,u923172145,1595353662,Python,PyPy3 (7.3.0),py,Accepted,105,99992,153,
s191126520,p02791,u507114778,1595343345,C++,C++ (GCC 9.2.1),cpp,Accepted,32,3636,383,
s091221818,p02791,u255994242,1595342603,C++,C++ (Clang 10.0.0),cpp,Accepted,126,3976,365,
s772734263,p02791,u415020183,1595333144,Swift,Swift (5.2.1),swift,Accepted,259,23556,487,
s930406278,p02791,u467535434,1595274211,Go,Go (1.14.1),go,Accepted,37,3252,594,
s714742735,p02791,u467535434,1595273768,Go,Go (1.14.1),go,Time Limit Exceeded,2205,4860,588,
s649890659,p02791,u241367243,1595272122,C++,C++ (GCC 9.2.1),cpp,Accepted,31,5220,1715,
s774892906,p02791,u399195724,1595268624,C++,C++ (GCC 9.2.1),cpp,Accepted,30,3640,4255,
s725028868,p02791,u310035060,1595265958,Python,PyPy3 (7.3.0),py,Accepted,103,99948,145,
s379406662,p02791,u441175813,1595263902,Python,PyPy3 (7.3.0),py,Accepted,104,99460,175,
s242926758,p02791,u310035060,1595263849,Python,PyPy3 (7.3.0),py,Time Limit Exceeded,2211,232212,232,
s806791771,p02791,u441175813,1595263556,Python,PyPy3 (7.3.0),py,Time Limit Exceeded,2211,233476,153,
s793715657,p02791,u441175813,1595262944,Python,PyPy3 (7.3.0),py,Wrong Answer,108,99904,136,
s852307040,p02791,u310035060,1595262034,Python,PyPy3 (7.3.0),py,Time Limit Exceeded,2208,99892,238,
s819741079,p02791,u310035060,1595261439,Python,PyPy3 (7.3.0),py,Time Limit Exceeded,2208,99464,221,
s685668392,p02791,u806149832,1595253465,C++,C++ (GCC 9.2.1),cpp,Accepted,61,7216,355,
s232095054,p02791,u510331904,1595251723,Python,Python (3.8.2),py,Time Limit Exceeded,2206,32308,140,
s881080797,p02791,u510331904,1595251431,Python,Python (3.8.2),py,Time Limit Exceeded,2206,32340,215,
s636079122,p02791,u809918012,1595251048,C++,C++ (GCC 9.2.1),cpp,Accepted,58,4776,359,
s626446689,p02791,u600995315,1595245582,Bash,Bash (5.0.11),sh,Accepted,121,4148,36,
s319721837,p02791,u600995315,1595245492,Bash,Bash (5.0.11),sh,Wrong Answer,117,4176,38,
s198883590,p02791,u600995315,1595245446,Bash,Bash (5.0.11),sh,Wrong Answer,106,4252,36,
s255132480,p02791,u182310429,1595237330,C++,C++ (GCC 9.2.1),cpp,Accepted,56,4356,342,
s755124100,p02791,u395125142,1595236972,C++,C++ (GCC 9.2.1),cpp,Accepted,57,4420,375,
s726808460,p02791,u249077731,1595234481,Python,Python (3.8.2),py,Time Limit Exceeded,2206,31724,108,
s009470215,p02791,u398221039,1595232862,C++,C++ (GCC 9.2.1),cpp,Accepted,54,4316,603,
s385094356,p02791,u243312682,1595221064,Python,Python (3.8.2),py,Accepted,93,32236,263,
s538250796,p02791,u465342836,1595220097,Ruby,Ruby (2.7.1),rb,Accepted,115,27284,140,
s782866817,p02791,u465342836,1595219100,Ruby,Ruby (2.7.1),rb,Wrong Answer,120,27256,97,
s144962419,p02791,u465342836,1595218119,Ruby,Ruby (2.7.1),rb,Time Limit Exceeded,2206,27436,112,
s830239295,p02791,u465342836,1595217262,Ruby,Ruby (2.7.1),rb,Time Limit Exceeded,2206,27768,130,
s083061836,p02791,u660899380,1595206866,Python,PyPy3 (7.3.0),py,Accepted,218,99756,154,
s206880103,p02791,u151236434,1595204430,C,C (GCC 9.2.1),c,Accepted,37,2512,383,
s900487008,p02791,u151236434,1595204147,C,C (GCC 9.2.1),c,Time Limit Exceeded,2205,3088,453,
s350550753,p02791,u045091221,1595194845,C++,C++ (GCC 9.2.1),cpp,Accepted,31,3648,880,
s008443595,p02791,u282807996,1595194801,C++,C++ (GCC 9.2.1),cpp,Accepted,55,4060,321,
s374925476,p02791,u756000295,1595194663,Go,Go (1.14.1),go,Accepted,38,7456,755,
s353365617,p02791,u282807996,1595194617,C++,C++ (GCC 9.2.1),cpp,Time Limit Exceeded,2205,4196,360,
s908215384,p02791,u282807996,1595194198,C++,C++ (GCC 9.2.1),cpp,Wrong Answer,58,4780,352,
s361391061,p02791,u756000295,1595194023,Go,Go (1.14.1),go,Wrong Answer,39,5832,610,
s292158402,p02791,u282807996,1595193405,C++,C++ (GCC 9.2.1),cpp,Time Limit Exceeded,2205,4132,379,
s156924185,p02791,u562935282,1595190303,Python,Python (3.8.2),py,Accepted,77,32292,562,
s552494650,p02791,u160169132,1595189801,Python,Python (3.8.2),py,Accepted,104,32212,169,
s792053181,p02791,u160169132,1595189526,Python,Python (3.8.2),py,Time Limit Exceeded,2206,32308,164,
s010051218,p02791,u160169132,1595189418,Python,Python (3.8.2),py,Time Limit Exceeded,2206,32228,176,
s364739744,p02791,u160169132,1595189332,Python,Python (3.8.2),py,Time Limit Exceeded,2206,32308,202,
s978654158,p02791,u160169132,1595188889,Python,Python (3.8.2),py,Wrong Answer,2206,32284,228,
s676994654,p02791,u671889550,1595188022,Python,Python (3.8.2),py,Accepted,100,32376,208,
s468676171,p02791,u671889550,1595187561,Python,Python (3.8.2),py,Time Limit Exceeded,2206,32196,140,
s098347477,p02791,u671889550,1595187215,Python,Python (3.8.2),py,Time Limit Exceeded,2206,32292,140,
s796753104,p02791,u671889550,1595186317,Python,PyPy3 (7.3.0),py,Time Limit Exceeded,2211,256556,151,
s952700872,p02791,u671889550,1595186226,Python,Python (3.8.2),py,Time Limit Exceeded,2206,32372,151,
s592260628,p02791,u671889550,1595185645,Python,Python (3.8.2),py,Time Limit Exceeded,2206,32236,190,
s488009094,p02791,u616542081,1595185052,Python,Python (3.8.2),py,Accepted,156,32372,238,
s981972904,p02791,u616542081,1595183053,Python,Python (3.8.2),py,Time Limit Exceeded,2206,32292,144,
s149973530,p02791,u886310677,1595167724,C++,C++ (GCC 9.2.1),cpp,Accepted,28,5088,955,
s142893102,p02791,u886310677,1595167410,C++,C++ (GCC 9.2.1),cpp,Wrong Answer,28,5156,929,
s568083166,p02791,u886310677,1595167368,C++,C++ (GCC 9.2.1),cpp,Wrong Answer,31,5184,928,
s593429427,p02791,u886310677,1595167326,C++,C++ (GCC 9.2.1),cpp,Wrong Answer,25,4396,932,
s616860278,p02791,u446711904,1595161072,Python,Python (3.8.2),py,Accepted,135,31704,138,
s918344468,p02791,u446711904,1595160802,Python,Python (3.8.2),py,Time Limit Exceeded,2206,31664,108,
s166876240,p02791,u516554284,1595158776,Python,Python (3.8.2),py,Accepted,128,32360,194,
s016639748,p02791,u075303794,1595157792,Python,Python (3.8.2),py,Accepted,103,32284,149,
s921824433,p02791,u075303794,1595157727,Python,Python (3.8.2),py,Wrong Answer,100,32248,149,
s556326067,p02791,u075303794,1595157663,Python,Python (3.8.2),py,Runtime Error,45,24240,143,
s049670871,p02791,u085927574,1595148450,C++,C++ (GCC 9.2.1),cpp,Accepted,56,3604,423,
s304212349,p02791,u936176493,1595144942,C++,C++ (GCC 9.2.1),cpp,Accepted,61,3988,329,
s157346516,p02791,u936176493,1595144237,C++,C++ (GCC 9.2.1),cpp,Wrong Answer,57,4060,316,
s295437858,p02791,u936176493,1595144136,C++,C++ (GCC 9.2.1),cpp,Wrong Answer,59,3984,315,
s861648760,p02791,u085634861,1595133241,C++,C++ (GCC 9.2.1),cpp,Accepted,32,4796,1626,
s904750179,p02791,u024782094,1595106915,Python,PyPy3 (7.3.0),py,Accepted,137,95484,429,
s813779623,p02791,u691380397,1595106790,C++,C++ (GCC 9.2.1),cpp,Accepted,56,4056,1063,
s037979220,p02791,u272632379,1595104727,C++,C++ (GCC 9.2.1),cpp,Accepted,57,4320,451,
s081112173,p02791,u464355268,1595103467,C++,C++ (GCC 9.2.1),cpp,Accepted,32,3964,1257,
s203640228,p02791,u272632379,1595103382,C++,C++ (GCC 9.2.1),cpp,Wrong Answer,56,4212,346,
s124655743,p02791,u029251499,1595101659,Python,Python (3.8.2),py,Accepted,90,32284,149,
s723139555,p02791,u029251499,1595101546,Python,Python (3.8.2),py,Accepted,98,32108,149,
s645655857,p02791,u055538052,1595101508,C++,C++ (GCC 9.2.1),cpp,Accepted,30,4976,1411,
s561255030,p02791,u241159583,1595101123,Python,Python (3.8.2),py,Time Limit Exceeded,2207,36956,322,
s347407118,p02791,u849151695,1595100715,C++,C++ (GCC 9.2.1),cpp,Accepted,59,4056,549,
s863213072,p02791,u671257784,1595100475,C++,C++ (GCC 9.2.1),cpp,Accepted,30,3556,3445,
s028310179,p02791,u229156891,1595100369,Python,Python (3.8.2),py,Accepted,158,32388,239,
s275998797,p02791,u970197315,1595100269,Python,Python (3.8.2),py,Accepted,105,32372,201,
s746331513,p02791,u782144261,1595100225,C++,C++ (GCC 9.2.1),cpp,Accepted,58,3636,738,
s358567437,p02791,u886613668,1595100070,C++,C++ (GCC 9.2.1),cpp,Accepted,57,4048,411,
s556746053,p02791,u742960659,1595099920,C#,C# (.NET Core 3.1.201),cs,Accepted,117,43064,491,
s034674037,p02791,u644907318,1595099747,Python,PyPy3 (7.3.0),py,Accepted,314,108160,236,
s235241587,p02791,u733814820,1595099731,Python,Python (3.8.2),py,Accepted,106,32300,237,
s893323820,p02791,u241159583,1595099730,Python,Python (3.8.2),py,Accepted,104,32372,154,
s687906612,p02791,u054514819,1595099649,Python,PyPy3 (7.3.0),py,Accepted,187,99924,262,
s418622838,p02791,u843175622,1595099604,Rust,Rust (1.42.0),rs,Accepted,21,4784,526,
s720581141,p02791,u264265458,1595099425,C++,C++ (GCC 9.2.1),cpp,Accepted,28,4804,3636,
s610232859,p02791,u308463793,1595099421,C++,C++ (GCC 9.2.1),cpp,Accepted,53,4008,1033,
s434095339,p02791,u545364250,1595099398,C++,C++ (GCC 9.2.1),cpp,Accepted,60,4852,6131,
s610345999,p02791,u328656362,1595099350,Go,Go (1.14.1),go,Accepted,110,4880,562,
s916312748,p02791,u318127926,1595099303,Python,Python (3.8.2),py,Accepted,127,32376,158,
s040229430,p02791,u046158516,1595099288,Python,PyPy3 (7.3.0),py,Accepted,106,99968,126,
s907827331,p02791,u504836877,1595099233,Python,Python (3.8.2),py,Accepted,97,32328,140,
s360829799,p02791,u179778090,1595099177,C++,C++ (GCC 9.2.1),cpp,Accepted,57,4048,1150,
s409609299,p02791,u617826263,1595099175,C++,C++ (GCC 9.2.1),cpp,Accepted,59,4052,718,
s535544603,p02791,u478462004,1595099169,C++,C++ (GCC 9.2.1),cpp,Accepted,57,4000,621,
s362393433,p02791,u577774192,1595099160,C++,C++ (GCC 9.2.1),cpp,Accepted,60,4908,4844,
s974541403,p02791,u280096880,1595099151,C++,C++ (GCC 9.2.1),cpp,Accepted,34,4616,1086,
s561930689,p02791,u345966487,1595099139,Python,Python (3.8.2),py,Accepted,107,31040,482,
s795572103,p02791,u732412551,1595099128,Rust,Rust (1.42.0),rs,Accepted,22,4780,5622,
s124527617,p02791,u972350827,1595099121,C#,C# (.NET Core 3.1.201),cs,Accepted,114,43208,90907,
s633015875,p02791,u009414205,1595099074,C++,C++ (GCC 9.2.1),cpp,Accepted,29,3996,1105,
s701667472,p02791,u781458283,1595098058,C++,C++ (Clang 10.0.0),cpp,Accepted,34,3212,608,
s667928920,p02791,u781458283,1595097950,C++,C++ (Clang 10.0.0),cpp,Accepted,34,3992,625,
s016919381,p02791,u781458283,1595097679,C++,C++ (Clang 10.0.0),cpp,Wrong Answer,2205,3764,715,
s380946190,p02791,u126146165,1595092323,C++,C++ (GCC 9.2.1),cpp,Accepted,59,3632,433,
s978055254,p02791,u963667945,1595088957,C++,C++ (GCC 9.2.1),cpp,Accepted,30,3952,491,
s136396355,p02791,u841568901,1595080703,Python,Python (3.8.2),py,Accepted,126,32192,126,
s741930624,p02791,u989611568,1595073819,C++,C++ (GCC 9.2.1),cpp,Accepted,102,13496,1540,
s663574988,p02791,u455354923,1595070186,Python,PyPy3 (7.3.0),py,Accepted,107,99848,321,
s490680115,p02791,u455354923,1595070044,Python,PyPy3 (7.3.0),py,Time Limit Exceeded,2214,231684,229,
s887027672,p02791,u781458283,1595061315,C++,C++ (Clang 10.0.0),cpp,Time Limit Exceeded,2205,3888,904,
s422160289,p02791,u380579419,1595052477,C++,C++ (GCC 9.2.1),cpp,Wrong Answer,33,3648,268,
s337786757,p02791,u380579419,1595052389,C++,C++ (GCC 9.2.1),cpp,Wrong Answer,26,3632,272,
s868775352,p02791,u380579419,1595052296,C++,C++ (GCC 9.2.1),cpp,Wrong Answer,32,3652,267,
s747713888,p02791,u281400445,1595048637,C++,C++ (GCC 9.2.1),cpp,Accepted,57,4044,400,
s158089466,p02791,u281400445,1595048204,C++,C++ (GCC 9.2.1),cpp,Time Limit Exceeded,2205,4892,482,
s144401239,p02791,u281400445,1595046416,C++,C++ (GCC 9.2.1),cpp,Time Limit Exceeded,2205,4144,536,
s905288148,p02791,u763305834,1595038393,C++,C++ (GCC 9.2.1),cpp,Accepted,56,4756,719,
s810966630,p02791,u919394785,1595018888,C++,C++ (GCC 9.2.1),cpp,Accepted,58,3984,291,
s436122181,p02791,u041781161,1595011510,C++,C++ (GCC 9.2.1),cpp,Accepted,60,5020,654,
s454048460,p02791,u912162189,1595005141,C++,C++ (Clang 10.0.0),cpp,Accepted,111,3128,1785,
s670078647,p02791,u996564551,1595004769,Python,Python (3.8.2),py,Accepted,111,32256,193,
s862407465,p02791,u584174687,1594997216,Python,PyPy3 (7.3.0),py,Accepted,124,99476,550,
s963004237,p02791,u967864815,1594995205,Python,Python (3.8.2),py,Accepted,88,32252,159,
s276479979,p02791,u377834804,1594976487,Python,PyPy3 (7.3.0),py,Accepted,193,99472,173,
s592597901,p02791,u377834804,1594976393,Python,PyPy3 (7.3.0),py,Runtime Error,89,68692,194,
s362592325,p02791,u357751375,1594974485,Python,Python (3.8.2),py,Accepted,134,32380,162,
s753435272,p02791,u357751375,1594974397,Python,Python (3.8.2),py,Time Limit Exceeded,2206,32376,155,
s059700787,p02791,u357751375,1594974327,Python,Python (3.8.2),py,Time Limit Exceeded,2206,32092,146,
s890709742,p02791,u357751375,1594973698,Python,Python (3.8.2),py,Time Limit Exceeded,2206,32292,180,
s095516759,p02791,u836311327,1594961922,Python,Python (3.8.2),py,Accepted,117,32324,139,
s600227004,p02791,u371409687,1594945652,Python,Python (3.8.2),py,Accepted,88,32336,133,
s584445575,p02791,u663370560,1594921210,Java,Java (OpenJDK 11.0.6),java,Accepted,513,60220,520,
s127011237,p02791,u516949135,1594920716,Python,Python (3.8.2),py,Accepted,106,32344,206,
s237800944,p02791,u141768747,1594906346,C#,C# (.NET Core 3.1.201),cs,Accepted,122,43016,520,
s670441846,p02791,u463295948,1594905600,C++,C++ (GCC 9.2.1),cpp,Accepted,27,3948,2893,
s457593560,p02791,u131464432,1594898908,Python,Python (3.8.2),py,Accepted,90,32284,134,
s405474935,p02791,u440883217,1594888605,C++,C++ (GCC 9.2.1),cpp,Accepted,58,4360,216,
s022083222,p02791,u440883217,1594888473,C++,C++ (GCC 9.2.1),cpp,Wrong Answer,57,4396,200,
s870338252,p02791,u440883217,1594882203,C++,C++ (GCC 9.2.1),cpp,Time Limit Exceeded,2205,4424,276,
s011883912,p02791,u440883217,1594881357,C++,C++ (GCC 9.2.1),cpp,Time Limit Exceeded,2205,4376,267,
s068534446,p02791,u440883217,1594881239,C++,C++ (GCC 9.2.1),cpp,Wrong Answer,2205,4288,267,
s669807260,p02791,u814271993,1594874019,Python,Python (3.8.2),py,Accepted,99,32272,174,
s969965027,p02791,u036104576,1594854166,Python,Python (3.8.2),py,Accepted,128,32212,271,
s779498528,p02791,u947008426,1594847694,Scala,Scala (2.13.1),scala,Accepted,660,76052,332,
s670187435,p02791,u271210469,1594839966,Python,PyPy3 (7.3.0),py,Accepted,106,99696,141,
s349280323,p02791,u679089074,1594821728,Python,Python (3.8.2),py,Accepted,128,32248,185,
s289083162,p02791,u679089074,1594820719,Python,Python (3.8.2),py,Time Limit Exceeded,2206,32240,286,
s575679544,p02791,u679089074,1594820109,Python,PyPy3 (7.3.0),py,Time Limit Exceeded,2211,233844,161,
s810065487,p02791,u679089074,1594820011,Python,Python (3.8.2),py,Time Limit Exceeded,2206,32360,161,
s854115105,p02791,u455408345,1594819341,Python,Python (3.8.2),py,Accepted,106,24456,156,
s932658128,p02791,u679089074,1594819115,Python,Python (3.8.2),py,Time Limit Exceeded,2206,32212,224,
s832333832,p02791,u455354923,1594802073,Python,PyPy3 (7.3.0),py,Time Limit Exceeded,2211,232268,229,
s771990302,p02791,u271469978,1594798314,Python,Python (3.8.2),py,Accepted,85,24428,136,
s325197934,p02791,u600995315,1594795854,Awk,Awk (GNU Awk 4.1.4),awk,Accepted,113,26052,37,
s101899950,p02791,u600995315,1594795760,Awk,Awk (GNU Awk 4.1.4),awk,Wrong Answer,107,26036,36,
s325468264,p02791,u600995315,1594795501,Awk,Awk (GNU Awk 4.1.4),awk,Wrong Answer,89,4164,32,
s577661061,p02791,u359155363,1594782636,C++,C++ (GCC 9.2.1),cpp,Accepted,58,4912,3751,
s045321977,p02791,u359155363,1594782145,C++,C++ (GCC 9.2.1),cpp,Wrong Answer,58,4824,3715,
s611772130,p02791,u359155363,1594782021,C++,C++ (GCC 9.2.1),cpp,Compile Error,,,275,
s234390069,p02791,u359155363,1594764095,C++,C++ (GCC 9.2.1),cpp,Wrong Answer,59,4840,3714,
s078210164,p02791,u359155363,1594763836,C++,C++ (GCC 9.2.1),cpp,Runtime Error,113,4828,3714,
s625834527,p02791,u359155363,1594763761,C++,C++ (GCC 9.2.1),cpp,Wrong Answer,57,4800,3716,
s898779620,p02791,u430726059,1594762186,Python,Python (3.8.2),py,Accepted,107,32176,135,
s111780357,p02791,u447455959,1594760390,C++,C++ (GCC 9.2.1),cpp,Accepted,58,4036,454,
s772148944,p02791,u299658942,1594757472,C++,C++ (GCC 9.2.1),cpp,Accepted,123,16028,1379,
s167685786,p02791,u299658942,1594756972,C++,C++ (GCC 9.2.1),cpp,Wrong Answer,127,16140,1377,
s600583909,p02791,u299658942,1594756935,C++,C++ (GCC 9.2.1),cpp,Wrong Answer,131,16112,1360,
s709408244,p02791,u268128854,1594747820,C++,C++ (GCC 9.2.1),cpp,Accepted,59,5092,369,
s993564073,p02791,u280175105,1594745683,C++,C++ (GCC 9.2.1),cpp,Accepted,58,4068,544,
s441231151,p02791,u730769327,1594745360,Python,Python (3.8.2),py,Accepted,102,32124,128,
s289296002,p02791,u430928274,1594743795,Python,Python (3.8.2),py,Accepted,101,32372,228,
s736434736,p02791,u430928274,1594743265,Python,Python (3.8.2),py,Time Limit Exceeded,2206,32220,216,
s597731349,p02791,u974151984,1594738419,C++,C++ (Clang 10.0.0),cpp,Accepted,119,4740,760,
s985472954,p02791,u974151984,1594738183,C++,C++ (Clang 10.0.0),cpp,Time Limit Exceeded,2205,4520,867,
s151299363,p02791,u038537254,1594720669,C++,C++ (GCC 9.2.1),cpp,Accepted,59,4832,2020,
s014277185,p02791,u038537254,1594720620,C++,C++ (GCC 9.2.1),cpp,Wrong Answer,61,4836,2022,
s575333739,p02791,u388134182,1594718973,C++,C++ (GCC 9.2.1),cpp,Accepted,59,6380,873,
s359798986,p02791,u388134182,1594718844,C++,C++ (GCC 9.2.1),cpp,Runtime Error,109,6344,875,
s044119528,p02791,u388134182,1594718768,C++,C++ (GCC 9.2.1),cpp,Runtime Error,106,6416,875,
s421948942,p02791,u397020326,1594687655,Python,Python (3.8.2),py,Accepted,131,32348,187,
s880626526,p02791,u397020326,1594687259,Python,Python (3.8.2),py,Accepted,134,32252,187,
s071800713,p02791,u465068976,1594677435,C++,C++ (GCC 9.2.1),cpp,Accepted,57,3612,391,
s603064150,p02791,u465068976,1594677399,C++,C++ (GCC 9.2.1),cpp,Accepted,58,3624,365,
s843271209,p02791,u550455942,1594675148,C++,C++ (GCC 9.2.1),cpp,Wrong Answer,58,4388,294,
s261902190,p02791,u121243942,1594674359,C++,C++ (GCC 9.2.1),cpp,Accepted,55,4036,874,
s370790599,p02791,u947236878,1594671313,C++,C++ (GCC 9.2.1),cpp,Accepted,32,3624,4253,
s828454307,p02791,u869282786,1594669873,C++,C++ (GCC 9.2.1),cpp,Accepted,31,3652,611,
s239983423,p02791,u735091636,1594660036,Python,Python (3.8.2),py,Accepted,83,32384,441,
s637307933,p02791,u735091636,1594659731,Python,PyPy3 (7.3.0),py,Time Limit Exceeded,2208,100036,496,
s756182828,p02791,u735091636,1594659577,Python,Python (3.8.2),py,Time Limit Exceeded,2206,32384,496,
s517437389,p02791,u993556792,1594654029,C++,C++ (GCC 9.2.1),cpp,Accepted,111,14304,1568,
s799541302,p02791,u762061569,1594653306,C++,C++ (GCC 9.2.1),cpp,Accepted,31,5168,589,
s741981521,p02791,u825601908,1594646029,C++,C++ (GCC 9.2.1),cpp,Accepted,27,3996,1049,
s118561294,p02791,u913893102,1594644064,C++,C++ (GCC 9.2.1),cpp,Accepted,30,4424,885,
s092038316,p02791,u291332466,1594643134,C++,C++ (GCC 9.2.1),cpp,Accepted,60,3632,291,
s956821913,p02791,u401686269,1594635168,Python,Python (3.8.2),py,Accepted,105,32388,157,
s476488003,p02791,u392973556,1594612404,C++,C++ (GCC 9.2.1),cpp,Accepted,56,4348,250,
s973957176,p02791,u392973556,1594612263,C++,C++ (GCC 9.2.1),cpp,Wrong Answer,55,4344,249,
s770894999,p02791,u550455942,1594604137,C++,C++ (GCC 9.2.1),cpp,Compile Error,,,283,
s593346415,p02791,u578753285,1594600600,C++,C++ (GCC 9.2.1),cpp,Wrong Answer,2205,4900,486,
s351563796,p02791,u578753285,1594600511,C++,C++ (GCC 9.2.1),cpp,Wrong Answer,2205,4868,486,
s972731503,p02791,u894812250,1594600013,C++,C++ (GCC 9.2.1),cpp,Accepted,28,4820,2015,
s224263300,p02791,u894812250,1594599969,C++,C++ (GCC 9.2.1),cpp,Wrong Answer,29,4684,2007,
s282504327,p02791,u894812250,1594599940,C++,C++ (GCC 9.2.1),cpp,Wrong Answer,32,4788,2006,
s014016674,p02791,u894812250,1594599849,C++,C++ (GCC 9.2.1),cpp,Wrong Answer,70,17096,2044,
s567682681,p02791,u835523614,1594584090,C++,C++ (GCC 9.2.1),cpp,Accepted,57,4020,303,
s359871158,p02791,u959519702,1594581723,C++,C++ (GCC 9.2.1),cpp,Accepted,58,4028,2485,
s542011193,p02791,u375798060,1594569516,C++,C++ (GCC 9.2.1),cpp,Accepted,58,3976,314,
s322835431,p02791,u375798060,1594569462,C++,C++ (GCC 9.2.1),cpp,Compile Error,,,313,
s458997638,p02791,u397711695,1594566864,C++,C++ (GCC 9.2.1),cpp,Accepted,54,4704,528,
s716673068,p02791,u870415620,1594559683,C++,C++ (Clang 10.0.0),cpp,Accepted,176,3124,334,
s952389648,p02791,u277492727,1594558230,C++,C++ (GCC 9.2.1),cpp,Accepted,58,4028,312,
s586095815,p02791,u534923072,1594549391,C++,C++ (GCC 9.2.1),cpp,Accepted,56,4424,540,
s749207490,p02791,u146803137,1594515364,Python,PyPy3 (7.3.0),py,Accepted,106,99812,134,
s538876810,p02791,u146803137,1594515005,Python,PyPy3 (7.3.0),py,Time Limit Exceeded,2208,92440,131,
s993219997,p02791,u154217422,1594513581,C++,C++ (GCC 9.2.1),cpp,Accepted,59,4836,531,
s058599307,p02791,u154217422,1594513522,C++,C++ (GCC 9.2.1),cpp,Compile Error,,,532,
s068688370,p02791,u805011545,1594502616,Python,Python (3.8.2),py,Accepted,113,32184,158,
s072841356,p02791,u283683979,1594493097,Python,Python (3.8.2),py,Accepted,121,32360,148,
s247670583,p02791,u494058663,1594492874,Python,Python (3.8.2),py,Accepted,136,32272,255,
s504524916,p02791,u177317424,1594490476,C++,C++ (GCC 9.2.1),cpp,Accepted,54,3628,796,
s888154784,p02791,u325959156,1594487659,C++,C++ (GCC 9.2.1),cpp,Accepted,59,4408,214,
s643896201,p02791,u600402037,1594479862,C++,C++ (GCC 9.2.1),cpp,Accepted,57,4048,496,
s500032176,p02791,u912318491,1594469725,C++,C++ (GCC 9.2.1),cpp,Accepted,58,4056,429,
s936261190,p02791,u909359131,1594442242,Python,Python (3.8.2),py,Accepted,105,32372,151,
s066770834,p02791,u533315361,1594426579,C#,C# (.NET Core 3.1.201),cs,Accepted,145,56132,12221,
s727724903,p02791,u295720435,1594417816,C++,C++ (GCC 9.2.1),cpp,Accepted,32,3576,986,
s082094169,p02791,u854992222,1594410508,Python,Python (3.8.2),py,Accepted,126,32280,150,
s001929406,p02791,u854992222,1594410343,Python,PyPy3 (7.3.0),py,Time Limit Exceeded,2211,232040,144,
s320969547,p02791,u854992222,1594410284,Python,Python (3.8.2),py,Wrong Answer,2206,32272,224,
s250411547,p02791,u854992222,1594410160,Python,Python (3.8.2),py,Time Limit Exceeded,2206,32200,144,
s738879726,p02791,u854992222,1594409931,Python,Python (3.8.2),py,Time Limit Exceeded,2206,32144,218,
s809886654,p02791,u854992222,1594409903,Python,Python (3.8.2),py,Wrong Answer,2336,63028,268,
s871100848,p02791,u861231819,1594404117,C++,C++ (GCC 9.2.1),cpp,Accepted,60,3568,309,
s349412469,p02791,u312473205,1594400980,F#,F# (.NET Core 3.1.201),fs,Accepted,165,54180,817,
s050709317,p02791,u807585808,1594395575,C++,C++ (GCC 9.2.1),cpp,Accepted,33,4724,1572,
s242171089,p02791,u807585808,1594395498,C++,C++ (GCC 9.2.1),cpp,Wrong Answer,32,4768,1572,
s502059841,p02791,u608492334,1594392810,C++,C++ (GCC 9.2.1),cpp,Wrong Answer,2205,4172,559,
s854278844,p02791,u807585808,1594392560,C++,C++ (GCC 9.2.1),cpp,Wrong Answer,29,3948,1528,
s848068710,p02791,u608492334,1594392156,C++,C++ (GCC 9.2.1),cpp,Time Limit Exceeded,2205,4068,693,
s726723901,p02791,u511096055,1594349515,C++,C++ (GCC 9.2.1),cpp,Accepted,54,4396,640,
s297812667,p02791,u763280125,1594324790,Python,Python (3.8.2),py,Accepted,92,32232,141,
s118092533,p02791,u763280125,1594324640,C++,C++ (Clang 10.0.0),cpp,Accepted,176,3192,289,
s849585069,p02791,u470192783,1594324037,Ruby,Ruby (2.7.1),rb,Accepted,131,30208,453,
s566114933,p02791,u607075479,1594307121,Python,Python (3.8.2),py,Accepted,118,32328,134,
s117953863,p02791,u754022296,1594305513,dc,dc (1.4.1),dc,Accepted,359,52936,49,
s828501205,p02791,u694665829,1594297962,Python,Python (3.8.2),py,Accepted,134,32188,143,
s673890499,p02791,u694665829,1594297811,Python,Python (3.8.2),py,Time Limit Exceeded,2206,32300,125,
s641596655,p02791,u530957410,1594282893,C++,C++ (Clang 10.0.0),cpp,Accepted,117,3560,461,
s219562896,p02791,u678505520,1594246935,Python,PyPy3 (7.3.0),py,Accepted,108,99796,147,
s687241862,p02791,u838841929,1594245681,C++,C++ (GCC 9.2.1),cpp,Accepted,28,3632,1437,
s730800029,p02791,u224469387,1594244838,C++,C++ (GCC 9.2.1),cpp,Accepted,58,3640,470,
s042823087,p02791,u071304940,1594244602,C++,C++ (GCC 9.2.1),cpp,Accepted,57,3984,278,
s061236811,p02791,u112887319,1594240490,C++,C++ (GCC 9.2.1),cpp,Accepted,59,4052,414,
s431277166,p02791,u827741718,1594238778,C++,C++ (GCC 9.2.1),cpp,Accepted,55,5180,778,
s479442765,p02791,u827741718,1594238040,C++,C++ (GCC 9.2.1),cpp,Time Limit Exceeded,2205,5140,878,
s906832535,p02791,u114722370,1594237198,Java,Java (OpenJDK 11.0.6),java,Accepted,499,58712,436,
s392098292,p02791,u322187839,1594222895,Python,Python (3.8.2),py,Accepted,131,32244,156,
s889818973,p02791,u141567616,1594222761,C++,C++ (GCC 9.2.1),cpp,Accepted,59,3944,332,
s648200375,p02791,u837544459,1594214231,C++,C++ (GCC 9.2.1),cpp,Accepted,60,6376,437,
s309222796,p02791,u012133968,1594208041,Rust,Rust (1.42.0),rs,Accepted,21,3776,702,
s168390641,p02791,u317187086,1594199451,Python,PyPy3 (7.3.0),py,Accepted,103,99896,166,
s403761833,p02791,u317187086,1594198637,Python,PyPy3 (7.3.0),py,Wrong Answer,104,99812,164,
s126053866,p02791,u317187086,1594198554,Python,PyPy3 (7.3.0),py,Wrong Answer,103,99904,164,
s686157834,p02791,u317187086,1594198424,Python,PyPy3 (7.3.0),py,Wrong Answer,105,99840,156,
s281355245,p02791,u317187086,1594198183,Python,PyPy3 (7.3.0),py,Wrong Answer,102,99996,155,
s727718251,p02791,u573900545,1594163681,Python,Python (3.8.2),py,Wrong Answer,79,32292,257,
s671313838,p02791,u573900545,1594163318,Python,Python (3.8.2),py,Accepted,102,32284,163,
s664423773,p02791,u645322855,1594157628,C++,C++ (GCC 9.2.1),cpp,Accepted,55,3632,244,
s399319752,p02791,u970267139,1594157482,Python,Python (3.8.2),py,Accepted,93,32204,160,
s691390475,p02791,u548684908,1594142672,Python,Python (3.8.2),py,Accepted,157,32252,268,
s972032133,p02791,u548684908,1594142563,Python,Python (3.8.2),py,Time Limit Exceeded,2206,32200,252,
s462647677,p02791,u548684908,1594142189,Python,Python (3.8.2),py,Time Limit Exceeded,2206,32316,358,
s389335160,p02791,u112364985,1594140232,Python,Python (3.8.2),py,Accepted,107,32372,160,
s270704686,p02791,u453623947,1594129470,Python,Python (3.8.2),py,Accepted,106,32348,157,
s458151052,p02791,u837784642,1594118707,C++,C++ (GCC 9.2.1),cpp,Accepted,58,3636,339,
s660037797,p02791,u242580186,1594105239,Python,Python (3.8.2),py,Wrong Answer,127,32380,366,
s606825203,p02791,u819549392,1594101807,C++,C++ (GCC 9.2.1),cpp,Accepted,57,3592,223,
s184068138,p02791,u062691227,1594079053,Python,PyPy3 (7.3.0),py,Accepted,132,118432,185,
s929008795,p02791,u062691227,1594078330,Python,PyPy3 (7.3.0),py,Wrong Answer,133,121256,200,
s548840676,p02791,u938028169,1594076603,C++,C++ (GCC 9.2.1),cpp,Accepted,57,3628,415,
s821734554,p02791,u149448956,1594072190,Go,Go (1.14.1),go,Accepted,34,4876,1142,
s772144606,p02791,u587622858,1594069606,C++,C++ (GCC 9.2.1),cpp,Accepted,60,4052,322,
s490904334,p02791,u869009830,1594060740,C++,C++ (GCC 9.2.1),cpp,Accepted,62,3608,365,
s663875841,p02791,u809495242,1594047159,Python,Python (3.8.2),py,Accepted,99,32152,191,
s561652675,p02791,u510989601,1594043997,C++,C++ (GCC 9.2.1),cpp,Accepted,56,4020,471,
s596646216,p02791,u280175105,1594041984,C++,C++ (GCC 9.2.1),cpp,Accepted,59,3992,704,
s820292985,p02791,u227189389,1593980859,Rust,Rust (1.42.0),rs,Accepted,20,4704,290,
s163586829,p02791,u347116006,1593973845,C,C (GCC 9.2.1),c,Accepted,36,1724,221,
s924400328,p02791,u956433805,1593973835,Python,Python (3.8.2),py,Accepted,88,32220,140,
s056910231,p02791,u073879055,1593966147,Java,Java (OpenJDK 11.0.6),java,Accepted,491,60380,520,
s322716760,p02791,u073879055,1593964717,Java,Java (OpenJDK 11.0.6),java,Time Limit Exceeded,2207,60900,604,
s335419532,p02791,u163421511,1593956517,Python,Python (3.8.2),py,Accepted,91,32248,150,
s046532983,p02791,u163421511,1593956465,Python,Python (3.8.2),py,Wrong Answer,96,32244,148,
s277685211,p02791,u163421511,1593956035,Python,Python (3.8.2),py,Time Limit Exceeded,2206,32376,149,
s547792447,p02791,u626618167,1593951519,C++,C++ (GCC 9.2.1),cpp,Accepted,32,3656,1415,
s860470477,p02791,u163421511,1593949892,Python,Python (3.8.2),py,Time Limit Exceeded,2206,32312,144,
s042936008,p02791,u359767101,1593948524,C++,C++ (GCC 9.2.1),cpp,Accepted,56,4024,278,
s957202341,p02791,u359767101,1593948368,C++,C++ (GCC 9.2.1),cpp,Wrong Answer,58,4048,288,
s666622124,p02791,u359767101,1593948335,C++,C++ (GCC 9.2.1),cpp,Compile Error,,,284,
s221552122,p02791,u099640467,1593942071,PHP,PHP (7.4.4),php,Accepted,55,36120,430,
s421761348,p02791,u099640467,1593941187,PHP,PHP (7.4.4),php,Time Limit Exceeded,2206,36160,586,
s341335414,p02791,u248556072,1593939855,Python,Python (3.8.2),py,Accepted,94,32236,159,
s492890578,p02791,u248556072,1593939624,Python,Python (3.8.2),py,Time Limit Exceeded,2206,32252,199,
s757027637,p02791,u145915236,1593939345,Python,Python (3.8.2),py,Accepted,115,32276,169,
s546741157,p02791,u439063038,1593939069,Python,Python (3.8.2),py,Accepted,137,32288,175,
s681490993,p02791,u439063038,1593939026,Python,Python (3.8.2),py,Wrong Answer,226,32216,199,
s272471884,p02791,u439063038,1593938805,Python,Python (3.8.2),py,Wrong Answer,131,32212,175,
s812738128,p02791,u010379708,1593938712,Python,PyPy3 (7.3.0),py,Accepted,97,93112,122,
s509731501,p02791,u106978087,1593935268,C++,C++ (GCC 9.2.1),cpp,Accepted,119,13752,321,
s097744334,p02791,u621120516,1593897681,C++,C++ (GCC 9.2.1),cpp,Accepted,55,3632,451,
s152775862,p02791,u891516200,1593895811,Python,Python (3.8.2),py,Accepted,120,32244,175,
s266997364,p02791,u891516200,1593895644,Python,Python (3.8.2),py,Time Limit Exceeded,2206,50964,251,
s311685004,p02791,u891516200,1593895210,Python,Python (3.8.2),py,Time Limit Exceeded,2206,50920,193,
s885967905,p02791,u115306811,1593890563,C++,C++ (GCC 9.2.1),cpp,Accepted,59,4720,622,
s484924171,p02791,u672898046,1593889767,Python,Python (3.8.2),py,Accepted,86,32292,209,
s340145062,p02791,u672898046,1593889471,Python,Python (3.8.2),py,Time Limit Exceeded,2206,32296,183,
s518606302,p02791,u931901821,1593881639,C++,C++ (GCC 9.2.1),cpp,Accepted,57,3564,741,
s257474126,p02791,u931901821,1593881538,C++,C++ (GCC 9.2.1),cpp,Wrong Answer,58,3636,739,
s193947668,p02791,u572622695,1593880946,C++,C++ (GCC 9.2.1),cpp,Accepted,57,3616,2096,
s959977814,p02791,u130985356,1593879779,C++,C++ (GCC 9.2.1),cpp,Accepted,36,5344,4820,
s132223766,p02791,u690833702,1593872977,Python,Python (3.8.2),py,Accepted,85,32248,224,
s402476430,p02791,u882098164,1593870768,C++,C++ (GCC 9.2.1),cpp,Accepted,58,4036,222,
s708684497,p02791,u882098164,1593870574,C++,C++ (GCC 9.2.1),cpp,Wrong Answer,61,4008,247,
s738476025,p02791,u882098164,1593870331,C++,C++ (GCC 9.2.1),cpp,Accepted,56,4020,280,
s799204284,p02791,u582847048,1593866968,C++,C++ (GCC 9.2.1),cpp,Accepted,55,4048,635,
s303479541,p02791,u236585484,1593863593,C++,C++ (GCC 9.2.1),cpp,Accepted,31,4372,685,
s577981063,p02791,u780698286,1593860122,Python,PyPy3 (7.3.0),py,Time Limit Exceeded,2212,232588,169,
s848260407,p02791,u780698286,1593860068,C++,C++ (GCC 9.2.1),cpp,Accepted,58,4016,351,
s152567016,p02791,u780698286,1593860050,Python,Python (3.8.2),py,Runtime Error,26,8956,351,
s095309118,p02791,u780698286,1593859619,Python,Python (3.8.2),py,Time Limit Exceeded,2206,32320,169,
s693819539,p02791,u453366189,1593851446,C++,C++ (GCC 9.2.1),cpp,Accepted,58,4000,287,
s253240045,p02791,u896941378,1593850053,Python,Python (3.8.2),py,Accepted,128,32320,173,
s738112175,p02791,u452450985,1593849896,C,C (GCC 9.2.1),c,Time Limit Exceeded,2205,2508,249,
s225532912,p02791,u896941378,1593849827,Python,Python (3.8.2),py,Wrong Answer,157,32164,223,
s274890423,p02791,u896941378,1593849729,Python,Python (3.8.2),py,Wrong Answer,143,32376,275,
s915610869,p02791,u896941378,1593849225,Python,Python (3.8.2),py,Wrong Answer,139,32160,295,
s883802450,p02791,u896941378,1593849048,Python,Python (3.8.2),py,Wrong Answer,138,32248,270,
s225794391,p02791,u896941378,1593848815,Python,Python (3.8.2),py,Wrong Answer,141,32164,270,
s149397502,p02791,u896941378,1593848769,Python,Python (3.8.2),py,Wrong Answer,142,32332,283,
s475331473,p02791,u896941378,1593848668,Python,Python (3.8.2),py,Wrong Answer,149,32344,288,
s489906775,p02791,u896941378,1593848385,Python,Python (3.8.2),py,Wrong Answer,144,32260,289,
s775596399,p02791,u896941378,1593848304,Python,Python (3.8.2),py,Wrong Answer,144,32360,288,
s163743420,p02791,u896941378,1593848219,Python,PyPy3 (7.3.0),py,Wrong Answer,108,100020,288,
s427427593,p02791,u896941378,1593846587,Python,PyPy3 (7.3.0),py,Wrong Answer,105,99936,213,
s434498770,p02791,u896941378,1593846005,Python,PyPy3 (7.3.0),py,Time Limit Exceeded,2212,225140,311,
s829453895,p02791,u896941378,1593845902,Python,PyPy3 (7.3.0),py,Runtime Error,119,99740,301,
s088184841,p02791,u896941378,1593845711,Python,PyPy3 (7.3.0),py,Time Limit Exceeded,2212,228028,313,
s425508271,p02791,u896941378,1593845535,Python,PyPy3 (7.3.0),py,Time Limit Exceeded,2214,243156,297,
s440727517,p02791,u896941378,1593845356,Python,PyPy3 (7.3.0),py,Time Limit Exceeded,2213,223272,264,
s010148462,p02791,u896941378,1593845306,Python,Python (3.8.2),py,Time Limit Exceeded,2206,32096,264,
s230696583,p02791,u347948131,1593829306,JavaScript,JavaScript (Node.js 12.16.1),js,Accepted,129,50648,367,
s491874581,p02791,u347948131,1593829189,JavaScript,JavaScript (Node.js 12.16.1),js,Accepted,134,50624,392,
s889256116,p02791,u347948131,1593829103,JavaScript,JavaScript (Node.js 12.16.1),js,Wrong Answer,141,50728,391,
s866229614,p02791,u347948131,1593828944,JavaScript,JavaScript (Node.js 12.16.1),js,Runtime Error,237,30172,398,
s401309114,p02791,u347948131,1593828860,JavaScript,JavaScript (Node.js 12.16.1),js,Wrong Answer,124,50704,372,
s813477405,p02791,u347948131,1593828783,JavaScript,JavaScript (Node.js 12.16.1),js,Wrong Answer,140,50752,365,
s468175726,p02791,u928420774,1593822851,C++,C++ (GCC 9.2.1),cpp,Accepted,59,6692,548,
s666604427,p02791,u472234259,1593822635,Rust,Rust (1.42.0),rs,Accepted,24,4724,367,
s825524513,p02791,u271743799,1593822630,JavaScript,JavaScript (Node.js 12.16.1),js,Accepted,152,57612,679,
s474789179,p02791,u928420774,1593822320,C++,C++ (GCC 9.2.1),cpp,Time Limit Exceeded,2205,4400,465,
s370508772,p02791,u640922335,1593811705,Python,Python (3.8.2),py,Accepted,109,32308,155,
s080009423,p02791,u096030913,1593811014,C++,C++ (GCC 9.2.1),cpp,Accepted,60,3516,302,
s825256824,p02791,u094999522,1593809779,Python,Python (3.8.2),py,Accepted,115,31692,134,
s892309135,p02791,u983853152,1593805921,Python,PyPy3 (7.3.0),py,Accepted,104,100024,278,
s567291941,p02791,u651235280,1593803548,Python,Python (3.8.2),py,Accepted,134,31008,239,
s278400287,p02791,u591143370,1593803450,Python,Python (3.8.2),py,Accepted,99,32272,164,
s009934313,p02791,u234623778,1593801805,C++,C++ (GCC 9.2.1),cpp,Accepted,31,4576,321,
s317001270,p02791,u651235280,1593800755,C++,C++ (GCC 9.2.1),cpp,Accepted,56,3988,522,
s343002085,p02791,u828706986,1593789668,C++,C++ (GCC 9.2.1),cpp,Accepted,36,4852,17208,
s198890290,p02791,u840990750,1593780107,C++,C++ (GCC 9.2.1),cpp,Accepted,53,4408,2301,
s755526743,p02791,u059210959,1593773164,Python,Python (3.8.2),py,Accepted,111,32844,600,
s380994337,p02791,u500376440,1593762356,Python,Python (3.8.2),py,Accepted,100,32380,135,
s662948545,p02791,u412789323,1593735620,Ruby,Ruby (2.7.1),rb,Accepted,123,28592,202,
s223638021,p02791,u412789323,1593735551,Ruby,Ruby (2.7.1),rb,Accepted,124,27020,216,
s401382620,p02791,u412789323,1593735073,Ruby,Ruby (2.7.1),rb,Wrong Answer,2206,28972,181,
s579694162,p02791,u412789323,1593734715,Ruby,Ruby (2.7.1),rb,Wrong Answer,2209,134460,206,
s502563971,p02791,u412789323,1593734663,Ruby,Ruby (2.7.1),rb,Runtime Error,111,29352,218,
s252451861,p02791,u697696097,1593733433,Python,Python (3.8.2),py,Accepted,117,32276,147,
s673794977,p02791,u665066534,1593725312,C++,C++ (GCC 9.2.1),cpp,Accepted,30,5188,1732,
s581512582,p02791,u783621526,1593724742,C++,C++ (GCC 9.2.1),cpp,Accepted,31,5064,705,
s248251962,p02791,u783621526,1593724395,C++,C++ (GCC 9.2.1),cpp,Time Limit Exceeded,2205,5172,793,
s810390019,p02791,u891945807,1593723589,C++,C++ (GCC 9.2.1),cpp,Accepted,60,4892,481,
s835473192,p02791,u537818901,1593723567,C++,C++ (GCC 9.2.1),cpp,Accepted,32,4796,4034,
s130219590,p02791,u011233602,1593718569,C++,C++ (GCC 9.2.1),cpp,Accepted,52,3632,322,
s128216588,p02791,u387720785,1593707920,C++,C++ (GCC 9.2.1),cpp,Accepted,57,4216,743,
s175007498,p02791,u397944802,1593704597,C++,C++ (GCC 9.2.1),cpp,Accepted,99,13028,1731,
s010565689,p02791,u965482124,1593699799,Python,Python (3.8.2),py,Accepted,93,32356,140,
s349967791,p02791,u226084823,1593695504,C++,C++ (GCC 9.2.1),cpp,Accepted,26,3608,352,
s652480764,p02791,u767797498,1593690345,Python,Python (3.8.2),py,Accepted,78,32932,995,
s957726805,p02791,u767797498,1593690168,Python,Python (3.8.2),py,Accepted,79,32852,947,
s128245835,p02791,u204514518,1593686296,C++,C++ (GCC 9.2.1),cpp,Accepted,57,4036,1093,
s608771117,p02791,u265341420,1593683320,Java,Java (OpenJDK 11.0.6),java,Accepted,541,60252,513,
s343474835,p02791,u265341420,1593679918,Java,Java (OpenJDK 11.0.6),java,Accepted,534,61080,512,
s709599987,p02791,u608227593,1593679415,Lisp,Common Lisp (SBCL 2.0.3),l,Accepted,190,77048,217,
s820945028,p02791,u265341420,1593678130,Java,Java (OpenJDK 11.0.6),java,Wrong Answer,573,58824,335,
s362708305,p02791,u372940733,1593676075,C++,C++ (GCC 9.2.1),cpp,Accepted,62,3988,423,
s594626096,p02791,u058720266,1593672228,C++,C++ (GCC 9.2.1),cpp,Accepted,57,3628,298,
s006254179,p02791,u954976049,1593643956,C++,C++ (GCC 9.2.1),cpp,Accepted,56,3596,284,
s099896607,p02791,u309039873,1593640521,Python,PyPy3 (7.3.0),py,Accepted,107,100068,159,
s908824738,p02791,u213375012,1593640131,C++,C++ (GCC 9.2.1),cpp,Accepted,61,4844,313,
s010493869,p02791,u213375012,1593639554,C++,C++ (GCC 9.2.1),cpp,Time Limit Exceeded,2205,4792,479,
s727795978,p02791,u213375012,1593639493,C++,C++ (GCC 9.2.1),cpp,Time Limit Exceeded,2205,4968,464,
s908035427,p02791,u278032600,1593639359,C++,C++ (GCC 9.2.1),cpp,Accepted,60,4396,366,
s921760613,p02791,u278032600,1593639049,C++,C++ (GCC 9.2.1),cpp,Time Limit Exceeded,2205,4308,447,
s128745767,p02791,u535803878,1593635561,Python,PyPy3 (7.3.0),py,Accepted,103,92296,294,
s749330129,p02791,u815763296,1593628947,Python,Python (3.8.2),py,Accepted,87,24372,149,
s390408784,p02791,u534732555,1593623192,C++,C++ (GCC 9.2.1),cpp,Accepted,58,4820,458,
s481247043,p02791,u802894090,1593614952,C++,C++ (GCC 9.2.1),cpp,Accepted,57,4388,362,
s861193813,p02791,u408648220,1593613227,C++,C++ (GCC 9.2.1),cpp,Accepted,57,4768,3556,
s831761966,p02791,u848823302,1593612921,Java,Java (OpenJDK 11.0.6),java,Accepted,502,60260,516,
s061800232,p02791,u848823302,1593612572,Java,Java (OpenJDK 11.0.6),java,Time Limit Exceeded,2207,61956,673,
s959239704,p02791,u848823302,1593612445,Java,Java (OpenJDK 11.0.6),java,Wrong Answer,2208,70076,774,
s104705330,p02791,u904123476,1593612309,C++,C++ (GCC 9.2.1),cpp,Accepted,56,3608,318,
s818993004,p02791,u848823302,1593611648,Java,Java (OpenJDK 11.0.6),java,Wrong Answer,2208,60612,661,
s544940003,p02791,u224941344,1593610433,Java,Java (OpenJDK 11.0.6),java,Accepted,547,60424,530,
s794403979,p02791,u078435079,1593601469,C++,C++ (GCC 9.2.1),cpp,Accepted,61,4800,336,
s373272635,p02791,u778581260,1593601415,Java,Java (OpenJDK 11.0.6),java,Accepted,532,60352,705,
s497821023,p02791,u966207392,1593600460,Python,Python (3.8.2),py,Wrong Answer,2206,32288,184,
s365962333,p02791,u811176339,1593595720,Python,Python (3.8.2),py,Accepted,103,32200,174,
s766221599,p02791,u811176339,1593595428,Python,Python (3.8.2),py,Wrong Answer,112,32312,187,
s740802619,p02791,u811176339,1593595343,Python,Python (3.8.2),py,Wrong Answer,106,32332,162,
s640382568,p02791,u811176339,1593591589,Python,Python (3.8.2),py,Wrong Answer,112,32192,151,
s251760962,p02791,u804508206,1593583876,C++,C++ (GCC 9.2.1),cpp,Accepted,32,5168,2013,
s337706401,p02791,u183294751,1593580460,C++,C++ (GCC 9.2.1),cpp,Accepted,35,3792,402,
s349228449,p02791,u968166680,1593579102,Python,PyPy3 (7.3.0),py,Accepted,112,102904,386,
s392332275,p02791,u309625629,1593575176,Rust,Rust (1.42.0),rs,Accepted,18,3980,2776,
s599011320,p02791,u534732555,1593574208,C++,C++ (GCC 9.2.1),cpp,Time Limit Exceeded,2205,4972,569,
s780974518,p02791,u893304865,1593558903,C++,C++ (GCC 9.2.1),cpp,Accepted,29,3968,583,
s628078958,p02791,u881541634,1593558859,C++,C++ (Clang 10.0.0),cpp,Accepted,119,4472,5036,
s748670757,p02791,u275934251,1593558832,C++,C++ (GCC 9.2.1),cpp,Accepted,57,3604,2197,
s322538472,p02791,u893304865,1593558303,C++,C++ (GCC 9.2.1),cpp,Wrong Answer,31,3968,607,
s590696431,p02791,u439542873,1593554069,Python,Python (3.8.2),py,Accepted,133,32304,150,
s799776635,p02791,u881071954,1593553854,C++,C++ (GCC 9.2.1),cpp,Accepted,56,3468,676,
s650968355,p02791,u881071954,1593553777,C++,C++ (GCC 9.2.1),cpp,Wrong Answer,54,3596,664,
s891972124,p02791,u823862638,1593540913,C++,C++ (GCC 9.2.1),cpp,Accepted,60,3980,384,
s170693838,p02791,u779805689,1593535474,Python,PyPy3 (7.3.0),py,Accepted,109,99716,118,
s257854690,p02791,u097161601,1593534285,C++,C++ (GCC 9.2.1),cpp,Accepted,59,4040,401,
s604316942,p02791,u023228586,1593532495,C++,C++ (GCC 9.2.1),cpp,Accepted,114,12976,364,
s523643738,p02791,u088553842,1593532091,Python,Python (3.8.2),py,Accepted,103,32296,165,
s406957932,p02791,u556120601,1593531400,C++,C++ (GCC 9.2.1),cpp,Accepted,118,13528,376,
s933139580,p02791,u659156129,1593521031,Java,Java (OpenJDK 11.0.6),java,Accepted,528,60296,514,
s170502204,p02791,u659156129,1593520881,Java,Java (OpenJDK 11.0.6),java,Compile Error,,,514,
s630692769,p02791,u659156129,1593520831,Java,Java (OpenJDK 11.0.6),java,Compile Error,,,510,
s339338216,p02791,u659156129,1593520786,Java,Java (OpenJDK 11.0.6),java,Compile Error,,,511,
s357772091,p02791,u659156129,1593520678,Java,Java (OpenJDK 11.0.6),java,Compile Error,,,509,
s992508908,p02791,u659156129,1593520527,Java,Java (OpenJDK 11.0.6),java,Compile Error,,,507,
s233208178,p02791,u659156129,1593520419,Java,Java (OpenJDK 11.0.6),java,Compile Error,,,497,
s387363114,p02791,u659156129,1593520363,Java,Java (OpenJDK 11.0.6),java,Compile Error,,,487,
s564609776,p02791,u926046014,1593519533,Python,PyPy3 (7.3.0),py,Accepted,105,100020,147,
s140911880,p02791,u811622556,1593516188,Java,Java (OpenJDK 11.0.6),java,Accepted,510,60384,491,
s859106638,p02791,u563673753,1593511111,Java,Java (OpenJDK 11.0.6),java,Accepted,524,60676,486,
s717970599,p02791,u251825204,1593510964,Java,Java (OpenJDK 11.0.6),java,Accepted,509,60016,495,
s120475234,p02791,u251825204,1593510416,Java,Java (OpenJDK 11.0.6),java,Wrong Answer,533,60400,586,
s728885088,p02791,u652660628,1593509756,C++,C++ (GCC 9.2.1),cpp,Accepted,58,3640,851,
s339415557,p02791,u251825204,1593509349,Java,Java (OpenJDK 11.0.6),java,Wrong Answer,555,64352,446,
s934798559,p02791,u591547748,1593507460,Java,Java (OpenJDK 11.0.6),java,Accepted,513,60648,692,
s220526794,p02791,u591547748,1593506963,Java,Java (OpenJDK 11.0.6),java,Wrong Answer,517,60436,678,
s038794445,p02791,u591547748,1593506503,Java,Java (OpenJDK 11.0.6),java,Time Limit Exceeded,2207,60892,728,
s366614760,p02791,u371791265,1593506039,Java,Java (OpenJDK 11.0.6),java,Accepted,517,60504,608,
s614128045,p02791,u591547748,1593505916,Java,Java (OpenJDK 11.0.6),java,Time Limit Exceeded,2207,60896,571,
s389393150,p02791,u426506117,1593504798,Python,Python (3.8.2),py,Accepted,137,32364,147,
s283468844,p02791,u371791265,1593504408,Java,Java (OpenJDK 11.0.6),java,Wrong Answer,2208,60364,594,
s066649853,p02791,u371791265,1593504026,Java,Java (OpenJDK 11.0.6),java,Compile Error,,,590,
s761217927,p02791,u670961163,1593502428,Python,Python (3.8.2),py,Accepted,81,32340,273,
s211184740,p02791,u189023301,1593500065,Python,Python (3.8.2),py,Accepted,119,32284,152,
s675223862,p02791,u630467326,1593499908,Python,Python (3.8.2),py,Accepted,95,32368,142,
s031405171,p02791,u737111725,1593499590,Scala,Scala (2.13.1),scala,Accepted,954,66592,273,
s622807496,p02791,u928286416,1593498217,C++,C++ (GCC 9.2.1),cpp,Accepted,57,3988,414,
s981126565,p02791,u569361260,1593491452,C++,C++ (GCC 9.2.1),cpp,Accepted,58,3576,276,
s525537478,p02791,u278032600,1593479581,C++,C++ (GCC 9.2.1),cpp,Wrong Answer,2205,4380,443,
s059469757,p02791,u119102086,1593475448,C++,C++ (GCC 9.2.1),cpp,Accepted,57,3560,1013,
s009941395,p02791,u173252932,1593471627,C++,C++ (GCC 9.2.1),cpp,Accepted,28,5188,454,
s577159492,p02791,u173252932,1593470432,C++,C++ (GCC 9.2.1),cpp,Wrong Answer,2205,5296,394,
s995849238,p02791,u759091915,1593467366,Scala,Scala (2.13.1),scala,Accepted,656,75020,233,
s568498372,p02791,u492737043,1593465527,Python,Python (3.8.2),py,Accepted,136,32228,147,
s823156938,p02791,u305883349,1593465501,Ruby,Ruby (2.7.1),rb,Accepted,119,27420,782,
s299415406,p02791,u114053864,1593464521,Java,Java (OpenJDK 11.0.6),java,Accepted,549,58572,666,
s251898765,p02791,u114053864,1593464074,Java,Java (OpenJDK 11.0.6),java,Time Limit Exceeded,2049,65488,574,
s482949449,p02791,u769802367,1593463918,C++,C++ (GCC 9.2.1),cpp,Accepted,56,4416,336,
s840138884,p02791,u296989351,1593462508,C++,C++ (GCC 9.2.1),cpp,Accepted,58,4036,538,
s891034399,p02791,u969848070,1593458469,Python,Python (3.8.2),py,Accepted,136,32344,153,
s401410321,p02791,u969848070,1593458252,Python,Python (3.8.2),py,Wrong Answer,130,32368,140,
s223503453,p02791,u450956662,1593456361,Python,Python (3.8.2),py,Accepted,116,32332,163,
s212921576,p02791,u553314348,1593456246,Java,Java (OpenJDK 11.0.6),java,Accepted,389,59692,989,
s259501708,p02791,u450956662,1593456163,Python,Python (3.8.2),py,Wrong Answer,186,32344,227,
s612251644,p02791,u033208015,1593455848,C++,C++ (GCC 9.2.1),cpp,Accepted,31,5208,453,
s225820540,p02791,u450956662,1593455788,Python,Python (3.8.2),py,Wrong Answer,173,32372,221,
s278332254,p02791,u033208015,1593455781,C++,C++ (GCC 9.2.1),cpp,Wrong Answer,32,5172,455,
s299809439,p02791,u033208015,1593455608,C++,C++ (GCC 9.2.1),cpp,Wrong Answer,30,5160,387,
s851475377,p02791,u447456419,1593443422,Python,Python (3.8.2),py,Accepted,132,32352,166,
s756783800,p02791,u447456419,1593443269,Python,PyPy3 (7.3.0),py,Time Limit Exceeded,2211,234240,161,
s425584100,p02791,u447456419,1593443149,Python,Python (3.8.2),py,Time Limit Exceeded,2206,32356,161,
s698089489,p02791,u447456419,1593442426,Python,Python (3.8.2),py,Time Limit Exceeded,2206,32324,192,
s573897898,p02791,u605833494,1593434520,C++,C++ (GCC 9.2.1),cpp,Accepted,58,3992,331,
s916565236,p02791,u605833494,1593434341,C++,C++ (GCC 9.2.1),cpp,Compile Error,,,422,
s244100913,p02791,u161835833,1593431478,Java,Java (OpenJDK 11.0.6),java,Accepted,509,60268,556,
s741003745,p02791,u918923596,1593428975,Java,Java (OpenJDK 11.0.6),java,Accepted,529,60348,532,
s062853986,p02791,u918923596,1593427478,Java,Java (OpenJDK 11.0.6),java,Compile Error,,,470,
s764557049,p02791,u805392425,1593427269,C++,C++ (GCC 9.2.1),cpp,Accepted,58,4412,403,
s699643713,p02791,u326552320,1593426933,Python,Python (3.8.2),py,Accepted,167,50724,474,
s767148409,p02791,u918923596,1593426696,Java,Java (OpenJDK 11.0.6),java,Wrong Answer,511,60356,534,
s760519350,p02791,u918923596,1593426345,Java,Java (OpenJDK 11.0.6),java,Wrong Answer,508,60180,516,
s362827842,p02791,u332478078,1593421883,Java,Java (OpenJDK 11.0.6),java,Accepted,512,60240,678,
s318642951,p02791,u582880126,1593421355,Java,Java (OpenJDK 11.0.6),java,Accepted,523,60348,470,
s554784150,p02791,u582880126,1593421325,Java,Java (OpenJDK 11.0.6),java,Compile Error,,,470,
s983444843,p02791,u332478078,1593420919,Java,Java (OpenJDK 11.0.6),java,Wrong Answer,537,59200,672,
s204340087,p02791,u332478078,1593420614,Java,Java (OpenJDK 11.0.6),java,Wrong Answer,508,60184,557,
s396605406,p02791,u729939940,1593418443,Python,Python (3.8.2),py,Accepted,92,32376,133,
s345856818,p02791,u729939940,1593418389,Python,Python (3.8.2),py,Accepted,104,32384,149,
s160180840,p02791,u338313243,1593413975,C++,C++ (GCC 9.2.1),cpp,Accepted,28,4444,3324,
s978070867,p02791,u105290050,1593378853,Python,PyPy3 (7.3.0),py,Accepted,108,92212,114,
s213449745,p02791,u105290050,1593378561,Python,PyPy3 (7.3.0),py,Runtime Error,145,100300,283,
s221511053,p02791,u105290050,1593378233,Python,Python (3.8.2),py,Runtime Error,88,32232,282,
s372867617,p02791,u076555346,1593376814,C++,C++ (GCC 9.2.1),cpp,Time Limit Exceeded,2205,4172,452,
s593280902,p02791,u569361260,1593373954,C++,C++ (GCC 9.2.1),cpp,Time Limit Exceeded,2205,4144,412,
s899039956,p02791,u047931063,1593370922,Python,Python (3.8.2),py,Accepted,165,30948,466,
s426654851,p02791,u047931063,1593370442,Python,PyPy3 (7.3.0),py,Time Limit Exceeded,2208,90712,489,
s926863735,p02791,u047931063,1593370347,Python,Python (3.8.2),py,Time Limit Exceeded,2206,31080,489,
s925668570,p02791,u047931063,1593370036,Python,Python (3.8.2),py,Time Limit Exceeded,2206,31048,419,
s499892174,p02791,u047931063,1593369727,Python,Python (3.8.2),py,Time Limit Exceeded,2206,31072,368,
s601511483,p02791,u850528155,1593361814,Python,Python (3.8.2),py,Accepted,130,32228,1111,
s188997546,p02791,u248995595,1593348258,C++,C++ (GCC 9.2.1),cpp,Accepted,34,4396,970,
s393256183,p02791,u068727970,1593342127,Python,Python (3.8.2),py,Accepted,139,33200,252,
s386945767,p02791,u767821815,1593340249,Python,Python (3.8.2),py,Accepted,111,32204,177,
s754563122,p02791,u767821815,1593339691,Python,Python (3.8.2),py,Time Limit Exceeded,2206,32188,246,
s511195122,p02791,u837133095,1593337771,C++,C++ (GCC 9.2.1),cpp,Accepted,58,4032,410,
s468250982,p02791,u837133095,1593337616,C++,C++ (GCC 9.2.1),cpp,Runtime Error,110,4048,410,
s611223663,p02791,u869728296,1593328976,Java,Java (OpenJDK 11.0.6),java,Accepted,513,58940,341,
s906823281,p02791,u221061152,1593294458,Python,Python (3.8.2),py,Accepted,103,32296,123,
s611339229,p02791,u112364985,1593280043,Python,Python (3.8.2),py,Accepted,104,32300,160,
s551852194,p02791,u869728296,1593279290,Java,Java (OpenJDK 11.0.6),java,Time Limit Exceeded,2207,61008,517,
s788753334,p02791,u869728296,1593279156,Java,Java (OpenJDK 11.0.6),java,Wrong Answer,2207,60856,472,
s598513532,p02791,u869728296,1593278995,Java,Java (OpenJDK 11.0.6),java,Time Limit Exceeded,2207,60960,457,
s520455028,p02791,u249433240,1593278608,Java,Java (OpenJDK 11.0.6),java,Accepted,125,35588,2926,
s165170516,p02791,u986301097,1593277760,C++,C++ (GCC 9.2.1),cpp,Accepted,56,4036,285,
s851408200,p02791,u986301097,1593277736,C++,C++ (GCC 9.2.1),cpp,Compile Error,,,285,
s367177737,p02791,u986301097,1593277460,C++,C++ (GCC 9.2.1),cpp,Time Limit Exceeded,2205,4200,338,
s763292804,p02791,u986301097,1593276671,C++,C++ (GCC 9.2.1),cpp,Time Limit Exceeded,2205,4108,283,
s430676736,p02791,u986301097,1593276457,C++,C++ (GCC 9.2.1),cpp,Time Limit Exceeded,2205,4080,344,
s122151260,p02791,u986301097,1593276220,C++,C++ (GCC 9.2.1),cpp,Time Limit Exceeded,2205,4200,375,
s919769812,p02791,u986301097,1593276099,C++,C++ (GCC 9.2.1),cpp,Wrong Answer,7,3592,307,
s652668997,p02791,u986301097,1593276063,C++,C++ (GCC 9.2.1),cpp,Compile Error,,,307,
s891660674,p02791,u986301097,1593275949,C++,C++ (GCC 9.2.1),cpp,Time Limit Exceeded,2205,4200,316,
s236677915,p02791,u662871912,1593275266,C++,C++ (GCC 9.2.1),cpp,Accepted,57,3644,403,
s019888076,p02791,u986301097,1593274539,C++,C++ (GCC 9.2.1),cpp,Wrong Answer,7,3596,267,
s026384678,p02791,u292813062,1593273713,C++,C++ (GCC 9.2.1),cpp,Accepted,47,8600,2834,
s373947039,p02791,u210087976,1593266733,C++,C++ (GCC 9.2.1),cpp,Accepted,59,5168,707,
s964557431,p02791,u210087976,1593265934,C++,C++ (GCC 9.2.1),cpp,Time Limit Exceeded,2205,5256,791,
s123264828,p02791,u478705580,1593264636,C++,C++ (GCC 9.2.1),cpp,Accepted,62,6312,444,
s901759219,p02791,u478705580,1593263983,C++,C++ (GCC 9.2.1),cpp,Time Limit Exceeded,2205,4860,356,
s917897599,p02791,u035453792,1593247818,Python,Python (3.8.2),py,Accepted,104,32372,148,
s988911473,p02791,u706414019,1593238890,Python,Python (3.8.2),py,Accepted,128,32352,201,
s785198680,p02791,u392981693,1593225258,C++,C++ (GCC 9.2.1),cpp,Accepted,30,3988,1082,
s351580923,p02791,u053577597,1593221752,C++,C++ (GCC 9.2.1),cpp,Accepted,29,4708,3860,
s295761125,p02791,u053577597,1593221380,C++,C++ (GCC 9.2.1),cpp,Wrong Answer,28,3992,336,
s777724465,p02791,u053577597,1593221187,C++,C++ (GCC 9.2.1),cpp,Wrong Answer,31,3940,3823,
s997695842,p02791,u009590584,1593214689,Rust,Rust (1.42.0),rs,Accepted,21,4784,290,
s465000429,p02791,u009590584,1593214467,Rust,Rust (1.42.0),rs,Time Limit Exceeded,2205,4944,321,
s728093860,p02791,u009590584,1593213481,Rust,Rust (1.42.0),rs,Time Limit Exceeded,2205,4928,361,
s311466901,p02791,u397604928,1593205945,Java,Java (OpenJDK 1.8.0),java,Accepted,485,49000,477,
s151339566,p02791,u397604928,1593205929,Java,Java (OpenJDK 1.8.0),java,Compile Error,,,413,
s897904904,p02791,u397953026,1593202431,Python,Python (3.8.2),py,Accepted,126,32256,162,
s762975330,p02791,u729939940,1593202305,Python,Python (3.8.2),py,Accepted,92,32144,133,
s366052135,p02791,u397953026,1593202104,Python,Python (3.8.2),py,Time Limit Exceeded,2206,32380,157,
s126113948,p02791,u397953026,1593201817,Python,Python (3.8.2),py,Time Limit Exceeded,2206,32180,189,
s885712355,p02791,u534661831,1593200906,C++,C++ (GCC 9.2.1),cpp,Accepted,27,3624,387,
s151139167,p02791,u210112048,1593178732,C++,C++ (GCC 9.2.1),cpp,Accepted,30,4372,1410,
s442102793,p02791,u850516963,1593173022,C++,C++ (GCC 9.2.1),cpp,Accepted,57,3540,3247,
s126061026,p02791,u112364985,1593169825,Python,Python (3.8.2),py,Accepted,92,32320,141,
s031373913,p02791,u112364985,1593169176,Python,Python (3.8.2),py,Time Limit Exceeded,2206,32396,130,
s180215618,p02791,u112364985,1593169088,Python,Python (3.8.2),py,Time Limit Exceeded,2206,32380,142,
s296796867,p02791,u137226361,1593164657,Python,Python (3.8.2),py,Accepted,132,31004,199,
s463186006,p02791,u137226361,1593164105,Python,Python (3.8.2),py,Time Limit Exceeded,2206,31040,167,
s245091525,p02791,u418879326,1593161699,C++,C++ (GCC 9.2.1),cpp,Accepted,57,5192,410,
s448404240,p02791,u729939940,1593158613,Python,Python (3.8.2),py,Accepted,90,32196,133,
s647602371,p02791,u973063514,1593143991,C++,C++ (GCC 9.2.1),cpp,Accepted,25,5168,2289,
s267907379,p02791,u089230684,1593143003,Java,Java (OpenJDK 11.0.6),java,Accepted,559,58880,436,
s264059871,p02791,u027652004,1593142967,Java,Java (OpenJDK 11.0.6),java,Accepted,506,58708,438,
s883912927,p02791,u623099583,1593133349,C++,C++ (Clang 10.0.0),cpp,Accepted,115,3948,590,
s622187704,p02791,u593336026,1593132597,C++,C++ (GCC 9.2.1),cpp,Accepted,30,4764,1767,
s648594588,p02791,u593336026,1593132371,C++,C++ (GCC 9.2.1),cpp,Wrong Answer,31,4716,1795,
s104465999,p02791,u210555114,1593132368,C++,C++ (GCC 9.2.1),cpp,Accepted,55,4376,357,
s774518894,p02791,u018679195,1593124948,C++,C++ (GCC 9.2.1),cpp,Accepted,30,4436,471,
s244441997,p02791,u089230684,1593124431,C++,C++ (GCC 9.2.1),cpp,Time Limit Exceeded,2205,4444,572,
s597285423,p02791,u111473084,1593122968,Python,Python (3.8.2),py,Accepted,74,24572,300,
s000516891,p02791,u431663947,1593120941,JavaScript,JavaScript (Node.js 12.16.1),js,Accepted,113,43268,363,
s388202470,p02791,u923662841,1593117810,Python,Python (3.8.2),py,Accepted,95,32312,131,
s391564218,p02791,u923662841,1593117290,Python,Python (3.8.2),py,Time Limit Exceeded,2206,32336,139,
s853052770,p02791,u353919145,1593110321,C++,C++ (GCC 9.2.1),cpp,Accepted,58,4416,318,
s561836098,p02791,u863370423,1593109778,C++,C++ (GCC 9.2.1),cpp,Accepted,31,3656,387,
s671329469,p02791,u089230684,1593109529,C++,C++ (GCC 9.2.1),cpp,Time Limit Exceeded,2205,4156,288,
s353292122,p02791,u605086727,1593108685,Python,Python (3.8.2),py,Accepted,106,32136,208,
s347243742,p02791,u353919145,1593107267,C++,C++ (GCC 9.2.1),cpp,Time Limit Exceeded,2205,4412,341,
s177768717,p02791,u740002394,1593106250,C++,C++ (GCC 9.2.1),cpp,Accepted,56,4056,290,
s530063958,p02791,u016843859,1593102712,Python,Python (3.8.2),py,Accepted,109,32264,159,
s701149412,p02791,u089230684,1593102656,C++,C++ (GCC 9.2.1),cpp,Accepted,59,4400,443,
s579393871,p02791,u740002394,1593101003,C++,C++ (GCC 9.2.1),cpp,Runtime Error,107,4232,291,
s700692252,p02791,u740002394,1593100984,C++,C++ (GCC 9.2.1),cpp,Runtime Error,112,4428,289,
s856596730,p02791,u740002394,1593100917,C++,C++ (GCC 9.2.1),cpp,Compile Error,,,292,
s335839584,p02791,u361433095,1593099398,C++,C++ (GCC 9.2.1),cpp,Accepted,57,3612,479,
s792907841,p02791,u864329016,1593097610,Python,Python (3.8.2),py,Accepted,99,32224,134,
s983756952,p02791,u018679195,1593096580,C++,C++ (GCC 9.2.1),cpp,Wrong Answer,389,4476,1139,
s522135563,p02791,u659209756,1593092735,C++,C++ (GCC 9.2.1),cpp,Accepted,55,4048,314,
s023965070,p02791,u546668142,1593091342,C++,C++ (GCC 9.2.1),cpp,Accepted,56,4376,291,
s019960456,p02791,u587589241,1593072013,Python,PyPy3 (7.3.0),py,Accepted,104,99728,149,
s454719698,p02791,u687572907,1593055321,C++,C++ (GCC 9.2.1),cpp,Accepted,57,5176,454,
s662400021,p02791,u053310629,1593050107,C++,C++ (GCC 9.2.1),cpp,Accepted,55,4328,447,
s930969264,p02791,u203383537,1593036684,Python,PyPy3 (7.3.0),py,Accepted,108,92124,166,
s804074699,p02791,u203383537,1593036665,Python,Python (3.8.2),py,Accepted,127,32216,166,
s510625576,p02791,u203383537,1593036522,Python,PyPy3 (7.3.0),py,Time Limit Exceeded,2210,183192,212,
s795540913,p02791,u203383537,1593036376,Python,Python (3.8.2),py,Time Limit Exceeded,2206,32228,212,
s890269500,p02791,u833963136,1593033016,C++,C++ (GCC 9.2.1),cpp,Accepted,56,4412,347,
s019108231,p02791,u633090093,1593031889,Java,Java (OpenJDK 1.8.0),java,Accepted,192,47356,2385,
s767306289,p02791,u863370423,1593026513,C++,C++ (GCC 9.2.1),cpp,Accepted,58,3608,429,
s754930899,p02791,u412057008,1593020901,C++,C++ (GCC 9.2.1),cpp,Accepted,57,3612,464,
s207199648,p02791,u437739548,1593020499,C++,C++ (GCC 9.2.1),cpp,Accepted,56,3560,359,
s433626191,p02791,u973240207,1593020493,Python,Python (3.8.2),py,Accepted,181,48960,384,
s120650152,p02791,u973240207,1593019925,Python,Python (3.8.2),py,Accepted,182,48172,404,
s582889927,p02791,u850516963,1593019631,C++,C++ (GCC 9.2.1),cpp,Accepted,55,3596,3252,
s796038165,p02791,u850516963,1593019513,C++,C++ (GCC 9.2.1),cpp,Accepted,57,3608,3252,
s204957460,p02791,u282676559,1593016462,Python,PyPy3 (7.3.0),py,Accepted,104,92420,164,
s193220068,p02791,u282676559,1593015529,Python,PyPy3 (7.3.0),py,Time Limit Exceeded,2212,186512,158,
s214747894,p02791,u282676559,1593015460,Python,Python (3.8.2),py,Time Limit Exceeded,2206,32268,158,
s994556705,p02791,u410717168,1593006871,C++,C++ (GCC 9.2.1),cpp,Accepted,73,13296,1549,
s137314169,p02791,u201966856,1593005133,Java,Java (OpenJDK 1.8.0),java,Accepted,507,55456,615,
s597805043,p02791,u816631826,1593004036,C++,C++ (GCC 9.2.1),cpp,Wrong Answer,57,4300,445,
s684462394,p02791,u018679195,1593003996,C++,C++ (GCC 9.2.1),cpp,Compile Error,,,470,
s892657895,p02791,u229582356,1593002091,C++,C++ (GCC 9.2.1),cpp,Accepted,56,3976,750,
s293097714,p02791,u510749912,1593002008,C++,C++ (GCC 9.2.1),cpp,Accepted,55,4016,445,
s368033444,p02791,u510749912,1593001368,C++,C++ (GCC 9.2.1),cpp,Wrong Answer,2205,4236,541,
s484977245,p02791,u296383300,1592997671,Java,Java (OpenJDK 11.0.6),java,Accepted,496,60456,551,
s585008014,p02791,u510749912,1592996598,C++,C++ (GCC 9.2.1),cpp,Time Limit Exceeded,2205,4220,694,
s180844252,p02791,u510749912,1592996562,C++,C++ (GCC 9.2.1),cpp,Wrong Answer,58,4056,694,
s858815528,p02791,u510749912,1592996462,C++,C++ (GCC 9.2.1),cpp,Time Limit Exceeded,2205,4160,594,
s304265764,p02791,u510749912,1592996346,C++,C++ (GCC 9.2.1),cpp,Time Limit Exceeded,2205,4184,540,
s093975745,p02791,u296383300,1592993005,Java,Java (OpenJDK 11.0.6),java,Accepted,514,60220,401,
s267429309,p02791,u212948109,1592984033,C++,C++ (GCC 9.2.1),cpp,Accepted,58,6404,593,
s593213221,p02791,u388971072,1592943120,Python,Python (3.8.2),py,Accepted,102,32244,150,
s768516216,p02791,u388971072,1592942746,Python,PyPy3 (7.3.0),py,Time Limit Exceeded,2211,232360,150,
s055411811,p02791,u388971072,1592942621,Python,PyPy3 (7.3.0),py,Time Limit Exceeded,2214,233068,175,
s883035537,p02791,u388971072,1592942578,Python,Python (3.8.2),py,Time Limit Exceeded,2206,32340,174,
s331948950,p02791,u388971072,1592941661,Python,Python (3.8.2),py,Time Limit Exceeded,2206,32388,197,
s072160851,p02791,u223172005,1592941077,Go,Go (1.14.1),go,Time Limit Exceeded,2206,8552,544,
s036152313,p02791,u223172005,1592940342,Go,Go (1.14.1),go,Wrong Answer,3,1868,814,
s775409390,p02791,u246401216,1592938828,C++,C++ (GCC 9.2.1),cpp,Accepted,58,4808,386,
s192262680,p02791,u233437178,1592932779,C++,C++ (GCC 9.2.1),cpp,Accepted,58,3644,385,
s320646356,p02791,u297574184,1592931767,Python,Python (3.8.2),py,Accepted,93,32308,151,
s279892239,p02791,u959534101,1592931310,Rust,Rust (1.42.0),rs,Accepted,20,4728,285,
s065219817,p02791,u221780420,1592931031,C++,C++ (GCC 9.2.1),cpp,Accepted,56,3536,360,
s989480389,p02791,u088863512,1592927851,C++,C++ (GCC 9.2.1),cpp,Accepted,33,3624,2317,
s994166847,p02791,u223172005,1592913474,Go,Go (1.14.1),go,Wrong Answer,2205,6424,344,
s101512144,p02791,u223172005,1592913336,Go,Go (1.14.1),go,Wrong Answer,2205,6440,379,
s709316301,p02791,u038385221,1592910087,Haskell,Haskell (GHC 8.8.3),hs,Accepted,313,6628,86,
s492289098,p02791,u960002659,1592910047,Java,Java (OpenJDK 11.0.6),java,Accepted,395,62000,514,
s308115466,p02791,u623007471,1592907232,Go,Go (1.14.1),go,Accepted,38,3264,779,
s106879506,p02791,u422813672,1592905992,C++,C++ (GCC 9.2.1),cpp,Accepted,32,3992,419,
s056304983,p02791,u422813672,1592905743,C++,C++ (GCC 9.2.1),cpp,Accepted,33,3956,420,
s872808011,p02791,u422813672,1592904775,C++,C++ (GCC 9.2.1),cpp,Time Limit Exceeded,2209,4972,709,
s597464170,p02791,u064793078,1592899462,C++,C++ (GCC 9.2.1),cpp,Accepted,122,14544,483,
s023324813,p02791,u230831496,1592896733,Java,Java (OpenJDK 11.0.6),java,Accepted,521,58868,468,
s114916153,p02791,u092301301,1592883129,Python,PyPy3 (7.3.0),py,Accepted,104,99952,157,
s703762338,p02791,u690326065,1592872983,C++,C++ (GCC 9.2.1),cpp,Accepted,32,4780,2260,
s235168237,p02791,u863370423,1592871503,Java,Java (OpenJDK 1.8.0),java,Accepted,216,51240,1950,
s943375749,p02791,u353919145,1592871097,Java,Java (OpenJDK 1.8.0),java,Wrong Answer,229,50372,1928,
s026724798,p02791,u816631826,1592871006,Java,Java (OpenJDK 1.8.0),java,Compile Error,,,1957,
s134531392,p02791,u863370423,1592870915,Java,Java (OpenJDK 1.8.0),java,Compile Error,,,1959,
s962543264,p02791,u863370423,1592870874,Java,Java (OpenJDK 11.0.6),java,Compile Error,,,1959,
s258062532,p02791,u018679195,1592870718,Java,Java (OpenJDK 11.0.6),java,Compile Error,,,1959,
s282523302,p02791,u018679195,1592869410,C++,C++ (GCC 9.2.1),cpp,Accepted,57,4332,410,
s241245966,p02791,u089230684,1592866238,C++,C++ (GCC 9.2.1),cpp,Accepted,55,5128,324,
s906043199,p02791,u863370423,1592866007,C++,C++ (GCC 9.2.1),cpp,Wrong Answer,58,5160,291,
s629494411,p02791,u518891382,1592865644,Python,Python (3.8.2),py,Accepted,105,32184,167,
s111405959,p02791,u089230684,1592865499,C++,C++ (GCC 9.2.1),cpp,Wrong Answer,58,5196,291,
s540937762,p02791,u863370423,1592865207,C++,C++ (GCC 9.2.1),cpp,Accepted,56,4412,404,
s181113948,p02791,u950501521,1592865152,C++,C++ (GCC 9.2.1),cpp,Accepted,57,4388,404,
s878355339,p02791,u950501521,1592864813,C++,C++ (GCC 9.2.1),cpp,Wrong Answer,54,4324,402,
s363122349,p02791,u089230684,1592864442,C++,C++ (GCC 9.2.1),cpp,Time Limit Exceeded,2205,4384,499,
s765170571,p02791,u865613237,1592863268,C++,C++ (GCC 9.2.1),cpp,Accepted,36,4840,2446,
s212165175,p02791,u423665486,1592862510,C++,C++ (GCC 9.2.1),cpp,Accepted,59,6428,499,
s556677857,p02791,u950501521,1592861845,C++,C++ (GCC 9.2.1),cpp,Time Limit Exceeded,2205,4408,499,
s361789667,p02791,u370721525,1592861728,Python,Python (3.8.2),py,Accepted,106,32368,156,
s720837162,p02791,u863370423,1592860411,C++,C++ (GCC 9.2.1),cpp,Accepted,59,4248,607,
s283814805,p02791,u551894030,1592860390,C++,C++ (GCC 9.2.1),cpp,Accepted,56,4320,607,
s005617296,p02791,u551894030,1592859742,C++,C++ (GCC 9.2.1),cpp,Wrong Answer,57,4312,580,
s621276170,p02791,u551894030,1592859684,C++,C++ (GCC 9.2.1),cpp,Wrong Answer,58,4300,579,
s494435797,p02791,u157368592,1592856399,C++,C++ (GCC 9.2.1),cpp,Accepted,30,3960,677,
s941869932,p02791,u157368592,1592856369,C++,C++ (GCC 9.2.1),cpp,Accepted,58,4048,661,
s090897010,p02791,u931173291,1592856263,C++,C++ (GCC 9.2.1),cpp,Accepted,29,3640,621,
s056508747,p02791,u849151695,1592856224,C++,C++ (GCC 9.2.1),cpp,Accepted,57,4044,418,
s863547306,p02791,u104354966,1592854237,Scala,Scala (2.13.1),scala,Accepted,716,79760,1102,
s495305470,p02791,u104354966,1592852336,Scala,Scala (2.13.1),scala,Time Limit Exceeded,2206,64112,781,
s336329352,p02791,u756836953,1592849113,C++,C++ (GCC 9.2.1),cpp,Wrong Answer,26,3600,392,
s749372723,p02791,u104354966,1592848394,Scala,Scala (2.13.1),scala,Time Limit Exceeded,2205,79748,344,
s228130072,p02791,u104354966,1592848279,Scala,Scala (2.13.1),scala,Time Limit Exceeded,2205,79568,339,
s786723111,p02791,u075775814,1592846121,C++,C++ (GCC 9.2.1),cpp,Accepted,57,5164,368,
s684874252,p02791,u566084784,1592841129,C++,C++ (GCC 9.2.1),cpp,Accepted,57,4420,598,
s794911014,p02791,u010686961,1592826883,C++,C++ (GCC 9.2.1),cpp,Accepted,33,4440,651,
s065513708,p02791,u010686961,1592823993,C++,C++ (GCC 9.2.1),cpp,Time Limit Exceeded,2205,4176,706,
s408525992,p02791,u945554850,1592818423,C++,C++ (GCC 9.2.1),cpp,Accepted,58,4000,1031,
s644974764,p02791,u145600939,1592809482,Python,PyPy3 (7.3.0),py,Accepted,152,100088,602,
s259151191,p02791,u018679195,1592784220,C++,C++ (GCC 9.2.1),cpp,Time Limit Exceeded,2205,4308,521,
s670232010,p02791,u353919145,1592784077,C++,C++ (GCC 9.2.1),cpp,Wrong Answer,2205,4356,515,
s028448819,p02791,u912273870,1592783092,C#,C# (.NET Core 3.1.201),cs,Accepted,115,43052,728,
s991145825,p02791,u994690365,1592778756,C++,C++ (GCC 9.2.1),cpp,Accepted,56,3624,332,
s287879332,p02791,u263000123,1592776948,C++,C++ (GCC 9.2.1),cpp,Wrong Answer,16,3644,1707,
s672943107,p02791,u312078744,1592773492,Python,Python (3.8.2),py,Accepted,97,27756,311,
s391511778,p02791,u259170816,1592758046,Rust,Rust (1.42.0),rs,Accepted,23,4760,293,
s174205582,p02791,u281301635,1592757503,C++,C++ (GCC 9.2.1),cpp,Accepted,57,4024,349,
s794890515,p02791,u259170816,1592757136,Rust,Rust (1.42.0),rs,Accepted,1626,3952,417,
s917690525,p02791,u042481711,1592747671,C++,C++ (GCC 9.2.1),cpp,Accepted,57,5164,410,
s207675456,p02791,u773265208,1592746487,Python,Python (3.8.2),py,Accepted,109,32252,144,
s792636346,p02791,u708721324,1592731611,C++,C++ (GCC 9.2.1),cpp,Accepted,57,4844,444,
s568630846,p02791,u497592162,1592724371,Python,Python (3.8.2),py,Accepted,99,32336,186,
s164624303,p02791,u018679195,1592724294,C++,C++ (GCC 9.2.1),cpp,Accepted,55,3564,385,
s286592890,p02791,u424768586,1592713353,Python,PyPy3 (7.3.0),py,Accepted,141,104168,2524,
s342527876,p02791,u722397179,1592698455,C++,C++ (GCC 9.2.1),cpp,Accepted,58,4844,613,
s796817409,p02791,u992465933,1592690117,Python,PyPy3 (7.3.0),py,Accepted,101,92156,325,
s741949153,p02791,u176003399,1592689820,Java,Java (OpenJDK 11.0.6),java,Accepted,532,58232,420,
s228829804,p02791,u353919145,1592685540,C++,C++ (GCC 9.2.1),cpp,Accepted,61,4016,353,
s202485730,p02791,u089230684,1592685243,C++,C++ (GCC 9.2.1),cpp,Wrong Answer,62,4044,312,
s671596959,p02791,u863370423,1592685112,C++,C++ (GCC 9.2.1),cpp,Wrong Answer,60,4036,285,
s345602778,p02791,u493520238,1592684301,Python,PyPy3 (7.3.0),py,Accepted,106,92268,165,
s053069785,p02791,u046595819,1592683966,C++,C++ (GCC 9.2.1),cpp,Accepted,59,3632,218,
s209649129,p02791,u991713078,1592683719,C++,C++ (GCC 9.2.1),cpp,Accepted,59,3912,330,
s509420024,p02791,u267235552,1592680191,JavaScript,JavaScript (Node.js 12.16.1),js,Accepted,126,51920,994,
s569294077,p02791,u267235552,1592680062,JavaScript,JavaScript (Node.js 12.16.1),js,Wrong Answer,115,52172,994,
s890186185,p02791,u020311314,1592678244,C#,C# (.NET Core 3.1.201),cs,Accepted,117,43056,690,
s416359834,p02791,u133936772,1592677306,Python,Python (3.8.2),py,Accepted,93,31708,87,
s517517362,p02791,u497592162,1592677208,Python,PyPy3 (7.3.0),py,Time Limit Exceeded,2211,232548,179,
s795753335,p02791,u497592162,1592677105,Python,Python (3.8.2),py,Time Limit Exceeded,2206,32212,179,
s790892669,p02791,u722628899,1592675986,C++,C++ (GCC 9.2.1),cpp,Accepted,57,6720,455,
s208849380,p02791,u722628899,1592675830,C++,C++ (GCC 9.2.1),cpp,Time Limit Exceeded,2205,4376,423,
s151161888,p02791,u497592162,1592675102,Python,Python (3.8.2),py,Time Limit Exceeded,2206,32320,261,
s754131802,p02791,u072717685,1592667477,Python,Python (3.8.2),py,Accepted,71,24432,233,
s199286190,p02791,u681323954,1592667477,C++,C++ (GCC 9.2.1),cpp,Accepted,55,3968,394,
s933572632,p02791,u200887663,1592655451,Python,Python (3.8.2),py,Accepted,145,32384,290,
s607664118,p02791,u991713078,1592647516,C++,C++ (GCC 9.2.1),cpp,Time Limit Exceeded,2205,4100,347,
s894757263,p02791,u924935170,1592610627,C++,C++ (GCC 9.2.1),cpp,Accepted,60,4840,1245,
s526968244,p02791,u492910842,1592608357,Python,PyPy3 (7.3.0),py,Accepted,106,99932,149,
s358576763,p02791,u341368129,1592604823,C++,C++ (GCC 9.2.1),cpp,Accepted,29,3840,3262,
s651086922,p02791,u377370946,1592604711,C#,C# (.NET Core 3.1.201),cs,Accepted,118,43060,643,
s202620421,p02791,u816631826,1592602602,C++,C++ (GCC 9.2.1),cpp,Accepted,56,5148,459,
s358737398,p02791,u919235786,1592602490,Python,Python (3.8.2),py,Accepted,124,32360,155,
s154442863,p02791,u919235786,1592602233,Python,Python (3.8.2),py,Time Limit Exceeded,2206,32384,167,
s711519794,p02791,u364027015,1592601628,Python,Python (3.8.2),py,Accepted,115,32344,147,
s592872290,p02791,u855838587,1592598750,C++,C++ (GCC 9.2.1),cpp,Accepted,27,4736,748,
s162059330,p02791,u257837042,1592596486,C++,C++ (GCC 9.2.1),cpp,Accepted,59,3980,542,
s483056440,p02791,u766512448,1592595046,C++,C++ (GCC 9.2.1),cpp,Accepted,27,5324,1216,
s713558795,p02791,u425086757,1592582588,C++,C++ (GCC 9.2.1),cpp,Accepted,56,3592,345,
s914743835,p02791,u782144261,1592581550,C++,C++ (GCC 9.2.1),cpp,Accepted,57,3988,529,
s706941040,p02791,u479230440,1592580464,C++,C++ (GCC 9.2.1),cpp,Accepted,16,4500,474,
s326381873,p02791,u622070196,1592571837,C++,C++ (GCC 9.2.1),cpp,Accepted,61,3632,337,
s027922320,p02791,u333700164,1592564480,Python,Python (3.8.2),py,Accepted,90,32308,135,
s329287525,p02791,u333700164,1592564445,Python,Python (3.8.2),py,Runtime Error,69,32324,137,
s526095623,p02791,u333700164,1592564408,Python,Python (3.8.2),py,Runtime Error,70,32292,138,
s166133607,p02791,u333700164,1592564109,Python,Python (3.8.2),py,Time Limit Exceeded,2206,32376,276,
s527250279,p02791,u333700164,1592563511,Python,Python (3.8.2),py,Time Limit Exceeded,2206,32224,186,
s351062360,p02791,u333700164,1592563313,Python,Python (3.8.2),py,Wrong Answer,2206,32336,185,
s543439644,p02791,u796102246,1592554954,Python,Python (3.8.2),py,Accepted,109,32280,162,
s993691804,p02791,u515740713,1592541805,Python,Python (3.8.2),py,Accepted,100,27848,283,
s865602858,p02791,u381460455,1592521302,Java,Java (OpenJDK 11.0.6),java,Accepted,143,37156,8002,
s410210455,p02791,u236658355,1592515992,C++,C++ (GCC 9.2.1),cpp,Accepted,64,4020,648,
s264506377,p02791,u921532128,1592507993,C++,C++ (GCC 9.2.1),cpp,Accepted,59,4004,406,
s068042698,p02791,u921532128,1592507951,C++,C++ (GCC 9.2.1),cpp,Compile Error,,,402,
s550016275,p02791,u131453093,1592507542,Python,Python (3.8.2),py,Accepted,95,32308,168,
s193173837,p02791,u921532128,1592507168,C++,C++ (GCC 9.2.1),cpp,Time Limit Exceeded,2205,4132,455,
s524039892,p02791,u414689295,1592496349,C++,C++ (GCC 9.2.1),cpp,Accepted,56,4052,476,
s102840650,p02791,u269969976,1592474230,Kotlin,Kotlin (1.0.0),kt,Accepted,661,82696,322,
s237269672,p02791,u239725287,1592473682,Python,Python (3.4.3),py,Accepted,94,25696,284,
s356002929,p02791,u815628714,1592470192,C++,C++14 (GCC 5.4.1),cpp,Wrong Answer,78,1792,473,
s490847856,p02791,u382163500,1592469418,C,C (GCC 5.4.1),c,Accepted,22,128,193,
s653388915,p02791,u829416877,1592450130,Python,Python (3.4.3),py,Accepted,116,25768,167,
s886482277,p02791,u888177577,1592442233,Scala,Scala (2.11.7),scala,Accepted,549,54412,339,
s211088433,p02791,u004676431,1592439533,C++,C++14 (GCC 5.4.1),cpp,Accepted,61,1024,277,
s191926719,p02791,u021657949,1592432550,C++,C++14 (GCC 5.4.1),cpp,Accepted,61,1024,384,
s498974482,p02791,u021657949,1592432494,C++,C++14 (GCC 5.4.1),cpp,Compile Error,,,385,
s367889145,p02791,u298628832,1592423862,Ruby,Ruby (2.3.3),rb,Accepted,98,15356,139,
s821013739,p02791,u564770050,1592422154,Python,Python (3.4.3),py,Accepted,151,24744,168,
s789367851,p02791,u564770050,1592421833,Python,Python (3.4.3),py,Time Limit Exceeded,2104,24744,179,
s581313630,p02791,u755499985,1592415152,Bash,Bash (GNU bash v4.3.11),sh,Accepted,1816,56584,126,
s389717677,p02791,u251242696,1592411654,C++,C++14 (GCC 5.4.1),cpp,Accepted,61,3584,603,
s441591186,p02791,u251242696,1592411380,C++,C++14 (GCC 5.4.1),cpp,Time Limit Exceeded,2103,2048,554,
s205236295,p02791,u251242696,1592411227,C++,C++14 (GCC 5.4.1),cpp,Wrong Answer,2103,2048,556,
s635977549,p02791,u465101448,1592400807,Python,PyPy3 (2.4.0),py,Accepted,241,75472,135,
s691029401,p02791,u385309449,1592397487,C++,C++14 (GCC 5.4.1),cpp,Accepted,67,1400,323,
s113135835,p02791,u955248595,1592387439,Python,Python (3.4.3),py,Accepted,114,25768,167,
s744718955,p02791,u955248595,1592387392,Python,PyPy3 (2.4.0),py,Accepted,257,75856,167,
s297033733,p02791,u955248595,1592384555,Python,PyPy3 (2.4.0),py,Time Limit Exceeded,2111,136904,141,
s469320268,p02791,u955248595,1592384442,Python,Python (3.4.3),py,Time Limit Exceeded,2104,25768,141,
s219748040,p02791,u183857199,1592382787,C++,C++14 (GCC 5.4.1),cpp,Accepted,63,1024,529,
s729676195,p02791,u175590965,1592378638,Python,Python (3.4.3),py,Accepted,111,24744,151,
s383587836,p02791,u175590965,1592378526,Python,Python (3.4.3),py,Runtime Error,17,2940,153,
s041994331,p02791,u175590965,1592378466,Python,Python (3.4.3),py,Runtime Error,17,2940,119,
s708670651,p02791,u175590965,1592378394,Python,Python (3.4.3),py,Runtime Error,65,24744,120,
s700897370,p02791,u966836999,1592357939,Python,Python (3.4.3),py,Accepted,76,24744,211,
s404733868,p02791,u966836999,1592357815,Python,Python (3.4.3),py,Time Limit Exceeded,2104,24744,205,
s180387335,p02791,u298972557,1592342322,C++,C++14 (GCC 5.4.1),cpp,Accepted,60,1024,323,
s683988804,p02791,u892615201,1592342208,C++,C++14 (GCC 5.4.1),cpp,Accepted,77,256,783,
s194632101,p02791,u367908963,1592340903,Go,Go (1.6),go,Accepted,39,3584,612,
s695239792,p02791,u369633456,1592331275,C++,C++14 (GCC 5.4.1),cpp,Accepted,18,256,390,
s976947533,p02791,u736788838,1592324821,C++,C++14 (GCC 5.4.1),cpp,Accepted,81,384,347,
s360111196,p02791,u521272340,1592319794,C++,C++14 (GCC 5.4.1),cpp,Accepted,230,21888,14441,
s930278691,p02791,u860952176,1592319304,C++,C++14 (GCC 5.4.1),cpp,Accepted,18,1792,1840,
s559484634,p02791,u860952176,1592318965,C++,C++14 (GCC 5.4.1),cpp,Time Limit Exceeded,2104,3428,1857,
s618035801,p02791,u693694535,1592314263,Python,Python (3.4.3),py,Accepted,189,24744,163,
s326461707,p02791,u655790107,1592314244,C++,C++14 (GCC 5.4.1),cpp,Accepted,60,1024,3223,
s244078364,p02791,u693694535,1592314185,Python,Python (3.4.3),py,Wrong Answer,184,24744,160,
s339320420,p02791,u655790107,1592314133,C++,C++14 (GCC 5.4.1),cpp,Wrong Answer,62,1024,3231,
s755204297,p02791,u693694535,1592314095,Python,Python (3.4.3),py,Wrong Answer,134,24744,164,
s493455461,p02791,u655790107,1592314093,C++,C++14 (GCC 5.4.1),cpp,Compile Error,,,3230,
s798042790,p02791,u693694535,1592313307,Python,Python (3.4.3),py,Time Limit Exceeded,2105,24744,121,
s518030696,p02791,u688587139,1592312761,Python,Python (3.4.3),py,Accepted,95,24744,175,
s634227817,p02791,u391819434,1592263864,Python,Python (3.4.3),py,Accepted,97,24744,133,
s800758412,p02791,u017829142,1592261962,C++,C++14 (GCC 5.4.1),cpp,Accepted,77,1024,913,
s147489041,p02791,u017829142,1592261517,C++,C++14 (GCC 5.4.1),cpp,Time Limit Exceeded,2103,1152,659,
s622993102,p02791,u363146889,1592260106,Python,PyPy3 (2.4.0),py,Accepted,342,100940,612,
s435025408,p02791,u363146889,1592259869,Python,PyPy3 (2.4.0),py,Time Limit Exceeded,2111,100940,653,
s977725309,p02791,u642497480,1592257637,C++,C++14 (GCC 5.4.1),cpp,Accepted,63,1792,376,
s089582421,p02791,u168216888,1592255606,C++,C++14 (GCC 5.4.1),cpp,Accepted,19,1792,807,
s072290320,p02791,u507145838,1592254420,Python,Python (3.4.3),py,Accepted,109,24744,164,
s739810487,p02791,u683310857,1592250635,C++,C++14 (GCC 5.4.1),cpp,Accepted,63,1024,345,
s330453763,p02791,u683310857,1592250305,C++,C++14 (GCC 5.4.1),cpp,Time Limit Exceeded,2103,1024,431,
s458580186,p02791,u683310857,1592242151,C++,C++14 (GCC 5.4.1),cpp,Time Limit Exceeded,2103,1024,473,
s826583365,p02791,u024609780,1592241587,Python,Python (3.4.3),py,Accepted,243,19336,273,
s910307868,p02791,u024609780,1592241039,Python,Python (3.4.3),py,Runtime Error,34,19336,287,
s523028266,p02791,u024609780,1592240017,Python,Python (3.4.3),py,Wrong Answer,2104,17780,180,
s349080996,p02791,u024609780,1592239534,Python,Python (3.4.3),py,Runtime Error,2104,17940,200,
s285420927,p02791,u024609780,1592237351,Python,Python (3.4.3),py,Wrong Answer,2104,17940,268,
s653308814,p02791,u024609780,1592237191,Python,Python (3.4.3),py,Wrong Answer,2104,19336,268,
s316744226,p02791,u024609780,1592237128,Python,Python (3.4.3),py,Wrong Answer,2104,17940,268,
s945623462,p02791,u757274384,1592234593,Python,Python (3.4.3),py,Time Limit Exceeded,2104,24744,158,
s252449223,p02791,u757274384,1592234440,Python,Python (3.4.3),py,Time Limit Exceeded,2104,24744,158,
s720315731,p02791,u534800382,1592213863,C++,C++14 (GCC 5.4.1),cpp,Accepted,79,1024,334,
s837848413,p02791,u834987206,1592172801,C++,C++14 (GCC 5.4.1),cpp,Accepted,59,256,453,
s540277743,p02791,u007550226,1592169175,Python,Python (3.4.3),py,Accepted,130,26012,157,
s241590984,p02791,u307426615,1592160600,OCaml,OCaml (4.02.3),ml,Accepted,54,6272,259,
s295323945,p02791,u289102924,1592160584,Python,Python (3.4.3),py,Accepted,114,24744,157,
s012912034,p02791,u681778599,1592160296,C++,C++14 (GCC 5.4.1),cpp,Accepted,61,1792,454,
s705675187,p02791,u307426615,1592160263,OCaml,OCaml (4.02.3),ml,Time Limit Exceeded,2104,12544,357,
s491442486,p02791,u492373312,1592142522,C++,C++14 (GCC 5.4.1),cpp,Accepted,18,256,1434,
s612597228,p02791,u832094008,1592141907,C++,C++14 (GCC 5.4.1),cpp,Accepted,60,1024,334,
s938015148,p02791,u196507615,1592141276,C++,C++14 (GCC 5.4.1),cpp,Accepted,61,3328,2287,
s992971661,p02791,u371627201,1592133603,C++,C++14 (GCC 5.4.1),cpp,Accepted,77,1024,393,
s918988657,p02791,u847923740,1592131310,Python,Python (3.4.3),py,Accepted,95,26228,305,
s494284876,p02791,u540722648,1592101412,C++,C++14 (GCC 5.4.1),cpp,Accepted,18,1024,398,
s067464814,p02791,u710877960,1592099224,C++,C++14 (GCC 5.4.1),cpp,Accepted,60,1792,346,
s227377369,p02791,u408071652,1592098495,Python,PyPy3 (2.4.0),py,Accepted,262,75344,173,
s190955032,p02791,u710877960,1592097697,C++,C++14 (GCC 5.4.1),cpp,Wrong Answer,2103,1792,407,
s736140768,p02791,u710877960,1592097403,C++,C++14 (GCC 5.4.1),cpp,Time Limit Exceeded,2103,1792,365,
s236408266,p02791,u710877960,1592097066,C++,C++14 (GCC 5.4.1),cpp,Time Limit Exceeded,2103,1792,404,
s268135065,p02791,u772029934,1592094322,Python,PyPy3 (2.4.0),py,Accepted,240,75472,279,
s994357914,p02791,u772029934,1592093724,Python,PyPy3 (2.4.0),py,Wrong Answer,245,75472,262,
s078688370,p02791,u112536536,1592085991,C#,C# (Mono 4.6.2.0),cs,Accepted,98,33500,3299,
s315248587,p02791,u548601871,1592077995,C++,C++14 (GCC 5.4.1),cpp,Accepted,64,1792,351,
s686768294,p02791,u850894780,1592072996,C++,C++14 (GCC 5.4.1),cpp,Accepted,65,1024,512,
s124272132,p02791,u489339677,1592072294,Ruby,Ruby (2.3.3),rb,Accepted,105,17284,129,
s083832622,p02791,u403668916,1592071554,C++,C++14 (GCC 5.4.1),cpp,Accepted,19,1024,4895,
s731801705,p02791,u510989601,1592070957,C++,C++14 (GCC 5.4.1),cpp,Accepted,60,1024,444,
s784420413,p02791,u600261652,1592066820,Python,Python (3.4.3),py,Accepted,75,24744,204,
s510878113,p02791,u600261652,1592066541,Python,Python (3.4.3),py,Time Limit Exceeded,2104,24744,201,
s023004709,p02791,u600261652,1592066199,Python,Python (3.4.3),py,Time Limit Exceeded,2104,24744,198,
s738956571,p02791,u053795093,1592065774,C++,C++14 (GCC 5.4.1),cpp,Accepted,77,1024,244,
s966560494,p02791,u600261652,1592065298,Python,Python (3.4.3),py,Time Limit Exceeded,2104,24744,189,
s922298713,p02791,u603958124,1592056426,C++,C++14 (GCC 5.4.1),cpp,Accepted,62,1024,302,
s074836730,p02791,u640922335,1592020300,Python,Python (3.4.3),py,Accepted,89,24744,147,
s356183463,p02791,u640922335,1592020133,Python,Python (3.4.3),py,Wrong Answer,88,24744,152,
s020273965,p02791,u859247867,1592009098,C++,C++14 (GCC 5.4.1),cpp,Accepted,20,1792,780,
s837114394,p02791,u132892633,1591994587,Python,Python (3.4.3),py,Accepted,90,24744,122,
s218996258,p02791,u132892633,1591994411,Python,PyPy3 (2.4.0),py,Wrong Answer,244,75472,121,
s019930942,p02791,u132892633,1591994134,Python,PyPy3 (2.4.0),py,Time Limit Exceeded,2111,136988,124,
s298131644,p02791,u132892633,1591994096,Python,Python (3.4.3),py,Time Limit Exceeded,2104,24744,147,
s764149547,p02791,u757274384,1591993940,Python,Python (3.4.3),py,Accepted,108,24744,165,
s942396735,p02791,u757274384,1591993749,Python,Python (3.4.3),py,Time Limit Exceeded,2104,26012,153,
s721175575,p02791,u652155485,1591989382,C++,C++14 (GCC 5.4.1),cpp,Accepted,21,256,353,
s427810108,p02791,u652155485,1591989269,C++,C++14 (GCC 5.4.1),cpp,Wrong Answer,20,256,350,
s361826388,p02791,u085717502,1591988427,Python,Python (3.4.3),py,Accepted,109,24744,238,
s791696068,p02791,u085717502,1591988190,Python,Python (3.4.3),py,Time Limit Exceeded,2104,24744,187,
s397143343,p02791,u697467902,1591988112,Kotlin,Kotlin (1.0.0),kt,Accepted,647,82980,529,
s446903965,p02791,u991619971,1591982806,Python,Python (3.4.3),py,Accepted,127,24744,593,
s857395886,p02791,u279008384,1591980682,C++,C++14 (GCC 5.4.1),cpp,Wrong Answer,59,1024,402,
s947271544,p02791,u279008384,1591980593,C++,C++14 (GCC 5.4.1),cpp,Wrong Answer,59,1024,402,
s643556750,p02791,u279008384,1591979836,C++,C++14 (GCC 5.4.1),cpp,Wrong Answer,63,1024,309,
s936813133,p02791,u256363575,1591973728,Python,Python (3.4.3),py,Accepted,109,24744,156,
s048296657,p02791,u256363575,1591973399,Python,Python (3.4.3),py,Time Limit Exceeded,2104,24744,126,
s995412199,p02791,u912766486,1591968669,C++,C++14 (GCC 5.4.1),cpp,Accepted,78,256,365,
s622650720,p02791,u532420851,1591966660,Java,Java8 (OpenJDK 1.8.0),java,Accepted,584,89776,471,
s614764989,p02791,u880480312,1591961304,Python,Python (3.4.3),py,Accepted,117,24744,162,
s060284634,p02791,u880480312,1591961262,Python,Python (3.4.3),py,Wrong Answer,89,24744,160,
s571543198,p02791,u880480312,1591961196,Python,Python (3.4.3),py,Wrong Answer,90,24744,161,
s795856974,p02791,u112629957,1591958360,Python,Python (3.4.3),py,Accepted,110,24744,139,
s368534048,p02791,u432385629,1591957774,C++,C++14 (GCC 5.4.1),cpp,Accepted,77,256,353,
s041983615,p02791,u432385629,1591957288,C++,C++14 (GCC 5.4.1),cpp,Time Limit Exceeded,2103,512,411,
s844132602,p02791,u432385629,1591957083,C++,C++14 (GCC 5.4.1),cpp,Time Limit Exceeded,2107,1024,450,
s623227667,p02791,u880480312,1591956701,Python,Python (3.4.3),py,Time Limit Exceeded,2104,24744,192,
s919369137,p02791,u510558844,1591955656,Java,Java8 (OpenJDK 1.8.0),java,Accepted,634,81336,538,
s569098624,p02791,u354953865,1591944004,C++,C++14 (GCC 5.4.1),cpp,Accepted,18,256,2412,
s934188017,p02791,u269969976,1591940288,Kotlin,Kotlin (1.0.0),kt,Accepted,692,82872,338,
s868506996,p02791,u858929490,1591917571,C++,C++14 (GCC 5.4.1),cpp,Accepted,17,256,1468,
s709903540,p02791,u628335443,1591910308,Python,Python (3.4.3),py,Accepted,95,24744,163,
s527209748,p02791,u841568901,1591909881,Python,Python (3.4.3),py,Accepted,158,25768,166,
s636426073,p02791,u950002813,1591908749,C++,C++14 (GCC 5.4.1),cpp,Accepted,21,1024,4761,
s105803486,p02791,u370977023,1591902890,Ruby,Ruby (2.3.3),rb,Accepted,109,16776,445,
s325471309,p02791,u862412671,1591894400,Python,Python (3.4.3),py,Accepted,174,24744,205,
s720280860,p02791,u364386647,1591891492,Python,Python (3.4.3),py,Accepted,87,24744,231,
s328309634,p02791,u934119021,1591882631,Python,Python (3.4.3),py,Accepted,109,24872,153,
s437359591,p02791,u934119021,1591882155,Python,Python (3.4.3),py,Time Limit Exceeded,2104,24744,193,
s573203065,p02791,u934119021,1591881863,Python,Python (3.4.3),py,Time Limit Exceeded,2104,24744,175,
s752088547,p02791,u934119021,1591881362,Python,Python (3.4.3),py,Time Limit Exceeded,2104,24744,139,
s387033581,p02791,u934119021,1591880986,Python,Python (3.4.3),py,Time Limit Exceeded,2104,24744,200,
s318077721,p02791,u095094246,1591867011,Python,Python (3.4.3),py,Accepted,112,24744,143,
s333683711,p02791,u424542120,1591864769,C++,C++14 (GCC 5.4.1),cpp,Accepted,63,1024,307,
s578252335,p02791,u236540805,1591854307,C++,C++14 (GCC 5.4.1),cpp,Accepted,78,256,320,
s488623736,p02791,u368078055,1591850076,Java,Java8 (OpenJDK 1.8.0),java,Accepted,209,43860,1966,
s725828727,p02791,u525796732,1591829381,Python,PyPy3 (2.4.0),py,Accepted,352,95820,425,
s672742368,p02791,u519968172,1591828813,Python,Python (3.4.3),py,Accepted,110,24744,121,
s038775821,p02791,u519968172,1591828595,Python,Python (3.4.3),py,Time Limit Exceeded,2104,24744,158,
s051127482,p02791,u573234244,1591826400,Python,Python (3.4.3),py,Accepted,94,24744,153,
s518400052,p02791,u573234244,1591826274,Python,Python (3.4.3),py,Time Limit Exceeded,2104,25768,197,
s843185438,p02791,u801701525,1591826173,Python,Python (3.4.3),py,Accepted,112,25124,175,
s793122592,p02791,u526974618,1591826126,C++,C++14 (GCC 5.4.1),cpp,Accepted,60,1792,400,
s167819663,p02791,u573234244,1591825263,Python,Python (3.4.3),py,Time Limit Exceeded,2104,25768,164,
s193039744,p02791,u573234244,1591824972,Python,Python (3.4.3),py,Time Limit Exceeded,2106,24744,158,
s096595340,p02791,u573234244,1591824460,Python,Python (3.4.3),py,Wrong Answer,2108,25768,156,
s680195721,p02791,u534308356,1591823967,Python,Python (3.4.3),py,Accepted,111,24744,226,
s995909091,p02791,u202699008,1591823772,C++,C++14 (GCC 5.4.1),cpp,Accepted,79,256,655,
s098792266,p02791,u534308356,1591823592,Python,Python (3.4.3),py,Time Limit Exceeded,2104,24744,161,
s903778265,p02791,u345778634,1591821580,Python,Python (3.4.3),py,Accepted,105,24744,163,
s934348652,p02791,u299094505,1591820190,C++,C++14 (Clang 3.8.0),cpp,Accepted,160,384,1281,
s462884187,p02791,u659712937,1591816184,Python,Python (3.4.3),py,Accepted,148,24744,147,
s598485619,p02791,u170199544,1591810167,C++,C++14 (GCC 5.4.1),cpp,Accepted,18,1792,1020,
s933600216,p02791,u050428930,1591802523,C++,C++14 (GCC 5.4.1),cpp,Accepted,77,1400,323,
s606428834,p02791,u737840172,1591781192,D,D (DMD64 v2.070.1),d,Accepted,35,11704,453,
s106123462,p02791,u878654696,1591781064,Python,Python (3.4.3),py,Accepted,95,24744,170,
s979388394,p02791,u769530239,1591776504,C++,C++14 (GCC 5.4.1),cpp,Accepted,77,1024,390,
s971436745,p02791,u769530239,1591776392,C++,C++14 (GCC 5.4.1),cpp,Wrong Answer,77,1024,460,
s938372127,p02791,u769530239,1591775905,C++,C++14 (GCC 5.4.1),cpp,Wrong Answer,2103,1024,433,
s185185504,p02791,u168639313,1591765943,C++,C++14 (GCC 5.4.1),cpp,Accepted,21,1792,332,
s745381347,p02791,u727643425,1591765743,C++,C++14 (GCC 5.4.1),cpp,Accepted,18,1024,375,
s055144990,p02791,u332793228,1591757944,Python,Python (3.4.3),py,Accepted,111,24744,162,
s208509148,p02791,u651314218,1591746048,C++,C++14 (GCC 5.4.1),cpp,Accepted,63,1792,457,
s496986370,p02791,u651314218,1591745258,C++,C++14 (GCC 5.4.1),cpp,Time Limit Exceeded,2103,1792,708,
s316015459,p02791,u436733497,1591743460,C++,C++14 (GCC 5.4.1),cpp,Accepted,60,1024,359,
s507875551,p02791,u551325550,1591741392,Java,Java8 (OpenJDK 1.8.0),java,Accepted,579,64356,472,
s305125802,p02791,u551325550,1591740861,Java,Java8 (OpenJDK 1.8.0),java,Time Limit Exceeded,2109,50812,492,
s890334502,p02791,u703739962,1591739035,Go,Go (1.6),go,Accepted,39,3072,607,
s950718275,p02791,u892922562,1591735125,C++,C++14 (GCC 5.4.1),cpp,Accepted,76,256,1741,
s371891046,p02791,u608773191,1591732456,C++,C++14 (GCC 5.4.1),cpp,Accepted,61,1024,1167,
s139494832,p02791,u608773191,1591727314,C++,C++14 (GCC 5.4.1),cpp,Time Limit Exceeded,2107,1024,1300,
s283542770,p02791,u935077873,1591710798,Java,Java8 (OpenJDK 1.8.0),java,Accepted,567,82352,468,
s576422384,p02791,u935077873,1591710715,Java,Java8 (OpenJDK 1.8.0),java,Wrong Answer,573,65560,447,
s853394649,p02791,u838717651,1591708954,C++,C++14 (GCC 5.4.1),cpp,Accepted,63,1024,347,
s340765002,p02791,u902619368,1591702537,C++,C++14 (GCC 5.4.1),cpp,Accepted,78,256,246,
s704426269,p02791,u065467277,1591700087,C++,C++14 (GCC 5.4.1),cpp,Accepted,57,256,3881,
s900809733,p02791,u112887319,1591700027,C++,C++14 (GCC 5.4.1),cpp,Accepted,59,1024,422,
s644462371,p02791,u289288647,1591687933,Python,Python (3.4.3),py,Accepted,140,24744,240,
s176726634,p02791,u289288647,1591687795,Python,Python (3.4.3),py,Time Limit Exceeded,2104,24744,238,
s569918158,p02791,u866535689,1591679109,C++,C++14 (GCC 5.4.1),cpp,Accepted,18,256,450,
s383436166,p02791,u866535689,1591679069,C++,C++14 (GCC 5.4.1),cpp,Accepted,18,256,461,
s351043085,p02791,u259975636,1591673707,C++,C++14 (GCC 5.4.1),cpp,Accepted,77,1024,367,
s952715872,p02791,u259975636,1591673135,C++,C++14 (GCC 5.4.1),cpp,Time Limit Exceeded,2103,1024,470,
s941294819,p02791,u259975636,1591672455,C++,C++14 (GCC 5.4.1),cpp,Time Limit Exceeded,2103,1024,492,
s597919979,p02791,u259975636,1591671689,Python,Python (3.4.3),py,Time Limit Exceeded,2104,24744,326,
s716042998,p02791,u009937643,1591670790,C++,C++14 (GCC 5.4.1),cpp,Accepted,24,11136,892,
s384016850,p02791,u009937643,1591670495,C++,C++14 (GCC 5.4.1),cpp,Time Limit Exceeded,2104,11136,813,
s142454787,p02791,u009937643,1591670310,C++,C++14 (GCC 5.4.1),cpp,Runtime Error,3627,5556,832,
s278215122,p02791,u389498936,1591670267,C++,C++14 (GCC 5.4.1),cpp,Accepted,19,1024,573,
s543918908,p02791,u009937643,1591670157,C++,C++14 (GCC 5.4.1),cpp,Runtime Error,3573,4492,837,
s982781030,p02791,u495006629,1591669670,C++,C++14 (GCC 5.4.1),cpp,Accepted,18,384,318,
s206417232,p02791,u057948305,1591669354,C++,C++14 (GCC 5.4.1),cpp,Accepted,19,1024,416,
s602591956,p02791,u808092084,1591669300,C++,C++14 (GCC 5.4.1),cpp,Accepted,19,1024,430,
s761285841,p02791,u259975636,1591669285,Python,Python (3.4.3),py,Wrong Answer,121,24744,135,
s657048017,p02791,u677464470,1591669252,C++,C++14 (GCC 5.4.1),cpp,Accepted,20,256,537,
s399367747,p02791,u805692198,1591669140,C++,C++14 (GCC 5.4.1),cpp,Accepted,20,256,271,
s605132418,p02791,u805692198,1591669063,C++,C++14 (GCC 5.4.1),cpp,Wrong Answer,20,256,441,
s568080162,p02791,u921676879,1591657454,C++,C++14 (GCC 5.4.1),cpp,Accepted,18,1792,974,
s625393656,p02791,u112887319,1591650591,C++,C++14 (GCC 5.4.1),cpp,Time Limit Exceeded,2103,1024,477,
s671622628,p02791,u375055372,1591648252,C++,C++14 (GCC 5.4.1),cpp,Accepted,76,256,204,
s239382443,p02791,u661869380,1591645415,C++,C++14 (GCC 5.4.1),cpp,Accepted,76,256,353,
s010661827,p02791,u566159623,1591643224,Python,Python (3.4.3),py,Accepted,98,24744,157,
s125833969,p02791,u880449276,1591638607,C++,C++14 (GCC 5.4.1),cpp,Accepted,79,256,262,
s114277430,p02791,u505843680,1591635922,Python,Python (3.4.3),py,Accepted,91,24744,153,
s858514279,p02791,u168416324,1591635022,Python,Python (3.4.3),py,Accepted,103,24744,146,
s959630259,p02791,u723711163,1591632903,Python,PyPy3 (2.4.0),py,Accepted,246,75472,152,
s399639720,p02791,u288335507,1591630708,Python,PyPy3 (2.4.0),py,Accepted,247,75472,167,
s970086244,p02791,u509739538,1591626117,Python,Python (3.4.3),py,Accepted,121,25844,2897,
s469820427,p02791,u359856428,1591625327,C++,C++14 (GCC 5.4.1),cpp,Accepted,62,1024,350,
s959651457,p02791,u973573416,1591612209,C++,C++14 (GCC 5.4.1),cpp,Accepted,61,1792,483,
s076670665,p02791,u370144967,1591609317,C#,C# (Mono 4.6.2.0),cs,Accepted,96,31068,703,
s569248253,p02791,u413396046,1591608006,C++,C++14 (GCC 5.4.1),cpp,Accepted,141,10368,334,
s831829143,p02791,u370144967,1591607835,C#,C# (Mono 4.6.2.0),cs,Wrong Answer,126,32220,661,
s069105832,p02791,u370144967,1591607696,C#,C# (Mono 4.6.2.0),cs,Wrong Answer,134,32220,660,
s049968826,p02791,u413396046,1591607171,C++,C++14 (GCC 5.4.1),cpp,Time Limit Exceeded,2103,1792,308,
s131769052,p02791,u180716041,1591607120,C++,C++14 (GCC 5.4.1),cpp,Accepted,131,10368,341,
s639127292,p02791,u413396046,1591606250,C++,C++14 (GCC 5.4.1),cpp,Time Limit Exceeded,2103,1152,346,
s750214088,p02791,u166378830,1591606055,C++,C++14 (GCC 5.4.1),cpp,Accepted,64,256,307,
s718823471,p02791,u906832993,1591556072,C++,C++14 (GCC 5.4.1),cpp,Accepted,80,1024,482,
s195151537,p02791,u364774090,1591522205,Python,Python (3.4.3),py,Accepted,179,24744,232,
s052907986,p02791,u340040203,1591521154,Python,Python (3.4.3),py,Accepted,91,26012,307,
s189826138,p02791,u830054172,1591520897,Python,Python (3.4.3),py,Accepted,109,24744,270,
s074454133,p02791,u859264140,1591517823,C++,C++14 (GCC 5.4.1),cpp,Accepted,61,1400,1144,
s090817156,p02791,u527105447,1591517376,C++,C++14 (GCC 5.4.1),cpp,Accepted,60,1792,569,
s914841449,p02791,u859264140,1591516184,C++,C++14 (GCC 5.4.1),cpp,Time Limit Exceeded,2103,1400,1160,
s810913120,p02791,u311014146,1591501312,C++,C++14 (GCC 5.4.1),cpp,Accepted,74,256,1061,
s036361223,p02791,u145661163,1591493341,C++,C++14 (GCC 5.4.1),cpp,Accepted,64,3328,1573,
s463383231,p02791,u145661163,1591492680,C++,C++14 (GCC 5.4.1),cpp,Wrong Answer,61,1792,1544,
s612827836,p02791,u145661163,1591492582,C++,C++14 (GCC 5.4.1),cpp,Compile Error,,,1551,
s709992696,p02791,u674588203,1591481847,Python,Python (3.4.3),py,Accepted,143,17940,196,
s142255138,p02791,u674588203,1591481164,Python,PyPy3 (2.4.0),py,Time Limit Exceeded,2112,138420,224,
s288331368,p02791,u674588203,1591480890,Python,Python (3.4.3),py,Time Limit Exceeded,2105,27948,224,
s574941897,p02791,u674588203,1591478968,Python,Python (3.4.3),py,Wrong Answer,2105,27984,194,
s454092601,p02791,u013513417,1591473903,Python,Python (3.4.3),py,Accepted,113,24744,185,
s068995841,p02791,u442855610,1591471593,C++,C++14 (GCC 5.4.1),cpp,Accepted,76,256,294,
s599207437,p02791,u345621867,1591467427,Python,Python (3.4.3),py,Accepted,127,24744,160,
s595968078,p02791,u230804605,1591458073,C++,C++14 (GCC 5.4.1),cpp,Accepted,61,1024,306,
s634048626,p02791,u816631826,1591457164,C++,C++14 (GCC 5.4.1),cpp,Accepted,78,1024,229,
s885479992,p02791,u526104791,1591457134,C++,C++14 (GCC 5.4.1),cpp,Accepted,78,1152,229,
s471557363,p02791,u526104791,1591456657,C++,C++14 (GCC 5.4.1),cpp,Wrong Answer,77,1024,238,
s484494679,p02791,u297738015,1591454442,C++,C++14 (GCC 5.4.1),cpp,Accepted,59,1792,1686,
s674143989,p02791,u350093546,1591444429,Python,PyPy3 (2.4.0),py,Accepted,252,75600,118,
s042004774,p02791,u350093546,1591444265,Python,PyPy3 (2.4.0),py,Time Limit Exceeded,2108,77536,158,
s476005060,p02791,u350093546,1591444181,Python,Python (3.4.3),py,Time Limit Exceeded,2104,24744,158,
s634914514,p02791,u350093546,1591444112,Python,Python (3.4.3),py,Runtime Error,66,24744,157,
s719040304,p02791,u173511648,1591439695,C++,C++14 (GCC 5.4.1),cpp,Accepted,18,256,574,
s403665493,p02791,u173511648,1591439621,C++,C++14 (GCC 5.4.1),cpp,Wrong Answer,18,256,572,
s053160652,p02791,u375948148,1591435096,C++,C++14 (GCC 5.4.1),cpp,Accepted,77,256,267,
s466387633,p02791,u068765697,1591427291,C++,C++14 (GCC 5.4.1),cpp,Accepted,72,1024,1656,
s053222682,p02791,u180607483,1591415745,C++,C++14 (GCC 5.4.1),cpp,Accepted,78,256,266,
s714356410,p02791,u358765098,1591403903,C++,C++14 (GCC 5.4.1),cpp,Accepted,63,1152,373,
s768236753,p02791,u475866458,1591393543,C++,C++14 (GCC 5.4.1),cpp,Accepted,79,256,381,
s663781584,p02791,u936966028,1591393527,C++,C++14 (GCC 5.4.1),cpp,Accepted,58,256,346,
s208267497,p02791,u437351386,1591393015,Python,Python (3.4.3),py,Accepted,108,24744,151,
s646672295,p02791,u863370423,1591392385,C++,C++14 (GCC 5.4.1),cpp,Accepted,19,1024,652,
s059296692,p02791,u768347697,1591392023,C++,C++14 (GCC 5.4.1),cpp,Accepted,66,1792,767,
s966974713,p02791,u089230684,1591391457,C++,C++14 (GCC 5.4.1),cpp,Accepted,18,256,712,
s111769331,p02791,u813096099,1591391421,C++,C++14 (GCC 5.4.1),cpp,Accepted,18,256,712,
s961770577,p02791,u555147026,1591390760,C++,C++14 (GCC 5.4.1),cpp,Accepted,76,384,229,
s402500590,p02791,u264627672,1591388018,C#,C# (Mono 4.6.2.0),cs,Accepted,94,33116,328,
s010235853,p02791,u264627672,1591387858,C#,C# (Mono 4.6.2.0),cs,Wrong Answer,96,33116,308,
s629713293,p02791,u264627672,1591387814,C#,C# (Mono 4.6.2.0),cs,Wrong Answer,99,33116,308,
s401117127,p02791,u264627672,1591387793,C#,C# (Mono 4.6.2.0),cs,Compile Error,,,308,
s540288483,p02791,u606600497,1591387784,C++,C++14 (GCC 5.4.1),cpp,Accepted,19,1792,666,
s242387700,p02791,u264627672,1591387517,C#,C# (Mono 4.6.2.0),cs,Wrong Answer,97,33116,316,
s590087137,p02791,u264627672,1591387391,C#,C# (Mono 4.6.2.0),cs,Wrong Answer,94,31068,295,
s479899389,p02791,u581403769,1591385544,Python,Python (3.4.3),py,Accepted,109,24872,160,
s155767202,p02791,u581403769,1591385485,Python,Python (3.4.3),py,Wrong Answer,109,24744,163,
s632050905,p02791,u581403769,1591384749,Python,Python (3.4.3),py,Time Limit Exceeded,2104,24744,180,
s718560683,p02791,u581403769,1591384237,Python,Python (3.4.3),py,Time Limit Exceeded,2104,24744,145,
s760167961,p02791,u581403769,1591384117,Python,Python (3.4.3),py,Runtime Error,67,26012,142,
s222441727,p02791,u704411633,1591382554,C++,C++14 (GCC 5.4.1),cpp,Accepted,64,1024,502,
s018309300,p02791,u101048376,1591379380,C++,C++14 (GCC 5.4.1),cpp,Accepted,76,256,448,
s399471351,p02791,u694422786,1591378148,C++,C++14 (Clang 3.8.0),cpp,Accepted,165,256,2042,
s288101259,p02791,u694422786,1591376981,C++,C++14 (Clang 3.8.0),cpp,Time Limit Exceeded,2103,1152,2110,
s076677113,p02791,u510989601,1591376972,C++,C++14 (GCC 5.4.1),cpp,Accepted,61,1024,549,
s597865192,p02791,u694422786,1591376887,C++,C++14 (Clang 3.8.0),cpp,Compile Error,,,2107,
s550228228,p02791,u250978519,1591375924,Java,Java8 (OpenJDK 1.8.0),java,Accepted,586,86848,572,
s946062384,p02791,u390997234,1591375526,C++,C++14 (GCC 5.4.1),cpp,Accepted,60,1152,524,
s389181241,p02791,u510989601,1591375422,C++,C++14 (GCC 5.4.1),cpp,Time Limit Exceeded,2103,1024,630,
s660922724,p02791,u641460756,1591369231,Python,Python (3.4.3),py,Accepted,151,24744,172,
s142600758,p02791,u641460756,1591369044,Python,Python (3.4.3),py,Wrong Answer,163,24744,172,
s889860807,p02791,u641460756,1591368700,Python,Python (3.4.3),py,Time Limit Exceeded,2104,24744,159,
s465537373,p02791,u841568901,1591365050,Python,Python (3.4.3),py,Time Limit Exceeded,2104,25768,159,
s344584788,p02791,u436982376,1591358816,Python,Python (3.4.3),py,Accepted,91,24872,158,
s072885854,p02791,u941644149,1591357386,Python,Python (3.4.3),py,Accepted,128,24744,160,
s496541637,p02791,u017212285,1591317671,C++,C++14 (GCC 5.4.1),cpp,Accepted,60,1024,303,
s751217914,p02791,u017212285,1591317193,C++,C++14 (GCC 5.4.1),cpp,Time Limit Exceeded,2103,1024,379,
s374254873,p02791,u017212285,1591316792,C++,C++14 (GCC 5.4.1),cpp,Time Limit Exceeded,2103,1024,385,
s380516680,p02791,u123872895,1591314588,Python,PyPy3 (2.4.0),py,Accepted,264,80464,230,
s366248137,p02791,u710515311,1591306935,Python,Python (3.4.3),py,Accepted,160,24744,163,
s965958312,p02791,u388497015,1591300219,Python,Python (3.4.3),py,Accepted,104,24872,162,
s929854983,p02791,u164181205,1591299269,C++,C++14 (GCC 5.4.1),cpp,Accepted,61,256,731,
s053891685,p02791,u124676202,1591297968,C++,C++14 (GCC 5.4.1),cpp,Accepted,61,3328,1275,
s373666931,p02791,u289838402,1591293858,C++,C++14 (GCC 5.4.1),cpp,Accepted,19,1400,551,
s271633077,p02791,u488805026,1591290864,C++,C++14 (GCC 5.4.1),cpp,Accepted,67,1024,363,
s274598405,p02791,u177316612,1591289013,C++,C++ (GCC 5.4.1),cpp,Accepted,77,1024,455,
s694228051,p02791,u826608257,1591286531,C++,C++14 (GCC 5.4.1),cpp,Wrong Answer,60,1024,310,
s063551868,p02791,u826608257,1591286483,C++,C++14 (GCC 5.4.1),cpp,Accepted,60,1152,306,
s152526265,p02791,u826608257,1591286458,C++,C++14 (GCC 5.4.1),cpp,Accepted,61,1024,314,
s812457469,p02791,u826608257,1591286295,C++,C++14 (GCC 5.4.1),cpp,Wrong Answer,62,1024,308,
s679800990,p02791,u826608257,1591285839,C++,C++14 (GCC 5.4.1),cpp,Wrong Answer,61,1024,308,
s514264894,p02791,u263078486,1591285551,C++,C++14 (GCC 5.4.1),cpp,Accepted,81,1024,278,
s522590551,p02791,u826608257,1591285446,C++,C++14 (GCC 5.4.1),cpp,Time Limit Exceeded,2103,1024,344,
s224000658,p02791,u798339690,1591285117,C++,C++14 (GCC 5.4.1),cpp,Accepted,18,1792,3591,
s972691428,p02791,u798339690,1591285090,C++,C++14 (GCC 5.4.1),cpp,Compile Error,,,3591,
s202771959,p02791,u177316612,1591285061,C++,C++ (GCC 5.4.1),cpp,Time Limit Exceeded,2103,1024,424,
s929024659,p02791,u798339690,1591285048,C++,C++14 (GCC 5.4.1),cpp,Compile Error,,,3591,
s544694663,p02791,u826608257,1591284995,C++,C++14 (GCC 5.4.1),cpp,Time Limit Exceeded,2103,1024,340,
s272741942,p02791,u798339690,1591284992,C++,C++14 (GCC 5.4.1),cpp,Wrong Answer,18,1792,3591,
s520731452,p02791,u177316612,1591284861,C++,C++ (GCC 5.4.1),cpp,Time Limit Exceeded,2103,1024,519,
s777628811,p02791,u934630944,1591284066,C++,C++14 (GCC 5.4.1),cpp,Accepted,60,1024,465,
s178616294,p02791,u294542073,1591278966,Python,Python (3.4.3),py,Accepted,114,25768,263,
s219984850,p02791,u885634168,1591278201,Python,PyPy3 (2.4.0),py,Accepted,256,76496,159,
s436317973,p02791,u531599639,1591277932,Python,Python (3.4.3),py,Accepted,92,24744,156,
s096631978,p02791,u531599639,1591277878,Python,Python (3.4.3),py,Wrong Answer,95,24744,155,
s689436843,p02791,u793144126,1591271766,Java,Java8 (OpenJDK 1.8.0),java,Accepted,598,88768,549,
s017058235,p02791,u793144126,1591271448,Java,Java8 (OpenJDK 1.8.0),java,Time Limit Exceeded,2109,94324,586,
s529336428,p02791,u793144126,1591269625,Java,Java8 (OpenJDK 1.8.0),java,Time Limit Exceeded,2109,95112,627,
s626594494,p02791,u552058878,1591267949,C++,C++14 (GCC 5.4.1),cpp,Accepted,63,1024,489,
s757456318,p02791,u552058878,1591267833,C++,C++14 (GCC 5.4.1),cpp,Runtime Error,101,256,489,
s443866188,p02791,u374082254,1591267323,Python,Python (3.4.3),py,Accepted,143,24744,207,
s643394340,p02791,u374082254,1591267082,Python,Python (3.4.3),py,Time Limit Exceeded,2104,24744,243,
s619803144,p02791,u374082254,1591267037,Python,Python (3.4.3),py,Time Limit Exceeded,2104,24744,225,
s183779225,p02791,u574626823,1591265676,C++,C++14 (GCC 5.4.1),cpp,Accepted,61,1024,371,
s085145526,p02791,u574626823,1591265210,C++,C++14 (GCC 5.4.1),cpp,Time Limit Exceeded,2107,1024,475,
s093210911,p02791,u942051624,1591258501,Python,Python (3.4.3),py,Accepted,96,24744,132,
s714819780,p02791,u942051624,1591258258,Python,Python (3.4.3),py,Time Limit Exceeded,2104,24744,134,
s391865430,p02791,u236536206,1591232710,Python,Python (3.4.3),py,Time Limit Exceeded,2104,24744,136,
s763211894,p02791,u236536206,1591232174,Python,Python (3.4.3),py,Time Limit Exceeded,2104,24744,127,
s571938824,p02791,u191114518,1591226085,C++,C++14 (GCC 5.4.1),cpp,Accepted,61,1792,363,
s350567934,p02791,u191114518,1591225976,C++,C++14 (GCC 5.4.1),cpp,Wrong Answer,61,1792,360,
s761101223,p02791,u191114518,1591225579,C++,C++14 (GCC 5.4.1),cpp,Time Limit Exceeded,2103,1024,365,
s475831886,p02791,u631043888,1591218866,C++,C++14 (GCC 5.4.1),cpp,Accepted,77,1024,292,
s080108107,p02791,u653837719,1591215886,Python,PyPy3 (2.4.0),py,Accepted,244,75472,136,
s248090236,p02791,u653837719,1591215819,Python,PyPy3 (2.4.0),py,Wrong Answer,257,75472,132,
s789461507,p02791,u655663334,1591215405,Python,Python (3.4.3),py,Accepted,92,24744,156,
s655825101,p02791,u655663334,1591215255,Python,Python (3.4.3),py,Runtime Error,17,3060,156,
s970148388,p02791,u488805026,1591214506,C++,C++14 (GCC 5.4.1),cpp,Time Limit Exceeded,2103,1280,426,
s142237101,p02791,u821989875,1591214184,Python,Python (3.4.3),py,Accepted,118,24744,238,
s972800252,p02791,u821989875,1591213923,Ruby,Ruby (2.3.3),rb,Accepted,106,16516,270,
s836681073,p02791,u821989875,1591213127,Ruby,Ruby (2.3.3),rb,Time Limit Exceeded,2108,19460,185,
s742869092,p02791,u011769300,1591203893,C++,C++14 (GCC 5.4.1),cpp,Accepted,18,1792,1033,
s946140726,p02791,u386122581,1591195241,Rust,Rust (1.15.1),rs,Accepted,12,8828,313534,
s780213007,p02791,u488805026,1591191125,C++,C++14 (GCC 5.4.1),cpp,Time Limit Exceeded,2103,1024,431,
s656987763,p02791,u110859855,1591184822,Python,Python (3.4.3),py,Accepted,106,24744,189,
s828571121,p02791,u768256617,1591179452,Python,Python (3.4.3),py,Accepted,135,24744,134,
s793707422,p02791,u036065030,1591175031,Python,Python (3.4.3),py,Accepted,122,24744,198,
s314333339,p02791,u036065030,1591174730,Python,Python (3.4.3),py,Time Limit Exceeded,2105,24744,160,
s858384766,p02791,u062484507,1591171066,Python,Python (3.4.3),py,Accepted,87,20408,257,
s879674929,p02791,u505122009,1591164627,C++,C++14 (GCC 5.4.1),cpp,Accepted,77,1024,1489,
s396586458,p02791,u462257825,1591162342,C++,C++14 (GCC 5.4.1),cpp,Accepted,79,256,177,
s013217683,p02791,u040354830,1591160266,C++,C++14 (GCC 5.4.1),cpp,Accepted,83,1024,542,
s962325087,p02791,u040354830,1591160122,C++,C++14 (GCC 5.4.1),cpp,Time Limit Exceeded,2103,1024,645,
s575232599,p02791,u222300953,1591157075,C++,C++14 (GCC 5.4.1),cpp,Accepted,18,256,290,
s985310366,p02791,u209457657,1591147766,C++,C++14 (GCC 5.4.1),cpp,Accepted,66,1024,297,
s674221193,p02791,u209457657,1591147514,C++,C++14 (GCC 5.4.1),cpp,Time Limit Exceeded,2107,1024,354,
s106470085,p02791,u000074138,1591137600,Rust,Rust (1.15.1),rs,Accepted,81,6396,682,
s106019809,p02791,u910456849,1591134059,C++,C++14 (GCC 5.4.1),cpp,Accepted,62,1024,553,
s130539252,p02791,u910456849,1591133100,C++,C++14 (GCC 5.4.1),cpp,Time Limit Exceeded,2103,1792,410,
s486063175,p02791,u910456849,1591132980,C++,C++14 (GCC 5.4.1),cpp,Time Limit Exceeded,2103,1792,443,
s297744083,p02791,u120219556,1591131791,C++,C++14 (GCC 5.4.1),cpp,Accepted,60,1024,495,
s240677481,p02791,u147571984,1591131211,C++,C++14 (GCC 5.4.1),cpp,Accepted,63,1024,302,
s068771611,p02791,u120219556,1591131134,C++,C++14 (GCC 5.4.1),cpp,Time Limit Exceeded,2103,1024,513,
s968839588,p02791,u120219556,1591130727,C++,C++14 (GCC 5.4.1),cpp,Wrong Answer,60,1024,451,
s789504358,p02791,u177256205,1591129959,C++,C++14 (GCC 5.4.1),cpp,Accepted,60,2420,325,
s585276895,p02791,u614748348,1591129321,Java,Java8 (OpenJDK 1.8.0),java,Accepted,573,64568,396,
s919088860,p02791,u410888565,1591126200,C++,C++14 (GCC 5.4.1),cpp,Wrong Answer,2103,896,327,
s216981604,p02791,u505762585,1591125052,C++,C++14 (GCC 5.4.1),cpp,Accepted,134,9600,864,
s017153117,p02791,u505762585,1591122930,C++,C++14 (GCC 5.4.1),cpp,Time Limit Exceeded,2103,1024,975,
s523850576,p02791,u037710225,1591115588,Go,Go (1.6),go,Accepted,962,5504,198,
s170516052,p02791,u247830763,1591115402,Python,Python (3.4.3),py,Accepted,109,24744,160,
s749397658,p02791,u037710225,1591115084,Go,Go (1.6),go,Time Limit Exceeded,2107,4992,245,
s934192837,p02791,u037710225,1591114798,Python,Python (3.4.3),py,Wrong Answer,2104,17704,150,
s900072381,p02791,u707053380,1591103399,C++,C++14 (GCC 5.4.1),cpp,Accepted,78,3968,885,
s466758298,p02791,u812498271,1591100195,C++,C++14 (GCC 5.4.1),cpp,Accepted,60,1024,333,
s002542654,p02791,u812498271,1591097685,C++,C++14 (GCC 5.4.1),cpp,Time Limit Exceeded,2103,384,311,
s985995550,p02791,u812498271,1591097329,C++,C++14 (GCC 5.4.1),cpp,Wrong Answer,62,1024,274,
s746721518,p02791,u429029348,1591095791,Python,Python (3.4.3),py,Accepted,104,24744,131,
s991634029,p02791,u934776456,1591093863,C++,C++14 (GCC 5.4.1),cpp,Accepted,60,1792,253,
s507643526,p02791,u716903426,1591084339,C++,C++14 (GCC 5.4.1),cpp,Accepted,62,1792,263,
s578324369,p02791,u568789901,1591083163,Python,Python (3.4.3),py,Accepted,116,24744,170,
s604293157,p02791,u125545880,1591076572,Python,Python (3.4.3),py,Accepted,104,24744,239,
s331911693,p02791,u474180590,1591055553,C++,C++14 (GCC 5.4.1),cpp,Accepted,77,256,475,
s534447203,p02791,u945228737,1591048467,Python,Python (3.4.3),py,Accepted,88,25768,261,
s245523200,p02791,u670397449,1591047897,Python,Python (3.4.3),py,Accepted,119,24744,157,
s075188598,p02791,u425834921,1591046618,Python,Python (3.4.3),py,Accepted,90,24744,149,
s358523001,p02791,u425834921,1591046077,Python,Python (3.4.3),py,Time Limit Exceeded,2109,34120,164,
s492395437,p02791,u425834921,1591046029,Python,Python (3.4.3),py,Time Limit Exceeded,2104,24744,129,
s828568325,p02791,u425834921,1591045857,Python,PyPy3 (2.4.0),py,Time Limit Exceeded,2111,137048,129,
s876443468,p02791,u313013569,1591044755,C++,C++14 (GCC 5.4.1),cpp,Accepted,60,1024,753,
s195803224,p02791,u432333240,1591039624,Go,Go (1.6),go,Accepted,40,3584,1048,
s645350796,p02791,u505549547,1591038884,C++,C++14 (GCC 5.4.1),cpp,Accepted,77,3072,210,
s804920080,p02791,u701231431,1591035389,C++,C++14 (GCC 5.4.1),cpp,Accepted,78,256,421,
s085118497,p02791,u482454662,1591032744,C++,C++14 (Clang 3.8.0),cpp,Accepted,166,256,382,
s801720511,p02791,u351267631,1591030091,C++,C++14 (GCC 5.4.1),cpp,Accepted,23,1792,2713,
s772509534,p02791,u446774692,1591027997,C++,C++14 (GCC 5.4.1),cpp,Accepted,78,256,239,
s383438010,p02791,u721094090,1591024434,C++,C++14 (GCC 5.4.1),cpp,Accepted,77,256,460,
s342518937,p02791,u694711153,1591023920,C++,C++14 (GCC 5.4.1),cpp,Accepted,16,256,1340,
s877517017,p02791,u733132703,1591020446,Python,Python (3.4.3),py,Accepted,112,24744,147,
s345349701,p02791,u733132703,1591020037,Python,Python (3.4.3),py,Time Limit Exceeded,2104,24744,154,
s101622851,p02791,u982591663,1591018934,Python,Python (3.4.3),py,Accepted,90,24744,186,
s162653563,p02791,u230139835,1591013892,C++,C++14 (Clang 3.8.0),cpp,Accepted,165,2420,667,
s349611627,p02791,u230139835,1591013809,C++,C++14 (Clang 3.8.0),cpp,Wrong Answer,166,2420,668,
s886271039,p02791,u230139835,1591013513,C++,C++14 (Clang 3.8.0),cpp,Time Limit Exceeded,2103,2420,710,
s447595606,p02791,u230139835,1591013454,C++,C++14 (Clang 3.8.0),cpp,Time Limit Exceeded,2103,2420,699,
s946294536,p02791,u629607744,1591011574,Python,Python (3.4.3),py,Accepted,152,24744,195,
s834561589,p02791,u629607744,1591010796,Python,Python (3.4.3),py,Time Limit Exceeded,2104,24744,171,
s553824198,p02791,u629607744,1591010555,Python,Python (3.4.3),py,Time Limit Exceeded,2104,24744,167,
s109386504,p02791,u629607744,1591009854,Python,Python (3.4.3),py,Time Limit Exceeded,2106,25768,159,
s549224807,p02791,u130988397,1590970479,C++,C++14 (GCC 5.4.1),cpp,Accepted,60,1024,345,
s077035297,p02791,u130988397,1590969866,C++,C++14 (GCC 5.4.1),cpp,Time Limit Exceeded,2103,1024,394,
s249628643,p02791,u576335153,1590950534,C++,C++14 (GCC 5.4.1),cpp,Accepted,60,1024,377,
s882066995,p02791,u004312392,1590950533,Python,PyPy3 (2.4.0),py,Accepted,250,75344,178,
s809077303,p02791,u279848598,1590949208,C++,C++14 (GCC 5.4.1),cpp,Accepted,62,1408,304,
s913054690,p02791,u279848598,1590949019,C++,C++14 (GCC 5.4.1),cpp,Wrong Answer,63,1408,298,
s124749520,p02791,u509725329,1590948408,C++,C++14 (GCC 5.4.1),cpp,Accepted,65,1024,336,
s967877902,p02791,u279848598,1590948095,C++,C++14 (GCC 5.4.1),cpp,Wrong Answer,2103,1408,397,
s644397301,p02791,u509725329,1590947807,C++,C++14 (GCC 5.4.1),cpp,Time Limit Exceeded,2103,1024,329,
s730746733,p02791,u279848598,1590947653,C++,C++14 (GCC 5.4.1),cpp,Time Limit Exceeded,2103,1408,356,
s342544859,p02791,u279848598,1590947599,C++,C++14 (GCC 5.4.1),cpp,Time Limit Exceeded,2103,1408,329,
s917398284,p02791,u470847171,1590943535,C++,C++14 (GCC 5.4.1),cpp,Accepted,66,1024,735,
s236033205,p02791,u313291636,1590942733,Python,PyPy3 (2.4.0),py,Accepted,258,75600,147,
s496495691,p02791,u313291636,1590942532,Python,PyPy3 (2.4.0),py,Runtime Error,261,76240,165,
s394715342,p02791,u834431693,1590935920,Java,Java7 (OpenJDK 1.7.0),java,Accepted,514,74908,401,
s355027150,p02791,u834431693,1590935842,Java,Java7 (OpenJDK 1.7.0),java,Wrong Answer,502,76412,385,
s728222644,p02791,u834431693,1590935772,Java,Java7 (OpenJDK 1.7.0),java,Compile Error,,,384,
s670883365,p02791,u102602414,1590932930,C++,C++14 (GCC 5.4.1),cpp,Accepted,129,10368,1758,
s902624533,p02791,u344065503,1590931786,Python,Python (3.4.3),py,Accepted,108,24744,162,
s183328766,p02791,u527652459,1590930127,C++,C++14 (GCC 5.4.1),cpp,Accepted,60,1792,1284,
s961154729,p02791,u391247609,1590929945,C,C (GCC 5.4.1),c,Accepted,22,896,264,
s225647767,p02791,u330728443,1590924978,Python,PyPy3 (2.4.0),py,Accepted,262,76752,152,
s825522674,p02791,u171328579,1590923594,Python,Python (3.4.3),py,Accepted,93,24744,155,
s396010531,p02791,u171328579,1590922711,Python,Python (3.4.3),py,Time Limit Exceeded,2105,24744,152,
s587254859,p02791,u171328579,1590921979,Python,Python (3.4.3),py,Time Limit Exceeded,2104,24744,172,
s929257907,p02791,u171328579,1590919858,Python,Python (3.4.3),py,Time Limit Exceeded,2104,24744,182,
s249686231,p02791,u238940874,1590913919,Python,Python (3.4.3),py,Accepted,110,24744,158,
s984274748,p02791,u319279308,1590913759,C++,C++14 (GCC 5.4.1),cpp,Accepted,76,256,295,
s059996337,p02791,u615884372,1590899280,C++,C++14 (GCC 5.4.1),cpp,Accepted,64,1024,352,
s625154506,p02791,u615884372,1590897624,C++,C++14 (GCC 5.4.1),cpp,Time Limit Exceeded,2103,1400,530,
s788075547,p02791,u695390721,1590888157,C++,C++14 (GCC 5.4.1),cpp,Accepted,18,1792,617,
s285267574,p02791,u825343780,1590885361,C++,C++14 (GCC 5.4.1),cpp,Accepted,63,1024,404,
s795150791,p02791,u825343780,1590884825,C++,C++14 (GCC 5.4.1),cpp,Wrong Answer,61,1024,389,
s053158692,p02791,u825343780,1590884406,C++,C++14 (GCC 5.4.1),cpp,Time Limit Exceeded,2103,1024,565,
s673758260,p02791,u684458716,1590880958,Ruby,Ruby (2.3.3),rb,Runtime Error,105,15236,158,
s170182776,p02791,u505018470,1590878935,C++,C++14 (GCC 5.4.1),cpp,Accepted,80,256,555,
s269912541,p02791,u973971669,1590878849,C++,C++14 (GCC 5.4.1),cpp,Accepted,60,1792,380,
s422300854,p02791,u312172322,1590877458,C++,C++14 (GCC 5.4.1),cpp,Wrong Answer,63,1400,274,
s236293338,p02791,u298272335,1590871508,C++,C++14 (GCC 5.4.1),cpp,Accepted,62,1792,310,
s363738119,p02791,u115454768,1590871316,C++,C++14 (GCC 5.4.1),cpp,Accepted,76,256,425,
s573640399,p02791,u298272335,1590871199,C++,C++14 (GCC 5.4.1),cpp,Wrong Answer,59,1792,271,
s846290744,p02791,u298272335,1590871172,C++,C++14 (GCC 5.4.1),cpp,Compile Error,,,270,
s193170086,p02791,u790614328,1590865388,C++,C++14 (GCC 5.4.1),cpp,Accepted,77,1024,527,
s709203136,p02791,u330131083,1590864611,C++,C++14 (GCC 5.4.1),cpp,Accepted,77,1024,297,
s635543142,p02791,u671264502,1590863741,C#,C# (Mono 4.6.2.0),cs,Accepted,32,14048,57734,
s948150966,p02791,u225020286,1590858219,Python,Python (3.4.3),py,Accepted,113,24744,137,
s757408207,p02791,u962002433,1590857478,C++,C++14 (GCC 5.4.1),cpp,Accepted,64,1024,500,
s571922614,p02791,u566574814,1590853302,Python,Python (3.4.3),py,Time Limit Exceeded,2104,24744,126,
s056882190,p02791,u603846802,1590852092,C++,C++14 (GCC 5.4.1),cpp,Accepted,18,1024,1008,
s207853167,p02791,u583507988,1590851887,Python,Python (3.4.3),py,Accepted,105,24872,126,
s625993998,p02791,u583507988,1590850729,Python,Python (3.4.3),py,Time Limit Exceeded,2104,24744,177,
s468038845,p02791,u969708690,1590850494,Python,Python (3.4.3),py,Accepted,145,24744,140,
s487490929,p02791,u356539385,1590850372,C++,C++14 (GCC 5.4.1),cpp,Accepted,60,1024,507,
s901200140,p02791,u969708690,1590850329,Python,Python (3.4.3),py,Time Limit Exceeded,2104,24744,134,
s246972045,p02791,u899592602,1590845018,C++,C++14 (GCC 5.4.1),cpp,Accepted,77,256,252,
s902947504,p02791,u819593641,1590844947,Python,Python (3.4.3),py,Accepted,88,24744,246,
s017458055,p02791,u768173071,1590842288,C++,C++14 (GCC 5.4.1),cpp,Accepted,63,1024,394,
s444633592,p02791,u135847648,1590838173,Python,Python (3.4.3),py,Accepted,87,24744,246,
s541158701,p02791,u269969976,1590835030,Kotlin,Kotlin (1.0.0),kt,Accepted,666,82456,401,
s303343364,p02791,u269969976,1590834670,Kotlin,Kotlin (1.0.0),kt,Wrong Answer,670,82988,218,
s511928033,p02791,u957513998,1590834603,Python,PyPy3 (2.4.0),py,Accepted,251,75856,155,
s803990472,p02791,u379702654,1590832195,Haskell,Haskell (GHC 7.10.3),hs,Accepted,903,36220,223,
s985944988,p02791,u637918426,1590827860,Python,Python (3.4.3),py,Accepted,126,24616,196,
s766349828,p02791,u580920947,1590820843,Python,PyPy3 (2.4.0),py,Accepted,263,75344,278,
s095901267,p02791,u740014696,1590815390,C++,C++14 (GCC 5.4.1),cpp,Accepted,78,384,394,
s759746006,p02791,u571785964,1590791033,C++,C++14 (GCC 5.4.1),cpp,Accepted,18,256,1834,
s323084069,p02791,u475329018,1590790296,Go,Go (1.6),go,Accepted,941,4992,255,
s528300425,p02791,u475329018,1590789697,Go,Go (1.6),go,Accepted,933,6016,254,
s056126011,p02791,u475329018,1590789502,Go,Go (1.6),go,Wrong Answer,982,6656,386,
s362900954,p02791,u187013893,1590789381,C++,C++14 (GCC 5.4.1),cpp,Accepted,77,256,412,
s915281564,p02791,u475329018,1590788624,Go,Go (1.6),go,Wrong Answer,980,4992,392,
s906620797,p02791,u475329018,1590788384,Go,Go (1.6),go,Wrong Answer,2108,7040,431,
s747759133,p02791,u870575557,1590787885,Nim,Nim (0.13.0),nim,Accepted,34,6016,495,
s927185802,p02791,u277104886,1590785737,Python,Python (3.4.3),py,Accepted,94,24744,144,
s659138153,p02791,u462451018,1590778521,C++,C++14 (GCC 5.4.1),cpp,Accepted,63,1152,781,
s413488276,p02791,u911917041,1590776933,C++,C++14 (GCC 5.4.1),cpp,Accepted,63,1792,700,
s362473979,p02791,u911917041,1590776493,C++,C++14 (GCC 5.4.1),cpp,Wrong Answer,64,1792,698,
s420394213,p02791,u911917041,1590776431,C++,C++14 (GCC 5.4.1),cpp,Wrong Answer,66,1792,698,
s462872946,p02791,u911917041,1590776176,C++,C++14 (GCC 5.4.1),cpp,Time Limit Exceeded,2103,1024,775,
s617419724,p02791,u842857133,1590775430,C++,C++14 (GCC 5.4.1),cpp,Accepted,63,1792,310,
s562060001,p02791,u459100168,1590775373,C++,C++14 (GCC 5.4.1),cpp,Time Limit Exceeded,2103,1024,368,
s420070340,p02791,u459100168,1590775350,Java,Java8 (OpenJDK 1.8.0),java,Compile Error,,,368,
s831439026,p02791,u459100168,1590775146,Java,Java8 (OpenJDK 1.8.0),java,Accepted,605,88116,513,
s767780866,p02791,u459100168,1590773057,Java,Java8 (OpenJDK 1.8.0),java,Time Limit Exceeded,2109,84448,542,
s452306087,p02791,u110044127,1590770604,C++,C++14 (GCC 5.4.1),cpp,Accepted,18,1792,596,
s123326255,p02791,u110044127,1590770149,C++,C++14 (GCC 5.4.1),cpp,Time Limit Exceeded,2103,1024,643,
s664365378,p02791,u749643742,1590768165,Python,Python (3.4.3),py,Accepted,108,24744,176,
s748723336,p02791,u451954557,1590767260,C++,C++14 (GCC 5.4.1),cpp,Wrong Answer,2103,1024,514,
s590678834,p02791,u451954557,1590766399,C++,C++14 (GCC 5.4.1),cpp,Time Limit Exceeded,2103,1024,491,
s959361602,p02791,u451954557,1590766358,C++,C++14 (GCC 5.4.1),cpp,Time Limit Exceeded,2103,1152,574,
s852410118,p02791,u451954557,1590766312,C++,C++14 (GCC 5.4.1),cpp,Time Limit Exceeded,2103,1024,551,
s151864496,p02791,u079022116,1590762142,Python,Python (3.4.3),py,Wrong Answer,2104,24744,193,
s172237716,p02791,u079022116,1590761374,Python,Python (3.4.3),py,Wrong Answer,110,24744,136,
s043782979,p02791,u106964380,1590759481,Java,Java8 (OpenJDK 1.8.0),java,Accepted,577,63712,359,
s255431963,p02791,u351480677,1590757322,Python,Python (3.4.3),py,Accepted,110,24744,175,
s040957160,p02791,u713914478,1590756183,Python,Python (3.4.3),py,Accepted,150,24744,152,
s996458374,p02791,u713914478,1590755845,Python,Python (3.4.3),py,Time Limit Exceeded,2105,24744,129,
s214765096,p02791,u699628455,1590753891,Java,Java8 (OpenJDK 1.8.0),java,Accepted,580,65884,353,
s854996650,p02791,u699628455,1590753179,Java,Java8 (OpenJDK 1.8.0),java,Time Limit Exceeded,2109,103412,508,
s824950633,p02791,u699628455,1590752990,Java,Java8 (OpenJDK 1.8.0),java,Time Limit Exceeded,2109,103336,508,
s458923056,p02791,u596385287,1590749825,C++,C++14 (GCC 5.4.1),cpp,Accepted,18,256,396,
s495290798,p02791,u014268998,1590748019,Python,Python (3.4.3),py,Accepted,178,24744,288,
s493771514,p02791,u193927973,1590742611,Python,Python (3.4.3),py,Accepted,90,24872,138,
s014639641,p02791,u193927973,1590742569,Python,Python (3.4.3),py,Runtime Error,64,24744,136,
s831213500,p02791,u785748162,1590741261,C++,C++14 (GCC 5.4.1),cpp,Accepted,18,2420,2259,
s480036856,p02791,u263333739,1590739909,Java,Java8 (OpenJDK 1.8.0),java,Accepted,572,62860,374,
s756916938,p02791,u501451051,1590737710,Python,PyPy3 (2.4.0),py,Accepted,257,76880,187,
s900344215,p02791,u501451051,1590736701,Python,PyPy3 (2.4.0),py,Time Limit Exceeded,2108,77536,255,
s979502683,p02791,u501451051,1590736543,Python,Python (3.4.3),py,Wrong Answer,2104,24744,272,
s114554329,p02791,u119974167,1590733514,C++,C++14 (Clang 3.8.0),cpp,Accepted,159,1792,2977,
s330455148,p02791,u958873500,1590712532,C++,C++14 (GCC 5.4.1),cpp,Accepted,59,256,573,
s990364496,p02791,u958873500,1590711915,C++,C++14 (GCC 5.4.1),cpp,Time Limit Exceeded,2103,1792,740,
s190340984,p02791,u941022948,1590706384,Python,PyPy3 (2.4.0),py,Accepted,246,75404,140,
s445043294,p02791,u941022948,1590706176,Python,PyPy3 (2.4.0),py,Time Limit Exceeded,2112,137096,145,
s765469568,p02791,u368324062,1590697710,C++,C++14 (Clang 3.8.0),cpp,Accepted,161,1024,2331,
s071124533,p02791,u680301971,1590692073,Java,Java8 (OpenJDK 1.8.0),java,Accepted,121,22628,3645,
s445656057,p02791,u680301971,1590691367,Java,Java8 (OpenJDK 1.8.0),java,Time Limit Exceeded,2109,24708,3550,
s596737033,p02791,u422725381,1590690870,C++,C++14 (GCC 5.4.1),cpp,Accepted,67,1792,777,
s971045364,p02791,u186506670,1590690034,C++,C++14 (GCC 5.4.1),cpp,Accepted,60,1024,311,
s457947468,p02791,u186506670,1590689669,C++,C++14 (GCC 5.4.1),cpp,Time Limit Exceeded,2107,1024,366,
s827992183,p02791,u977547071,1590689276,C++,C++14 (GCC 5.4.1),cpp,Accepted,63,1024,317,
s933976317,p02791,u186506670,1590688906,C++,C++14 (GCC 5.4.1),cpp,Wrong Answer,2107,1024,366,
s105031156,p02791,u977547071,1590688586,C++,C++14 (GCC 5.4.1),cpp,Time Limit Exceeded,2103,1024,345,
s235106663,p02791,u423966555,1590686469,Python,Python (3.4.3),py,Accepted,92,24744,153,
s410615898,p02791,u423966555,1590686388,Python,Python (3.4.3),py,Accepted,129,24744,165,
s018997188,p02791,u864329016,1590682179,C,C (GCC 5.4.1),c,Accepted,22,896,318,
s888227263,p02791,u864329016,1590682031,C,C (GCC 5.4.1),c,Wrong Answer,22,896,319,
s595330534,p02791,u864329016,1590681320,C,C (GCC 5.4.1),c,Time Limit Exceeded,2103,896,468,
s658738399,p02791,u075074066,1590679805,PHP,PHP7 (7.0.15),php,Accepted,48,18932,211,
s474427502,p02791,u075074066,1590679599,PHP,PHP7 (7.0.15),php,Time Limit Exceeded,2104,18932,234,
s722208951,p02791,u037563046,1590675631,C++,C++14 (GCC 5.4.1),cpp,Accepted,63,1024,1045,
s575254646,p02791,u034671639,1590674022,Java,Java8 (OpenJDK 1.8.0),java,Time Limit Exceeded,2108,22296,3769,
s998389228,p02791,u742899538,1590669822,Python,Python (3.4.3),py,Accepted,130,24744,184,
s520077001,p02791,u399802581,1590669264,C++,C++14 (GCC 5.4.1),cpp,Accepted,22,1024,746,
s633709951,p02791,u554080150,1590659625,C++,C++14 (GCC 5.4.1),cpp,Accepted,59,1792,584,
s594071362,p02791,u279033107,1590656359,C++,C++14 (GCC 5.4.1),cpp,Accepted,76,256,1154,
s842093791,p02791,u034671639,1590656177,C++,C++14 (GCC 5.4.1),cpp,Accepted,19,1792,903,
s871399709,p02791,u527595617,1590639320,C++,C++14 (Clang 3.8.0),cpp,Runtime Error,100,256,534,
s330624309,p02791,u664063028,1590630393,C++,C++14 (GCC 5.4.1),cpp,Accepted,76,256,211,
s645043766,p02791,u274244155,1590628448,Python,PyPy3 (2.4.0),py,Accepted,247,75600,567,
s715575830,p02791,u506403362,1590623257,Fortran,Fortran (gfortran v4.8.4),f,Accepted,52,1536,232,
s530739639,p02791,u554539154,1590613718,C++,C++14 (GCC 5.4.1),cpp,Accepted,130,10368,310,
s138477840,p02791,u554539154,1590613235,C++,C++14 (GCC 5.4.1),cpp,Wrong Answer,87,10368,398,
s024358888,p02791,u554539154,1590613139,C++,C++14 (GCC 5.4.1),cpp,Wrong Answer,99,10368,398,
s766581403,p02791,u554539154,1590613081,C++,C++14 (GCC 5.4.1),cpp,Runtime Error,285,256,394,
s092545148,p02791,u978628205,1590611911,C++,C++14 (GCC 5.4.1),cpp,Compile Error,,,362,
s522364559,p02791,u602140789,1590611510,C++,C++14 (GCC 5.4.1),cpp,Accepted,63,1024,328,
s041111928,p02791,u810288681,1590611491,Python,Python (3.4.3),py,Accepted,92,24744,133,
s198733803,p02791,u810288681,1590610986,Python,Python (3.4.3),py,Time Limit Exceeded,2104,24744,130,
s571878836,p02791,u810288681,1590609713,Python,Python (3.4.3),py,Runtime Error,17,3060,153,
s859377670,p02791,u810288681,1590609404,Python,Python (3.4.3),py,Runtime Error,17,3060,181,
s632485771,p02791,u432251613,1590608004,Python,Python (3.4.3),py,Accepted,110,24744,240,
s036508229,p02791,u687574784,1590603896,Python,Python (3.4.3),py,Accepted,176,26012,212,
s702123440,p02791,u687574784,1590603828,Python,Python (3.4.3),py,Wrong Answer,516,25716,244,
s348944164,p02791,u687574784,1590603560,Python,Python (3.4.3),py,Wrong Answer,188,24744,209,
s064034459,p02791,u687574784,1590603476,Python,Python (3.4.3),py,Wrong Answer,182,26012,209,
s781725934,p02791,u687574784,1590603297,Python,Python (3.4.3),py,Accepted,117,24744,154,
s571513885,p02791,u687574784,1590602912,Python,Python (3.4.3),py,Wrong Answer,197,24744,211,
s876686020,p02791,u940780117,1590602883,Python,Python (3.4.3),py,Accepted,94,24744,128,
s452205817,p02791,u687574784,1590602090,Python,Python (3.4.3),py,Wrong Answer,181,24744,207,
s370417422,p02791,u360396737,1590601020,C++,C++14 (GCC 5.4.1),cpp,Accepted,78,256,402,
s842403576,p02791,u363892646,1590600520,C++,C++14 (GCC 5.4.1),cpp,Accepted,19,1792,2192,
s031282164,p02791,u070471279,1590596269,C++,C++14 (GCC 5.4.1),cpp,Accepted,19,1024,682,
s145374037,p02791,u330131083,1590596166,C++,C++14 (GCC 5.4.1),cpp,Accepted,79,1024,296,
s098851664,p02791,u071396528,1590592542,C++,C++14 (GCC 5.4.1),cpp,Accepted,18,384,1610,
s880802520,p02791,u032437757,1590590497,C++,C++14 (Clang 3.8.0),cpp,Accepted,168,1792,607,
s613520170,p02791,u718949306,1590583987,Python,Python (3.4.3),py,Accepted,109,24744,164,
s373539740,p02791,u718949306,1590583230,Python,Python (3.4.3),py,Time Limit Exceeded,2105,24744,214,
s542880945,p02791,u718949306,1590583052,Python,Python (3.4.3),py,Time Limit Exceeded,2104,24744,221,
s257628823,p02791,u718949306,1590582544,Python,Python (3.4.3),py,Time Limit Exceeded,2104,24744,184,
s364231835,p02791,u361725994,1590582226,C#,C# (Mono 4.6.2.0),cs,Accepted,97,32220,674,
s608071284,p02791,u718949306,1590581739,Python,PyPy3 (2.4.0),py,Time Limit Exceeded,2108,75344,223,
s813846053,p02791,u718949306,1590581631,Python,Python (3.4.3),py,Time Limit Exceeded,2104,24744,223,
s588064482,p02791,u361725994,1590581564,C#,C# (Mono 4.6.2.0),cs,Wrong Answer,99,32220,764,
s516078258,p02791,u626684023,1590578790,Python,Python (3.4.3),py,Accepted,114,24744,254,
s891156073,p02791,u626684023,1590578325,Python,Python (3.4.3),py,Time Limit Exceeded,2104,24744,139,
s413191872,p02791,u361725994,1590577095,C#,C# (Mono 4.6.2.0),cs,Time Limit Exceeded,2112,33884,752,
s457666227,p02791,u361725994,1590576753,C#,C# (Mono 4.6.2.0),cs,Time Limit Exceeded,2109,31836,738,
s634472718,p02791,u328136010,1590576538,Python,Python (3.4.3),py,Accepted,79,20468,419,
s134323428,p02791,u361725994,1590576314,C#,C# (Mono 4.6.2.0),cs,Wrong Answer,95,32220,607,
s760387340,p02791,u361725994,1590576268,C#,C# (Mono 4.6.2.0),cs,Wrong Answer,2108,33884,606,
s965789821,p02791,u926412290,1590574169,Python,Python (3.4.3),py,Accepted,140,24744,172,
s627056826,p02791,u640466057,1590574059,Java,Java8 (OpenJDK 1.8.0),java,Accepted,575,66076,453,
s720481526,p02791,u926412290,1590573843,Python,Python (3.4.3),py,Time Limit Exceeded,2104,24744,142,
s469209968,p02791,u640466057,1590572163,Java,Java8 (OpenJDK 1.8.0),java,Wrong Answer,568,82256,441,
s369323771,p02791,u470214149,1590559165,C,C (Clang 3.8.0),c,Accepted,22,896,277,
s342157523,p02791,u410392135,1590554165,C++,C++14 (GCC 5.4.1),cpp,Accepted,77,256,977,
s153087235,p02791,u725133562,1590540364,Python,Python (3.4.3),py,Accepted,104,24744,161,
s521575993,p02791,u095200025,1590539317,Java,Java8 (OpenJDK 1.8.0),java,Accepted,583,64412,406,
s725755026,p02791,u095200025,1590538241,Java,Java8 (OpenJDK 1.8.0),java,Accepted,567,64964,444,
s708794551,p02791,u095200025,1590537716,Java,Java8 (OpenJDK 1.8.0),java,Time Limit Exceeded,2109,66792,475,
s448695751,p02791,u353706368,1590535961,C++,C++14 (GCC 5.4.1),cpp,Accepted,18,256,444,
s052575321,p02791,u679520304,1590535933,Python,PyPy3 (2.4.0),py,Accepted,252,85584,221,
s807342167,p02791,u714564133,1590534425,C++,C++14 (GCC 5.4.1),cpp,Accepted,19,1024,736,
s518582890,p02791,u834753207,1590531036,C++,C++14 (GCC 5.4.1),cpp,Accepted,78,3072,250,
s452109331,p02791,u944325914,1590529801,Python,Python (3.4.3),py,Accepted,109,24744,214,
s060295381,p02791,u075775814,1590529604,C++,C++14 (GCC 5.4.1),cpp,Accepted,80,1792,406,
s936091222,p02791,u944325914,1590528058,Python,Python (3.4.3),py,Time Limit Exceeded,2104,24744,126,
s925630716,p02791,u623402808,1590526205,Ruby,Ruby (2.3.3),rb,Accepted,99,15236,190,
s472250232,p02791,u418180220,1590523645,C++,C++14 (GCC 5.4.1),cpp,Accepted,76,256,480,
s658575133,p02791,u418180220,1590523512,C++,C++14 (GCC 5.4.1),cpp,Wrong Answer,77,256,453,
s022923976,p02791,u884323674,1590523382,Python,Python (3.4.3),py,Accepted,111,25768,181,
s802587141,p02791,u860874998,1590522642,Java,Java8 (OpenJDK 1.8.0),java,Time Limit Exceeded,2109,51132,452,
s290382241,p02791,u860874998,1590522451,Java,Java8 (OpenJDK 1.8.0),java,Time Limit Exceeded,2109,85844,422,
s349461012,p02791,u860874998,1590522184,Java,Java8 (OpenJDK 1.8.0),java,Wrong Answer,2109,65164,412,
s787898739,p02791,u860874998,1590521992,Java,Java8 (OpenJDK 1.8.0),java,Wrong Answer,2109,86120,407,
s092676801,p02791,u860874998,1590521962,Java,Java8 (OpenJDK 1.8.0),java,Compile Error,,,407,
s956165357,p02791,u860874998,1590521705,Java,Java8 (OpenJDK 1.8.0),java,Wrong Answer,579,64696,239,
s872203718,p02791,u436660228,1590512854,C++,C++14 (GCC 5.4.1),cpp,Accepted,60,1792,396,
s557235987,p02791,u927801748,1590512127,C++,C++14 (GCC 5.4.1),cpp,Accepted,59,256,1180,
s213910147,p02791,u470154820,1590506617,C++,C++14 (GCC 5.4.1),cpp,Accepted,18,1792,1729,
s416719975,p02791,u635857549,1590498396,Ruby,Ruby (2.3.3),rb,Time Limit Exceeded,2111,67164,177,
s223479920,p02791,u382639013,1590498035,Python,Python (3.4.3),py,Time Limit Exceeded,2104,24744,174,
s813579774,p02791,u733132703,1590497970,Python,Python (3.4.3),py,Time Limit Exceeded,2104,24744,148,
s040664435,p02791,u635857549,1590496642,Ruby,Ruby (2.3.3),rb,Time Limit Exceeded,2108,18076,146,
s232937644,p02791,u167647458,1590495366,Python,Python (3.4.3),py,Accepted,91,24744,150,
s001000670,p02791,u167647458,1590495214,Python,Python (3.4.3),py,Wrong Answer,94,24744,142,
s375482775,p02791,u642883360,1590494182,Python,PyPy3 (2.4.0),py,Accepted,237,75472,146,
s432125561,p02791,u382639013,1590491267,Python,Python (3.4.3),py,Accepted,117,24744,166,
s798483927,p02791,u382639013,1590490826,Python,Python (3.4.3),py,Time Limit Exceeded,2104,24744,163,
s307275886,p02791,u382639013,1590490733,Python,Python (3.4.3),py,Wrong Answer,2104,24744,176,
s200685403,p02791,u382639013,1590490243,Python,Python (3.4.3),py,Time Limit Exceeded,2107,68544,251,
s549986095,p02791,u718949306,1590485939,Python,Python (3.4.3),py,Wrong Answer,273,26012,241,
s975563371,p02791,u718949306,1590483262,Python,Python (3.4.3),py,Time Limit Exceeded,2104,24744,224,
s805086649,p02791,u718949306,1590482351,Python,Python (3.4.3),py,Wrong Answer,115,24744,168,
s022234482,p02791,u718949306,1590482062,Python,Python (3.4.3),py,Wrong Answer,112,24744,141,
s433119644,p02791,u814773738,1590481821,C++,C++14 (GCC 5.4.1),cpp,Accepted,60,1024,385,
s960178656,p02791,u814773738,1590481726,C++,C++14 (GCC 5.4.1),cpp,Wrong Answer,1,256,375,
s681166582,p02791,u121698457,1590461677,Python,Python (3.4.3),py,Accepted,103,24744,165,
s408963390,p02791,u135957438,1590457119,C++,C++14 (GCC 5.4.1),cpp,Accepted,76,256,549,
s657447008,p02791,u786944534,1590454699,C#,C# (Mono 4.6.2.0),cs,Accepted,104,36188,4331,
s062173422,p02791,u722036092,1590446216,C++,C++14 (GCC 5.4.1),cpp,Accepted,18,256,341,
s535309986,p02791,u569559028,1590443624,Ruby,Ruby (2.3.3),rb,Accepted,111,16516,250,
s454861739,p02791,u671446913,1590443503,Python,Python (3.4.3),py,Accepted,111,25128,377,
s680465546,p02791,u671446913,1590443324,Python,PyPy3 (2.4.0),py,Time Limit Exceeded,2110,136796,353,
s717888033,p02791,u671446913,1590443300,Python,Python (3.4.3),py,Time Limit Exceeded,2104,25128,353,
s029696848,p02791,u671446913,1590443029,Python,PyPy3 (2.4.0),py,Time Limit Exceeded,2110,77408,399,
s098970212,p02791,u671446913,1590442990,Python,Python (3.4.3),py,Time Limit Exceeded,2104,25128,399,
s890060967,p02791,u888092736,1590442388,Python,Python (3.4.3),py,Accepted,92,24744,134,
s199739366,p02791,u888092736,1590442168,Python,Python (3.4.3),py,Accepted,93,24744,151,
s725710845,p02791,u676480077,1590441053,C++,C++14 (GCC 5.4.1),cpp,Accepted,77,256,412,
s206442531,p02791,u676480077,1590440537,C++,C++14 (GCC 5.4.1),cpp,Wrong Answer,77,1024,449,
s279947207,p02791,u676480077,1590440139,C++,C++14 (GCC 5.4.1),cpp,Time Limit Exceeded,2103,640,500,
s420220029,p02791,u676480077,1590439921,C++,C++14 (GCC 5.4.1),cpp,Time Limit Exceeded,2103,1024,481,
s815533419,p02791,u360944778,1590438136,C++,C++14 (GCC 5.4.1),cpp,Accepted,76,256,343,
s970367449,p02791,u360944778,1590437685,C++,C++14 (GCC 5.4.1),cpp,Accepted,66,4992,597,
s276732072,p02791,u360944778,1590436820,C++,C++14 (GCC 5.4.1),cpp,Time Limit Exceeded,2103,1792,502,
s135965729,p02791,u998733244,1590434082,Python,Python (3.4.3),py,Accepted,167,24744,234,
s837714503,p02791,u211701035,1590432622,C++,C++14 (GCC 5.4.1),cpp,Accepted,59,256,319,
s035049669,p02791,u969559338,1590431503,C++,C++14 (GCC 5.4.1),cpp,Accepted,77,1024,323,
s665147195,p02791,u762019716,1590427728,Java,Java8 (OpenJDK 1.8.0),java,Accepted,401,57260,2853,
s274130161,p02791,u762019716,1590427187,Java,Java8 (OpenJDK 1.8.0),java,Time Limit Exceeded,2108,56984,2927,
s211388708,p02791,u580316619,1590426687,Python,Python (3.4.3),py,Accepted,106,24744,133,
s591034920,p02791,u127370080,1590426198,C++,C++14 (GCC 5.4.1),cpp,Time Limit Exceeded,2103,1024,313,
s739247709,p02791,u580316619,1590426175,Python,Python (3.4.3),py,Wrong Answer,83,24872,132,
s620757170,p02791,u127370080,1590425978,C++,C++14 (GCC 5.4.1),cpp,Time Limit Exceeded,2103,1024,306,
s508286775,p02791,u127370080,1590425763,C++,C++14 (GCC 5.4.1),cpp,Time Limit Exceeded,2103,1024,306,
s042866914,p02791,u306482197,1590423869,C++,C++14 (GCC 5.4.1),cpp,Accepted,68,1400,250,
s838627287,p02791,u306482197,1590423677,C++,C++14 (GCC 5.4.1),cpp,Compile Error,,,228,
s630073349,p02791,u306482197,1590423403,C++,C++14 (GCC 5.4.1),cpp,Time Limit Exceeded,2103,1400,272,
s179687877,p02791,u098968285,1590422959,Python,Python (3.4.3),py,Accepted,103,24744,230,
s569423694,p02791,u157232135,1590416621,Python,Python (3.4.3),py,Accepted,100,24744,256,
s228022409,p02791,u157232135,1590415842,Python,PyPy3 (2.4.0),py,Time Limit Exceeded,2110,75472,248,
s217317588,p02791,u799751074,1590415514,C++,C++14 (GCC 5.4.1),cpp,Accepted,62,1024,330,
s633225925,p02791,u634282234,1590415134,Python,Python (3.4.3),py,Accepted,113,24744,167,
s862544845,p02791,u634282234,1590414915,Python,Python (3.4.3),py,Time Limit Exceeded,2104,24744,157,
s047662354,p02791,u634282234,1590413990,Python,Python (3.4.3),py,Time Limit Exceeded,2104,24744,190,
s653577970,p02791,u903281638,1590413339,C++,C++14 (GCC 5.4.1),cpp,Accepted,60,1792,683,
s499190604,p02791,u903281638,1590412915,C++,C++14 (GCC 5.4.1),cpp,Time Limit Exceeded,2103,1792,761,
s688967521,p02791,u580316619,1590403310,Python,Python (3.4.3),py,Time Limit Exceeded,2104,24744,129,
s078520091,p02791,u257974487,1590400482,Python,Python (3.4.3),py,Accepted,153,24744,166,
s295149867,p02791,u083910207,1590398955,C++,C++14 (GCC 5.4.1),cpp,Accepted,60,1792,3572,
s399072611,p02791,u713542442,1590394616,C++,C++14 (GCC 5.4.1),cpp,Accepted,59,1792,462,
s842992406,p02791,u712322107,1590383595,C++,C++14 (GCC 5.4.1),cpp,Wrong Answer,2103,1024,306,
s791984538,p02791,u333190709,1590378301,Python,PyPy3 (2.4.0),py,Accepted,239,75472,160,
s412065621,p02791,u872085136,1590374593,C++,C++14 (GCC 5.4.1),cpp,Accepted,76,256,242,
s796659303,p02791,u239240712,1590373860,C++,C++14 (GCC 5.4.1),cpp,Accepted,134,9600,267,
s891052772,p02791,u239240712,1590373561,C++,C++14 (GCC 5.4.1),cpp,Accepted,132,10368,338,
s274009790,p02791,u239240712,1590373430,C++,C++14 (GCC 5.4.1),cpp,Time Limit Exceeded,2103,1792,392,
s000540373,p02791,u239240712,1590371501,C++,C++14 (GCC 5.4.1),cpp,Time Limit Exceeded,2103,1024,468,
s116298579,p02791,u394961950,1590356974,C++,C++14 (GCC 5.4.1),cpp,Accepted,18,256,533,
s015001792,p02791,u117054186,1590356802,Python,Python (3.4.3),py,Accepted,113,25716,241,
s401291440,p02791,u126063509,1590356689,C++,C++14 (GCC 5.4.1),cpp,Accepted,98,9600,656,
s624341705,p02791,u126063509,1590356593,C++,C++14 (GCC 5.4.1),cpp,Wrong Answer,113,9600,672,
s346898175,p02791,u539847834,1590353647,Rust,Rust (1.15.1),rs,Accepted,14,8828,368422,
s776067104,p02791,u754841548,1590351946,C++,C++14 (GCC 5.4.1),cpp,Accepted,60,1024,3754,
s100259851,p02791,u754841548,1590351574,C++,C++14 (GCC 5.4.1),cpp,Compile Error,,,3760,
s075423857,p02791,u754841548,1590351257,C++,C++14 (GCC 5.4.1),cpp,Compile Error,,,480,
s475570076,p02791,u754841548,1590351182,C++,C++14 (GCC 5.4.1),cpp,Compile Error,,,476,
s657155987,p02791,u214448490,1590350125,Python,Python (3.4.3),py,Accepted,111,24744,176,
s759256272,p02791,u612631199,1590350087,C++,C++14 (GCC 5.4.1),cpp,Accepted,20,1400,560,
s435300515,p02791,u612631199,1590349946,C++,C++14 (GCC 5.4.1),cpp,Wrong Answer,19,1400,553,
s232381917,p02791,u612631199,1590349709,C++,C++14 (GCC 5.4.1),cpp,Time Limit Exceeded,2107,1400,542,
s643241507,p02791,u935254309,1590348526,Python,Python (3.4.3),py,Accepted,116,24744,184,
s421470863,p02791,u209299893,1590346768,Python,Python (3.4.3),py,Accepted,89,24744,174,
s278679313,p02791,u868344991,1590342879,C++,C++14 (GCC 5.4.1),cpp,Accepted,60,1920,2343,
s277414264,p02791,u698760125,1590342396,C++,C++14 (GCC 5.4.1),cpp,Accepted,66,1920,294,
s127002597,p02791,u517621096,1590341259,Python,Python (3.4.3),py,Accepted,146,24744,161,
s514789433,p02791,u517621096,1590341176,Python,Python (3.4.3),py,Wrong Answer,157,24744,161,
s413329965,p02791,u049191820,1590333053,C++,C++14 (GCC 5.4.1),cpp,Accepted,77,256,592,
s950883572,p02791,u614162316,1590332312,Python,Python (3.4.3),py,Accepted,95,24744,131,
s688538051,p02791,u860478135,1590328233,Python,Python (3.4.3),py,Accepted,113,25768,165,
s470736060,p02791,u860478135,1590327967,Python,Python (3.4.3),py,Time Limit Exceeded,2104,25768,221,
s274098563,p02791,u816145694,1590324632,C++,C++14 (GCC 5.4.1),cpp,Accepted,78,256,374,
s406073406,p02791,u582415761,1590320761,Python,Python (3.4.3),py,Accepted,101,25768,146,
s381596080,p02791,u178079174,1590320282,Python,Python (3.4.3),py,Accepted,96,24744,149,
s031395715,p02791,u018312242,1590314281,Haskell,Haskell (GHC 7.10.3),hs,Accepted,64,27772,554,
s808909654,p02791,u018312242,1590314164,Haskell,Haskell (GHC 7.10.3),hs,Wrong Answer,43,21244,553,
s573609234,p02791,u018312242,1590313675,Haskell,Haskell (GHC 7.10.3),hs,Time Limit Exceeded,2106,41340,452,
s543955491,p02791,u453642820,1590311877,Python,Python (3.4.3),py,Accepted,111,24744,163,
s756442701,p02791,u453642820,1590311719,Python,PyPy3 (2.4.0),py,Time Limit Exceeded,2111,136948,132,
s629380805,p02791,u453642820,1590311655,Python,Python (3.4.3),py,Time Limit Exceeded,2104,24744,132,
s743191205,p02791,u395652671,1590290784,C++,C++14 (GCC 5.4.1),cpp,Accepted,18,256,744,
s443082663,p02791,u986301097,1590282704,C++,C++14 (GCC 5.4.1),cpp,Runtime Error,287,1024,287,
s445598782,p02791,u986301097,1590282557,C++,C++14 (GCC 5.4.1),cpp,Wrong Answer,2103,1024,287,
s013531103,p02791,u986301097,1590282460,C++,C++14 (GCC 5.4.1),cpp,Compile Error,,,286,
s107895812,p02791,u986301097,1590282436,C++,C++14 (GCC 5.4.1),cpp,Compile Error,,,286,
s461164740,p02791,u244257825,1590280939,Ruby,Ruby (2.3.3),rb,Accepted,112,15236,163,
s711279274,p02791,u244257825,1590280275,Ruby,Ruby (2.3.3),rb,Wrong Answer,104,15236,166,
s283792011,p02791,u937618939,1590280072,C++,C++14 (GCC 5.4.1),cpp,Accepted,60,1024,603,
s211994701,p02791,u244257825,1590279003,Ruby,Ruby (2.3.3),rb,Time Limit Exceeded,2108,19204,213,
s669282547,p02791,u669876141,1590275967,Java,Java8 (OpenJDK 1.8.0),java,Accepted,218,43820,3452,
s679113076,p02791,u630821224,1590275068,C++,C++14 (GCC 5.4.1),cpp,Accepted,19,1792,1156,
s129232615,p02791,u084967730,1590273870,Rust,Rust (1.15.1),rs,Accepted,14,8700,153495,
s877457384,p02791,u824481412,1590272943,C++,C++14 (GCC 5.4.1),cpp,Accepted,81,1024,302,
s567626926,p02791,u617718239,1590270259,Python,PyPy3 (2.4.0),py,Accepted,256,75472,159,
s425938197,p02791,u272628953,1590268236,C++,C++14 (GCC 5.4.1),cpp,Accepted,67,1024,2352,
s165799921,p02791,u024782094,1590266945,Python,Python (3.4.3),py,Accepted,119,25120,340,
s291202651,p02791,u189516107,1590253728,Python,Python (3.4.3),py,Accepted,105,24744,148,
s839505844,p02791,u742729271,1590253679,Python,Python (3.4.3),py,Accepted,105,26012,158,
s896849926,p02791,u189516107,1590253598,Python,Python (3.4.3),py,Wrong Answer,112,24744,149,
s054236233,p02791,u189516107,1590252638,Python,Python (3.4.3),py,Time Limit Exceeded,2105,24744,180,
s788891634,p02791,u189516107,1590252556,Python,Python (3.4.3),py,Time Limit Exceeded,2104,24744,168,
s902719337,p02791,u531813944,1590249184,Python,Python (3.4.3),py,Accepted,100,24744,223,
s507900171,p02791,u277956366,1590246910,C++,C++14 (GCC 5.4.1),cpp,Accepted,78,256,287,
s237404207,p02791,u277956366,1590246782,C++,C++14 (GCC 5.4.1),cpp,Time Limit Exceeded,2103,892,418,
s741486487,p02791,u032004842,1590246190,C++,C++14 (GCC 5.4.1),cpp,Accepted,20,896,502,
s389694734,p02791,u032004842,1590245926,C++,C++14 (GCC 5.4.1),cpp,Time Limit Exceeded,2103,896,686,
s280311595,p02791,u404899607,1590239650,C++,C++14 (GCC 5.4.1),cpp,Accepted,18,1024,827,
s367041383,p02791,u404899607,1590237024,C++,C++14 (GCC 5.4.1),cpp,Wrong Answer,2103,1408,933,
s536490720,p02791,u404899607,1590236995,C++,C++14 (GCC 5.4.1),cpp,Runtime Error,100,256,928,
s613970407,p02791,u524534026,1590229088,Python,Python (3.4.3),py,Accepted,104,24744,182,
s589336744,p02791,u554784585,1590208299,Python,Python (3.4.3),py,Accepted,118,24744,145,
s983987268,p02791,u163783894,1590195460,Python,PyPy3 (2.4.0),py,Accepted,245,76240,601,
s524164624,p02791,u466865328,1590194013,C++,C++14 (GCC 5.4.1),cpp,Time Limit Exceeded,2103,1024,321,
s841095729,p02791,u329407311,1590188022,Python,Python (3.4.3),py,Accepted,108,24744,170,
s787045560,p02791,u329407311,1590187932,Python,Python (3.4.3),py,Runtime Error,33,17940,157,
s817653753,p02791,u304517780,1590182017,C++,C++14 (GCC 5.4.1),cpp,Accepted,79,1024,420,
s089260344,p02791,u391250239,1590181829,C++,C++14 (GCC 5.4.1),cpp,Accepted,64,1792,618,
s654144320,p02791,u441727546,1590181789,C++,C++14 (GCC 5.4.1),cpp,Accepted,63,1792,345,
s947942642,p02791,u441727546,1590181522,C++,C++14 (GCC 5.4.1),cpp,Wrong Answer,62,1792,341,
s467659794,p02791,u441727546,1590180535,C++,C++14 (GCC 5.4.1),cpp,Time Limit Exceeded,2103,1792,388,
s915258658,p02791,u391589398,1590180459,Python,Python (3.4.3),py,Accepted,161,25896,165,
s887505264,p02791,u962966398,1590176818,C++,C++14 (GCC 5.4.1),cpp,Accepted,59,256,2346,
s393321920,p02791,u254897271,1590175246,C++,C++14 (GCC 5.4.1),cpp,Accepted,21,1792,1001,
s038485137,p02791,u981759938,1590164478,C++,C++14 (GCC 5.4.1),cpp,Accepted,62,1024,661,
s046337208,p02791,u981759938,1590164354,C++,C++14 (GCC 5.4.1),cpp,Wrong Answer,60,1024,652,
s210165616,p02791,u981759938,1590163481,C++,C++14 (GCC 5.4.1),cpp,Wrong Answer,60,1152,653,
s399540220,p02791,u509860467,1590148019,C++,C++14 (GCC 5.4.1),cpp,Accepted,61,1024,278,
s348551456,p02791,u981759938,1590147214,C++,C++14 (GCC 5.4.1),cpp,Wrong Answer,63,1024,670,
s858313174,p02791,u981759938,1590147135,C++,C++14 (GCC 5.4.1),cpp,Wrong Answer,62,1024,671,
s719488738,p02791,u095360661,1590142655,C++,C++14 (GCC 5.4.1),cpp,Accepted,60,1024,366,
s634988039,p02791,u095360661,1590141970,C++,C++14 (GCC 5.4.1),cpp,Time Limit Exceeded,2103,1408,410,
s414667906,p02791,u551437236,1590134941,Python,Python (3.4.3),py,Accepted,94,24744,174,
s745383553,p02791,u295420596,1590109157,C++,C++14 (GCC 5.4.1),cpp,Accepted,19,1152,667,
s611392512,p02791,u955691979,1590104173,Python,PyPy3 (2.4.0),py,Accepted,238,75472,160,
s686538277,p02791,u955691979,1590103680,Python,PyPy3 (2.4.0),py,Time Limit Exceeded,2111,136788,146,
s172284388,p02791,u955691979,1590102906,Python,PyPy3 (2.4.0),py,Time Limit Exceeded,2112,86404,205,
s838707968,p02791,u692550512,1590096168,C++,C++14 (GCC 5.4.1),cpp,Accepted,60,1792,299,
s331901390,p02791,u473023730,1590095051,C++,C++14 (GCC 5.4.1),cpp,Accepted,59,1792,1220,
s758468184,p02791,u640603056,1590094601,Python,Python (3.4.3),py,Accepted,106,24744,141,
s480344652,p02791,u810288681,1590090042,Python,Python (3.4.3),py,Accepted,90,24744,133,
s816742649,p02791,u810288681,1590089683,Python,Python (3.4.3),py,Time Limit Exceeded,2104,24744,259,
s536259814,p02791,u369436268,1590089036,C++,C++14 (GCC 5.4.1),cpp,Accepted,62,1024,387,
s443219763,p02791,u393698851,1590070130,C++,C++14 (GCC 5.4.1),cpp,Accepted,78,256,808,
s928517053,p02791,u488362433,1590063176,C++,C++14 (GCC 5.4.1),cpp,Accepted,79,384,343,
s030937415,p02791,u680503348,1590062959,Python,Python (3.4.3),py,Accepted,126,25716,627,
s379216440,p02791,u680503348,1590061586,Python,Python (3.4.3),py,Time Limit Exceeded,2104,24744,668,
s491090097,p02791,u489315616,1590059673,Python,Python (3.4.3),py,Accepted,167,24744,147,
s401342299,p02791,u959888075,1590056572,C#,C# (Mono 4.6.2.0),cs,Accepted,30,13792,15731,
s454267013,p02791,u536034761,1590048026,Python,Python (3.4.3),py,Accepted,93,24744,148,
s577662598,p02791,u536034761,1590047906,Python,Python (3.4.3),py,Wrong Answer,95,24744,143,
s755432669,p02791,u536034761,1590047866,Python,Python (3.4.3),py,Wrong Answer,99,24744,144,
s883379523,p02791,u536034761,1590047518,Python,Python (3.4.3),py,Time Limit Exceeded,2104,24744,202,
s290448855,p02791,u315542000,1590042560,C++,C++14 (GCC 5.4.1),cpp,Accepted,77,1024,273,
s322465277,p02791,u565795452,1590035112,C++,C++14 (GCC 5.4.1),cpp,Accepted,21,1024,607,
s522168449,p02791,u606878291,1590015362,Python,Python (3.4.3),py,Accepted,127,24872,168,
s155378671,p02791,u945761460,1590010884,C++,C++14 (GCC 5.4.1),cpp,Accepted,60,1792,332,
s052266818,p02791,u945761460,1590010820,C++,C++ (GCC 5.4.1),cpp,Compile Error,,,329,
s993553556,p02791,u945761460,1590010710,C++,C++ (GCC 5.4.1),cpp,Compile Error,,,327,
s836407338,p02791,u294385082,1590008506,Python,Python (3.4.3),py,Accepted,146,24744,229,
s716386416,p02791,u294385082,1590008424,Python,Python (3.4.3),py,Accepted,146,24744,161,
s251261593,p02791,u294385082,1590007898,Python,Python (3.4.3),py,Time Limit Exceeded,2104,24744,268,
s912185499,p02791,u294385082,1590007299,Python,Python (3.4.3),py,Time Limit Exceeded,2104,24744,153,
s974962210,p02791,u294385082,1590006603,Python,Python (3.4.3),py,Time Limit Exceeded,2105,24744,203,
s748854671,p02791,u614181788,1590006351,Python,Python (3.4.3),py,Accepted,148,24744,161,
s507470026,p02791,u153431978,1590002313,C++,C++14 (GCC 5.4.1),cpp,Accepted,77,256,273,
s720871965,p02791,u607685130,1590002175,C++,C++14 (GCC 5.4.1),cpp,Accepted,68,1792,363,
s626818558,p02791,u120972650,1589992291,C++,C++14 (GCC 5.4.1),cpp,Accepted,62,1792,402,
s154543630,p02791,u555767343,1589991048,Python,PyPy3 (2.4.0),py,Accepted,274,75728,213,
s301606140,p02791,u372130971,1589990201,C++,C++14 (GCC 5.4.1),cpp,Accepted,61,1024,374,
s889799443,p02791,u372130971,1589989575,C++,C++14 (GCC 5.4.1),cpp,Wrong Answer,60,1024,375,
s334015394,p02791,u372130971,1589989496,C++,C++14 (GCC 5.4.1),cpp,Wrong Answer,63,1024,417,
s509867080,p02791,u372130971,1589989192,C++,C++14 (GCC 5.4.1),cpp,Wrong Answer,61,1024,416,
s880273087,p02791,u372130971,1589988771,C++,C++14 (GCC 5.4.1),cpp,Wrong Answer,61,1024,364,
s095345493,p02791,u372130971,1589987276,C++,C++14 (GCC 5.4.1),cpp,Time Limit Exceeded,2103,1024,485,
s870176059,p02791,u980875259,1589984475,C#,C# (Mono 4.6.2.0),cs,Wrong Answer,108,31964,5257,
s542932822,p02791,u054184606,1589979244,C++,C++14 (Clang 3.8.0),cpp,Accepted,22,256,201,
s253820350,p02791,u842747358,1589978643,Python,Python (3.4.3),py,Accepted,107,24744,172,
s980312348,p02791,u842747358,1589977990,Python,Python (3.4.3),py,Time Limit Exceeded,2104,24744,145,
s803770954,p02791,u831311378,1589968240,Python,Python (3.4.3),py,Accepted,129,25716,331,
s981615305,p02791,u831311378,1589967662,Python,Python (3.4.3),py,Time Limit Exceeded,2105,26012,283,
s901440069,p02791,u526591321,1589963457,C++,C++14 (GCC 5.4.1),cpp,Accepted,60,1024,426,
s993078891,p02791,u908505367,1589956574,Python,PyPy3 (2.4.0),py,Accepted,286,77904,160,
s393506161,p02791,u606377469,1589936122,C++,C++14 (GCC 5.4.1),cpp,Accepted,60,1792,284,
s914502700,p02791,u198007211,1589931461,C++,C++14 (GCC 5.4.1),cpp,Accepted,77,1024,356,
s757195426,p02791,u198007211,1589931425,C++,C++14 (GCC 5.4.1),cpp,Accepted,78,1024,387,
s735741136,p02791,u198007211,1589930212,C++,C++14 (GCC 5.4.1),cpp,Time Limit Exceeded,2103,1024,434,
s200649234,p02791,u198007211,1589929977,C++,C++14 (GCC 5.4.1),cpp,Time Limit Exceeded,2103,1024,379,
s042794591,p02791,u198007211,1589929641,C++,C++14 (GCC 5.4.1),cpp,Wrong Answer,2107,1024,381,
s593761265,p02791,u310790595,1589924296,C++,C++14 (GCC 5.4.1),cpp,Accepted,18,256,419,
s075747399,p02791,u869790980,1589921946,Python,PyPy2 (5.6.0),py,Accepted,86,43312,175,
s937156263,p02791,u523087093,1589921002,Python,Python (3.4.3),py,Accepted,145,24872,208,
s103651265,p02791,u523087093,1589920979,Python,Python (3.4.3),py,Wrong Answer,504,24744,244,
s060784050,p02791,u523087093,1589920215,Python,Python (3.4.3),py,Time Limit Exceeded,2104,24744,180,
s397248368,p02791,u945949346,1589918790,Rust,Rust (1.15.1),rs,Accepted,13,6396,1473,
s180584306,p02791,u401139594,1589916735,C++,C++14 (GCC 5.4.1),cpp,Accepted,77,256,357,
s854056460,p02791,u629350026,1589914904,Python,Python (3.4.3),py,Accepted,142,24744,160,
s198807844,p02791,u629350026,1589914851,Python,Python (3.4.3),py,Runtime Error,67,24744,162,
s170737080,p02791,u629350026,1589914765,Python,Python (3.4.3),py,Time Limit Exceeded,2105,24744,163,
s045075515,p02791,u538808095,1589911713,C++,C++14 (GCC 5.4.1),cpp,Accepted,78,256,262,
s538423946,p02791,u779293207,1589909443,Python,Python (3.4.3),py,Accepted,151,24744,135,
s978068641,p02791,u779293207,1589909287,Python,Python (3.4.3),py,Time Limit Exceeded,2104,24744,124,
s346685354,p02791,u810288681,1589903227,Python,Python (3.4.3),py,Time Limit Exceeded,2104,24744,175,
s356293851,p02791,u829249049,1589902354,Python,Python (3.4.3),py,Accepted,144,24744,143,
s607741486,p02791,u829249049,1589902205,Python,Python (3.4.3),py,Wrong Answer,144,24744,146,
s864148088,p02791,u810288681,1589902186,Python,Python (3.4.3),py,Time Limit Exceeded,2104,24744,134,
s280383531,p02791,u829249049,1589902046,Python,Python (3.4.3),py,Time Limit Exceeded,2104,24744,134,
s659432602,p02791,u983563612,1589899856,C++,C++14 (GCC 5.4.1),cpp,Accepted,61,1024,283,
s079900105,p02791,u983563612,1589899601,C++,C++14 (GCC 5.4.1),cpp,Wrong Answer,63,1024,330,
s795065974,p02791,u983563612,1589899570,C++,C++14 (GCC 5.4.1),cpp,Compile Error,,,329,
s090743434,p02791,u983563612,1589899429,C++,C++14 (GCC 5.4.1),cpp,Wrong Answer,66,1024,279,
s682494239,p02791,u234189749,1589897634,Python,Python (3.4.3),py,Accepted,120,24744,165,
s468478446,p02791,u551325550,1589897316,Java,Java8 (OpenJDK 1.8.0),java,Accepted,588,78308,672,
s571048257,p02791,u234189749,1589897124,Python,Python (3.4.3),py,Wrong Answer,2104,24744,160,
s510336088,p02791,u878454346,1589882435,C++,C++14 (GCC 5.4.1),cpp,Accepted,79,1024,608,
s053866108,p02791,u878454346,1589882362,C++,C++14 (GCC 5.4.1),cpp,Wrong Answer,77,1024,602,
s837651504,p02791,u188827677,1589881675,Python,Python (3.4.3),py,Accepted,111,24744,144,
s189492469,p02791,u200033580,1589879130,C++,C++14 (Clang 3.8.0),cpp,Accepted,167,1024,326,
s161561136,p02791,u876953939,1589873745,C++,C++14 (GCC 5.4.1),cpp,Accepted,62,2420,1399,
s087306456,p02791,u992471673,1589847705,C++,C++14 (GCC 5.4.1),cpp,Accepted,63,1024,409,
s943297836,p02791,u847969825,1589838271,C++,C++14 (GCC 5.4.1),cpp,Accepted,18,1792,650,
s118779738,p02791,u792670114,1589835837,Python,Python (3.4.3),py,Accepted,143,24744,153,
s368948780,p02791,u343850880,1589833658,Python,Python (3.4.3),py,Accepted,114,24436,283,
s662988614,p02791,u202581681,1589829392,C++,C++14 (GCC 5.4.1),cpp,Accepted,77,256,405,
s610134173,p02791,u383368383,1589829057,C++,C++14 (GCC 5.4.1),cpp,Accepted,63,1024,418,
s833493212,p02791,u383368383,1589828943,C++,C++14 (GCC 5.4.1),cpp,Wrong Answer,63,1152,417,
s991321949,p02791,u383368383,1589828904,C++,C++14 (GCC 5.4.1),cpp,Wrong Answer,61,1152,415,
s273605636,p02791,u579015878,1589827112,Python,Python (3.4.3),py,Accepted,113,24744,127,
s757142053,p02791,u156721055,1589825582,C++,C++14 (GCC 5.4.1),cpp,Accepted,18,1024,437,
s777213722,p02791,u156721055,1589824897,C++,C++14 (GCC 5.4.1),cpp,Time Limit Exceeded,2103,1024,504,
s184231405,p02791,u579015878,1589824895,Python,Python (3.4.3),py,Wrong Answer,113,24744,115,
s985155685,p02791,u579015878,1589824528,Python,Python (3.4.3),py,Time Limit Exceeded,2104,24744,126,
s859105304,p02791,u945452839,1589821819,C++,C++14 (GCC 5.4.1),cpp,Accepted,77,1024,307,
s577639916,p02791,u090005176,1589817595,C++,C++14 (GCC 5.4.1),cpp,Accepted,78,1152,390,
s618607082,p02791,u227763649,1589817044,C++,C++14 (GCC 5.4.1),cpp,Accepted,61,1792,2384,
s843299539,p02791,u227763649,1589816791,C++,C++14 (GCC 5.4.1),cpp,Time Limit Exceeded,2103,1024,2378,
s139206388,p02791,u988606100,1589807407,C++,C++14 (GCC 5.4.1),cpp,Accepted,62,1024,732,
s843055703,p02791,u107338145,1589800702,C++,C++14 (GCC 5.4.1),cpp,Accepted,60,1024,380,
s564612161,p02791,u107338145,1589799704,C++,C++14 (GCC 5.4.1),cpp,Time Limit Exceeded,2103,1024,408,
s545236405,p02791,u108108663,1589782692,C++,C++14 (GCC 5.4.1),cpp,Accepted,60,1024,309,
s132546858,p02791,u108108663,1589781389,C++,C++14 (GCC 5.4.1),cpp,Time Limit Exceeded,2103,1024,379,
s178678614,p02791,u759987571,1589778799,C++,C++14 (GCC 5.4.1),cpp,Accepted,77,256,240,
s943329251,p02791,u106491311,1589769358,C++,C++14 (GCC 5.4.1),cpp,Accepted,60,1400,1591,
s646642564,p02791,u430336181,1589740239,Python,Python (3.4.3),py,Accepted,112,25836,167,
s282871342,p02791,u855378574,1589738796,Python,PyPy3 (2.4.0),py,Accepted,243,75984,160,
s767015821,p02791,u855378574,1589738379,Python,PyPy3 (2.4.0),py,Time Limit Exceeded,2111,131336,220,
s611806096,p02791,u941028483,1589734673,C++,C++14 (GCC 5.4.1),cpp,Accepted,60,1024,1192,
s685337232,p02791,u671257784,1589734639,C++,C++14 (GCC 5.4.1),cpp,Accepted,19,1792,3454,
s078663215,p02791,u309018392,1589730294,Python,Python (3.4.3),py,Accepted,108,24744,162,
s290714086,p02791,u520843951,1589729669,Python,Python (3.4.3),py,Accepted,112,24744,162,
s872981845,p02791,u520843951,1589729025,Python,Python (3.4.3),py,Time Limit Exceeded,2104,26012,327,
s287291695,p02791,u520843951,1589728985,Python,Python (3.4.3),py,Runtime Error,101,24744,347,
s084308262,p02791,u520843951,1589728430,Python,Python (3.4.3),py,Time Limit Exceeded,2104,24744,265,
s603779676,p02791,u362563655,1589723255,Python,Python (3.4.3),py,Accepted,111,24744,156,
s577515170,p02791,u755918658,1589720478,C++,C++14 (GCC 5.4.1),cpp,Time Limit Exceeded,2103,1024,501,
s412592825,p02791,u755918658,1589716948,C++,C++14 (GCC 5.4.1),cpp,Time Limit Exceeded,2103,1024,408,
s337191132,p02791,u104722174,1589715413,Rust,Rust (1.15.1),rs,Accepted,30,12016,1382,
s565603389,p02791,u104722174,1589714287,Rust,Rust (1.15.1),rs,Time Limit Exceeded,2104,10492,1367,
s061385138,p02791,u104722174,1589714192,Rust,Rust (1.15.1),rs,Compile Error,,,1366,
s560430450,p02791,u723792785,1589709642,Python,Python (3.4.3),py,Accepted,114,24744,143,
s058984118,p02791,u940622864,1589708318,Python,Python (3.4.3),py,Accepted,119,26280,150,
s005319875,p02791,u940622864,1589707780,Python,Python (3.4.3),py,Wrong Answer,2109,26280,276,
s665283123,p02791,u222207357,1589706789,Python,Python (3.4.3),py,Accepted,144,24744,178,
s431718140,p02791,u940622864,1589704880,Python,Python (3.4.3),py,Wrong Answer,2109,26280,247,
s158189560,p02791,u448720391,1589691297,Python,Python (3.4.3),py,Accepted,108,24744,145,
s560232245,p02791,u448720391,1589690994,Python,PyPy3 (2.4.0),py,Time Limit Exceeded,2127,137192,141,
s994333154,p02791,u448720391,1589690973,Python,Python (3.4.3),py,Time Limit Exceeded,2104,24744,141,
s128048219,p02791,u161892443,1589674572,C++,C++14 (GCC 5.4.1),cpp,Accepted,60,1024,389,
s256044095,p02791,u161892443,1589673821,C++,C++14 (GCC 5.4.1),cpp,Time Limit Exceeded,2103,1024,388,
s845342258,p02791,u143051858,1589672564,Python,Python (3.4.3),py,Accepted,163,24744,158,
s128959319,p02791,u263333739,1589672503,Java,Java8 (OpenJDK 1.8.0),java,Accepted,525,63460,372,
s356960596,p02791,u143051858,1589671059,Python,Python (3.4.3),py,Time Limit Exceeded,2104,24744,193,
s872036470,p02791,u061566631,1589670833,Python,Python (3.4.3),py,Accepted,79,23572,302,
s702868692,p02791,u991134049,1589670169,Python,PyPy3 (2.4.0),py,Accepted,257,75604,148,
s249397141,p02791,u991134049,1589669828,Python,PyPy3 (2.4.0),py,Wrong Answer,254,75344,146,
s257887232,p02791,u991134049,1589669471,Python,PyPy3 (2.4.0),py,Time Limit Exceeded,2110,136924,131,
s686427344,p02791,u102223485,1589667838,Python,Python (3.4.3),py,Accepted,114,24744,176,
s880751698,p02791,u823871776,1589666051,C++,C++14 (GCC 5.4.1),cpp,Accepted,155,9600,1577,
s933504329,p02791,u567993870,1589664653,C++,C++14 (GCC 5.4.1),cpp,Accepted,61,1024,386,
s897665857,p02791,u495667483,1589664368,Python,PyPy3 (2.4.0),py,Accepted,244,75472,155,
s167995287,p02791,u567993870,1589664190,C++,C++14 (GCC 5.4.1),cpp,Accepted,62,1792,437,
s168663908,p02791,u495667483,1589663414,Python,PyPy3 (2.4.0),py,Wrong Answer,249,75344,177,
s972101373,p02791,u495667483,1589662527,Python,PyPy3 (2.4.0),py,Wrong Answer,255,75344,205,
s631216791,p02791,u527311983,1589660589,C++,C++14 (GCC 5.4.1),cpp,Accepted,60,1792,384,
s463458159,p02791,u527311983,1589660447,C++,C++14 (GCC 5.4.1),cpp,Runtime Error,102,256,372,
s771589467,p02791,u527311983,1589660423,C++,C++14 (GCC 5.4.1),cpp,Compile Error,,,371,
s753726241,p02791,u362563655,1589659527,Python,Python (3.4.3),py,Time Limit Exceeded,2104,24744,140,
s543597731,p02791,u143051858,1589658820,Python,Python (3.4.3),py,Time Limit Exceeded,2104,24744,217,
s761370592,p02791,u591601596,1589656863,C++,C++14 (GCC 5.4.1),cpp,Accepted,61,1024,380,
s902563518,p02791,u907414670,1589651797,Python,Python (3.4.3),py,Accepted,91,24744,152,
s407923227,p02791,u907414670,1589651241,Python,Python (3.4.3),py,Time Limit Exceeded,2104,24744,148,
s111573325,p02791,u591601596,1589649636,C++,C++14 (GCC 5.4.1),cpp,Wrong Answer,60,1024,323,
s833314837,p02791,u238084414,1589649053,Python,Python (3.4.3),py,Accepted,129,24744,131,
s362851528,p02791,u440129511,1589648291,Python,Python (3.4.3),py,Accepted,129,24744,149,
s789485723,p02791,u094534261,1589643932,C++,C++14 (GCC 5.4.1),cpp,Accepted,77,1024,384,
s746355393,p02791,u120374176,1589643571,C#,C# (Mono 4.6.2.0),cs,Accepted,107,33500,3136,
s618042582,p02791,u748795013,1589643405,C++,C++14 (GCC 5.4.1),cpp,Accepted,78,1024,363,
s664651977,p02791,u748795013,1589642443,C++,C++14 (GCC 5.4.1),cpp,Wrong Answer,77,1024,317,
s219792772,p02791,u703823201,1589641389,Python,Python (3.4.3),py,Accepted,110,24744,164,
s323214120,p02791,u509421351,1589640873,Java,Java8 (OpenJDK 1.8.0),java,Accepted,565,64536,383,
s074101145,p02791,u703823201,1589640863,Python,Python (3.4.3),py,Runtime Error,85,24744,176,
s443355125,p02791,u703823201,1589640268,Python,Python (3.4.3),py,Time Limit Exceeded,2104,24744,174,
s032140308,p02791,u509421351,1589639859,Java,Java8 (OpenJDK 1.8.0),java,Time Limit Exceeded,2109,64760,439,
s658111608,p02791,u703823201,1589639818,Python,Python (3.4.3),py,Time Limit Exceeded,2104,24744,216,
s577176321,p02791,u703823201,1589638673,Python,Python (3.4.3),py,Wrong Answer,110,24744,134,
s755657191,p02791,u541419167,1589636401,C++,C++14 (GCC 5.4.1),cpp,Accepted,18,384,695,
s426327092,p02791,u166621202,1589636221,Python,Python (3.4.3),py,Accepted,112,24744,161,
s817948589,p02791,u541419167,1589636209,C++,C++14 (GCC 5.4.1),cpp,Time Limit Exceeded,2103,512,745,
s837291980,p02791,u166621202,1589635781,Python,Python (3.4.3),py,Time Limit Exceeded,2104,24744,137,
s461335630,p02791,u166621202,1589635308,Python,Python (3.4.3),py,Time Limit Exceeded,2104,24744,228,
s435655997,p02791,u852210959,1589635014,Python,Python (3.4.3),py,Accepted,120,24872,1090,
s176085880,p02791,u852210959,1589634854,Python,PyPy3 (2.4.0),py,Time Limit Exceeded,2110,138124,1033,
s001811739,p02791,u852210959,1589633530,Python,PyPy3 (2.4.0),py,Time Limit Exceeded,2108,81104,955,
s546212085,p02791,u121974081,1589630972,C++,C++14 (GCC 5.4.1),cpp,Accepted,67,1792,290,
s504288089,p02791,u211255607,1589624696,C++,C++14 (GCC 5.4.1),cpp,Accepted,18,256,1198,
s340621067,p02791,u387080888,1589621596,Python,Python (3.4.3),py,Accepted,110,24744,142,
s773955440,p02791,u387080888,1589621389,Python,Python (3.4.3),py,Time Limit Exceeded,2104,24744,125,
s710497498,p02791,u231667262,1589621236,C++,C++14 (GCC 5.4.1),cpp,Accepted,62,256,340,
s887312417,p02791,u346324165,1589620912,C++,C++14 (GCC 5.4.1),cpp,Wrong Answer,2103,1024,356,
s557342548,p02791,u346324165,1589620407,C++,C++14 (GCC 5.4.1),cpp,Wrong Answer,2308,4224,390,
s674553615,p02791,u346324165,1589620127,C++,C++14 (GCC 5.4.1),cpp,Wrong Answer,2308,4224,390,
s898033002,p02791,u346324165,1589620092,C++,C++14 (GCC 5.4.1),cpp,Compile Error,,,390,
s830276108,p02791,u722928342,1589619440,C++,C++ (GCC 5.4.1),cpp,Accepted,21,256,309,
s846128121,p02791,u851704997,1589616205,Python,Python (3.4.3),py,Accepted,114,24744,190,
s048885147,p02791,u851704997,1589615805,Python,Python (3.4.3),py,Wrong Answer,114,24744,167,
s293271445,p02791,u851704997,1589615503,Python,Python (3.4.3),py,Time Limit Exceeded,2105,24744,219,
s079867879,p02791,u851704997,1589615390,Python,PyPy3 (2.4.0),py,Time Limit Exceeded,2108,77548,219,
s701826565,p02791,u851704997,1589615360,Python,PyPy3 (2.4.0),py,Runtime Error,2108,77548,221,
s897824334,p02791,u521332408,1589612455,C++,C++14 (GCC 5.4.1),cpp,Accepted,19,1024,446,
s032527719,p02791,u521332408,1589612267,C++,C++14 (GCC 5.4.1),cpp,Wrong Answer,18,1024,446,
s252300438,p02791,u521332408,1589612238,C++,C++14 (GCC 5.4.1),cpp,Wrong Answer,19,1024,446,
s309672964,p02791,u521332408,1589611590,C++,C++14 (GCC 5.4.1),cpp,Wrong Answer,2103,1024,414,
s194840879,p02791,u521332408,1589611329,C++,C++14 (GCC 5.4.1),cpp,Time Limit Exceeded,2103,1024,529,
s693065706,p02791,u092387689,1589608012,Python,Python (3.4.3),py,Accepted,117,24744,168,
s984467692,p02791,u225660136,1589583416,C++,C++14 (GCC 5.4.1),cpp,Accepted,79,256,584,
s593589778,p02791,u722928342,1589579496,C++,C++14 (Clang 3.8.0),cpp,Compile Error,,,309,
s423014453,p02791,u155216115,1589575485,C++,C++14 (GCC 5.4.1),cpp,Accepted,59,256,1077,
s118097820,p02791,u155216115,1589575406,C++,C++14 (GCC 5.4.1),cpp,Wrong Answer,31,256,1077,
s600197841,p02791,u542190960,1589574913,Python,Python (3.4.3),py,Accepted,144,24744,188,
s642490724,p02791,u542190960,1589574729,Python,Python (3.4.3),py,Time Limit Exceeded,2104,24744,152,
s337626439,p02791,u155216115,1589574555,C++,C++14 (GCC 5.4.1),cpp,Wrong Answer,1,256,908,
s622414286,p02791,u613326499,1589573291,C++,C++14 (GCC 5.4.1),cpp,Accepted,79,1024,262,
s856412667,p02791,u613326499,1589573112,C++,C++14 (GCC 5.4.1),cpp,Wrong Answer,78,1024,269,
s683054481,p02791,u613326499,1589572719,C++,C++14 (GCC 5.4.1),cpp,Time Limit Exceeded,2103,1408,358,
s104372759,p02791,u613326499,1589571909,C++,C++14 (GCC 5.4.1),cpp,Time Limit Exceeded,2103,1024,325,
s117479536,p02791,u230350277,1589564221,C++,C++14 (GCC 5.4.1),cpp,Accepted,18,256,441,
s620868454,p02791,u827277099,1589560295,C++,C++14 (GCC 5.4.1),cpp,Accepted,77,256,175,
s063803216,p02791,u827277099,1589560141,C++,C++14 (GCC 5.4.1),cpp,Wrong Answer,78,256,164,
s031676873,p02791,u624923345,1589558130,C++,C++14 (GCC 5.4.1),cpp,Accepted,66,1152,378,
s659719898,p02791,u164081575,1589557798,C++,C++14 (GCC 5.4.1),cpp,Accepted,62,6528,1031,
s360782533,p02791,u164081575,1589557547,C++,C++14 (GCC 5.4.1),cpp,Time Limit Exceeded,2104,6528,1080,
s384143874,p02791,u164081575,1589557091,C++,C++14 (GCC 5.4.1),cpp,Wrong Answer,2103,6528,1075,
s832652455,p02791,u016302627,1589556331,Python,Python (3.4.3),py,Accepted,151,26012,156,
s649458735,p02791,u237022500,1589543985,C++,C++14 (GCC 5.4.1),cpp,Accepted,60,1024,392,
s031549257,p02791,u172966990,1589541188,Python,PyPy3 (2.4.0),py,Accepted,270,75472,154,
s603451228,p02791,u172966990,1589541038,Python,PyPy3 (2.4.0),py,Runtime Error,175,38256,154,
s308935867,p02791,u405660020,1589539623,Python,Python (3.4.3),py,Accepted,114,24744,163,
s375208121,p02791,u172966990,1589537818,Python,PyPy3 (2.4.0),py,Time Limit Exceeded,2112,137580,158,
s295879346,p02791,u172966990,1589537313,Python,PyPy3 (2.4.0),py,Time Limit Exceeded,2112,138232,140,
s592415472,p02791,u624923345,1589536110,Julia,Julia (0.5.0),jl,Runtime Error,1805,219224,255,
s233093091,p02791,u124119858,1589535875,Kotlin,Kotlin (1.0.0),kt,Accepted,650,83148,273,
s296732138,p02791,u702914680,1589535540,C++,C++14 (GCC 5.4.1),cpp,Accepted,60,1792,432,
s262565885,p02791,u426966697,1589533977,C++,C++14 (GCC 5.4.1),cpp,Accepted,77,256,469,
s787757495,p02791,u054931633,1589531828,Python,Python (3.4.3),py,Accepted,93,24744,152,
s977264865,p02791,u896014917,1589531817,C++,C++14 (GCC 5.4.1),cpp,Accepted,25,3956,1741,
s459909759,p02791,u280552586,1589528651,Python,Python (3.4.3),py,Accepted,135,24744,157,
s676886320,p02791,u280552586,1589527205,Python,Python (3.4.3),py,Wrong Answer,113,24744,210,
s027104293,p02791,u464912173,1589512067,Python,Python (3.4.3),py,Accepted,150,24744,166,
s772063024,p02791,u998782229,1589502747,C++,C++14 (GCC 5.4.1),cpp,Accepted,19,1024,412,
s208089646,p02791,u761062383,1589498424,Python,Python (3.4.3),py,Accepted,135,28520,1321,
s389630966,p02791,u442855610,1589497678,C++,C++14 (GCC 5.4.1),cpp,Wrong Answer,60,1024,387,
s204140496,p02791,u346040900,1589497454,C++,C++14 (GCC 5.4.1),cpp,Accepted,78,256,323,
s524343015,p02791,u442855610,1589497286,C++,C++14 (GCC 5.4.1),cpp,Wrong Answer,61,1024,386,
s957239422,p02791,u581094488,1589492723,C++,C++14 (GCC 5.4.1),cpp,Accepted,63,1024,495,
s704723661,p02791,u702914680,1589490036,C++,C++14 (GCC 5.4.1),cpp,Time Limit Exceeded,2107,1792,482,
s166378223,p02791,u047572420,1589489863,C#,C# (Mono 4.6.2.0),cs,Accepted,122,30172,397,
s643909499,p02791,u834747102,1589484997,C++,C++14 (GCC 5.4.1),cpp,Accepted,19,1024,376,
s146651852,p02791,u689167014,1589480767,Go,Go (1.6),go,Accepted,939,4992,253,
s128585332,p02791,u689167014,1589479724,Go,Go (1.6),go,Time Limit Exceeded,2107,4992,331,
s043839754,p02791,u146803137,1589475113,Python,Python (3.4.3),py,Accepted,137,25972,202,
s954100238,p02791,u459930111,1589474542,C++,C++14 (GCC 5.4.1),cpp,Accepted,66,1920,528,
s723759105,p02791,u903555177,1589474366,Rust,Rust (1.15.1),rs,Accepted,12,8828,368516,
s422922211,p02791,u025047544,1589473421,C++,C++14 (GCC 5.4.1),cpp,Accepted,79,1792,411,
s678823680,p02791,u903555177,1589473017,Rust,Rust (1.15.1),rs,Wrong Answer,13,8828,368402,
s940291051,p02791,u903555177,1589473002,Rust,Rust (1.15.1),rs,Compile Error,,,358,
s976179435,p02791,u146803137,1589472633,Python,Python (3.4.3),py,Time Limit Exceeded,2104,25972,166,
s664110151,p02791,u025047544,1589472545,C++,C++14 (GCC 5.4.1),cpp,Time Limit Exceeded,2103,1792,475,
s847219542,p02791,u120400213,1589472369,C++,C++14 (GCC 5.4.1),cpp,Accepted,18,256,380,
s984098064,p02791,u146803137,1589472164,Python,Python (3.4.3),py,Time Limit Exceeded,2104,26100,209,
s635768012,p02791,u225493896,1589465817,Python,Python (3.4.3),py,Accepted,108,24744,162,
s025506574,p02791,u225493896,1589465749,Python,Python (3.4.3),py,Runtime Error,65,24744,162,
s871311316,p02791,u225493896,1589465669,Python,Python (3.4.3),py,Runtime Error,17,3060,159,
s337447935,p02791,u225493896,1589465072,C,C (GCC 5.4.1),c,Accepted,23,1664,492,
s152239101,p02791,u152577008,1589462039,C++,C++14 (GCC 5.4.1),cpp,Accepted,26,2420,6886,
s243914847,p02791,u525008368,1589460128,C++,C++14 (GCC 5.4.1),cpp,Accepted,59,384,425,
s368902103,p02791,u006292466,1589458305,C++,C++14 (GCC 5.4.1),cpp,Accepted,18,1792,421,
s621057236,p02791,u135346354,1589455114,Python,Python (3.4.3),py,Accepted,153,24744,155,
s115898120,p02791,u973108807,1589438131,Python,Python (3.8.2),py,Accepted,114,32280,169,
s875437327,p02791,u314543767,1589435457,C++,C++ (GCC 9.2.1),cpp,Accepted,26,4000,1471,
s029208703,p02791,u271743799,1589428907,C++,C++ (GCC 9.2.1),cpp,Accepted,49,3620,238,
s240106702,p02791,u271743799,1589428847,C++,C++ (GCC 9.2.1),cpp,Wrong Answer,49,3596,238,
s754769534,p02791,u549562937,1589428174,C++,C++ (GCC 9.2.1),cpp,Accepted,48,3604,297,
s598013123,p02791,u549562937,1589427960,C++,C++ (GCC 9.2.1),cpp,Wrong Answer,49,3620,297,
s938917241,p02791,u549562937,1589427775,C++,C++ (GCC 9.2.1),cpp,Wrong Answer,51,3564,290,
s296863832,p02791,u157949533,1589419766,C++,C++ (GCC 9.2.1),cpp,Accepted,25,3640,1753,
s711671923,p02791,u329213964,1589417954,C++,C++ (GCC 9.2.1),cpp,Accepted,25,5076,424,
s342152038,p02791,u329213964,1589417551,C++,C++ (GCC 9.2.1),cpp,Wrong Answer,2205,5928,712,
s352494777,p02791,u329213964,1589416851,C++,C++ (GCC 9.2.1),cpp,Wrong Answer,2205,6008,780,
s748803842,p02791,u966849865,1589408783,C++,C++ (GCC 9.2.1),cpp,Accepted,52,4044,674,
s024259137,p02791,u185405877,1589408388,Python,Python (3.8.2),py,Accepted,131,32388,175,
s987905279,p02791,u185405877,1589408002,Python,Python (3.8.2),py,Time Limit Exceeded,2206,32236,146,
s541902665,p02791,u506417357,1589402856,C++,C++ (GCC 9.2.1),cpp,Accepted,50,4344,988,
s908059826,p02791,u490489966,1589399548,Python,Python (3.4.3),py,Accepted,145,24744,191,
s678819479,p02791,u390727364,1589394997,Python,PyPy3 (2.4.0),py,Accepted,225,69488,355,
s872484389,p02791,u156931988,1589390195,Java,Java8 (OpenJDK 1.8.0),java,Accepted,479,49976,566,
s240513626,p02791,u756532161,1589389503,Java,Java8 (OpenJDK 1.8.0),java,Accepted,549,65140,515,
s060759969,p02791,u258387753,1589386657,C++,C++14 (GCC 5.4.1),cpp,Accepted,62,1792,365,
s106663264,p02791,u258387753,1589386626,C++,C++14 (GCC 5.4.1),cpp,Compile Error,,,364,
s050117492,p02791,u258387753,1589386241,C++,C++14 (GCC 5.4.1),cpp,Time Limit Exceeded,2103,1792,401,
s704627046,p02791,u258387753,1589385988,C++,C++14 (GCC 5.4.1),cpp,Time Limit Exceeded,2103,1024,409,
s413515669,p02791,u671060652,1589385749,Python,PyPy3 (2.4.0),py,Accepted,244,75472,188,
s618686044,p02791,u437215432,1589374302,Python,Python (3.4.3),py,Accepted,134,24744,301,
s523184104,p02791,u685944401,1589372553,Scala,Scala (2.11.7),scala,Accepted,478,42844,3233,
s954511552,p02791,u622847899,1589369054,Python,Python (3.4.3),py,Accepted,111,24744,156,
s775540292,p02791,u497805118,1589352922,Python,Python (3.4.3),py,Accepted,93,24872,153,
s757715508,p02791,u132452589,1589343984,C++,C++14 (GCC 5.4.1),cpp,Accepted,60,256,314,
s745985576,p02791,u512964959,1589340525,C++,C++14 (GCC 5.4.1),cpp,Accepted,18,256,1673,
s590284627,p02791,u063823044,1589331521,C++,C++14 (GCC 5.4.1),cpp,Accepted,76,256,247,
s317712511,p02791,u613326499,1589322427,C++,C++14 (GCC 5.4.1),cpp,Time Limit Exceeded,2103,1024,295,
s021291744,p02791,u844646164,1589311898,Python,PyPy3 (2.4.0),py,Accepted,258,75472,144,
s402735761,p02791,u028014940,1589311285,Python,Python (3.4.3),py,Accepted,113,24744,184,
s109020597,p02791,u366581326,1589311203,C++,C++14 (GCC 5.4.1),cpp,Accepted,71,4084,1171,
s329708310,p02791,u028014940,1589310302,Python,Python (3.4.3),py,Time Limit Exceeded,2104,24744,156,
s337589125,p02791,u978308810,1589310260,C++,C++14 (GCC 5.4.1),cpp,Accepted,61,1024,718,
s595846968,p02791,u028014940,1589310088,Python,Python (3.4.3),py,Time Limit Exceeded,2104,24744,156,
s595487472,p02791,u991650542,1589308888,C++,C++14 (Clang 3.8.0),cpp,Accepted,168,1024,326,
s625461335,p02791,u711676593,1589307494,C++,C++14 (GCC 5.4.1),cpp,Accepted,63,1024,372,
s371607766,p02791,u894418077,1589307310,C++,C++14 (GCC 5.4.1),cpp,Accepted,60,1024,423,
s114821060,p02791,u941047297,1589301106,Python,PyPy3 (2.4.0),py,Accepted,243,75472,173,
s261970203,p02791,u342703951,1589288809,C++,C++14 (GCC 5.4.1),cpp,Accepted,60,1024,568,
s290332279,p02791,u240249402,1589286887,Python,PyPy3 (2.4.0),py,Accepted,259,75472,126,
s718339372,p02791,u240249402,1589286601,Python,PyPy3 (2.4.0),py,Wrong Answer,261,75728,129,
s761773165,p02791,u586052522,1589285754,C++,C++14 (GCC 5.4.1),cpp,Accepted,63,1792,1533,
s558596426,p02791,u215341636,1589283054,Python,Python (3.4.3),py,Accepted,147,24744,168,
s329395517,p02791,u442097733,1589282742,C++,C++14 (GCC 5.4.1),cpp,Accepted,60,1024,380,
s210393803,p02791,u215341636,1589282368,Python,Python (3.4.3),py,Time Limit Exceeded,2104,24744,140,
s990947680,p02791,u418420470,1589282282,Python,PyPy3 (2.4.0),py,Accepted,254,75624,136,
s532669073,p02791,u391812144,1589275121,C++,C++14 (GCC 5.4.1),cpp,Accepted,19,1792,615,
s464817463,p02791,u801049006,1589271806,Python,Python (3.4.3),py,Accepted,153,24744,170,
s990194842,p02791,u731322489,1589263370,Python,Python (3.4.3),py,Accepted,112,24744,172,
s683755032,p02791,u666733706,1589263180,C++,C++14 (GCC 5.4.1),cpp,Accepted,63,1792,1190,
s547867017,p02791,u383450070,1589261353,Python,Python (3.4.3),py,Accepted,111,24744,137,
s265877428,p02791,u383450070,1589261245,Python,Python (3.4.3),py,Time Limit Exceeded,2104,24744,119,
s523869496,p02791,u383450070,1589261193,Python,Python (3.4.3),py,Wrong Answer,2104,24744,121,
s584125672,p02791,u383450070,1589260202,Python,Python (3.4.3),py,Wrong Answer,111,24744,114,
s445052153,p02791,u383450070,1589260184,Python,Python (3.4.3),py,Wrong Answer,119,24744,115,
s885034112,p02791,u134019875,1589246960,Python,Python (3.4.3),py,Accepted,143,24744,164,
s052052593,p02791,u134019875,1589246775,Python,Python (3.4.3),py,Time Limit Exceeded,2104,24872,137,
s909923744,p02791,u134019875,1589245496,Python,Python (3.4.3),py,Time Limit Exceeded,2104,24744,187,
s953275677,p02791,u327587745,1589240957,C++,C++14 (GCC 5.4.1),cpp,Wrong Answer,78,1024,307,
s425214410,p02791,u327587745,1589240138,C++,C++14 (GCC 5.4.1),cpp,Wrong Answer,77,1024,281,
s798881197,p02791,u068142202,1589229322,Python,Python (3.4.3),py,Accepted,121,24744,201,
s083225611,p02791,u327587745,1589225920,C++,C++14 (GCC 5.4.1),cpp,Wrong Answer,79,1024,261,
s760372919,p02791,u327587745,1589225738,C++,C++14 (GCC 5.4.1),cpp,Wrong Answer,76,1024,261,
s418382827,p02791,u480172743,1589223979,C++,C++14 (GCC 5.4.1),cpp,Accepted,60,1024,582,
s538262829,p02791,u327587745,1589219755,C++,C++14 (GCC 5.4.1),cpp,Wrong Answer,78,1024,257,
s667303288,p02791,u327587745,1589219664,C++,C++14 (GCC 5.4.1),cpp,Wrong Answer,76,1024,256,
s822485197,p02791,u409773778,1589217233,C#,C# (Mono 4.6.2.0),cs,Accepted,110,35676,571,
s809116849,p02791,u904924517,1589215463,C,C (GCC 5.4.1),c,Accepted,20,896,261,
s463784575,p02791,u189513668,1589214783,Python,Python (3.4.3),py,Accepted,125,26012,475,
s385250927,p02791,u657901243,1589214772,C++,C++14 (GCC 5.4.1),cpp,Accepted,61,1024,323,
s798842765,p02791,u189513668,1589214615,Python,Python (3.4.3),py,Time Limit Exceeded,2108,26012,445,
s056427093,p02791,u189513668,1589214420,Python,Python (3.4.3),py,Time Limit Exceeded,2104,24744,347,
s999626871,p02791,u189513668,1589214200,Python,Python (3.4.3),py,Time Limit Exceeded,2108,24744,261,
s313780904,p02791,u189513668,1589214073,Python,Python (3.4.3),py,Time Limit Exceeded,2104,24744,246,
s076740734,p02791,u189513668,1589213880,Python,Python (3.4.3),py,Time Limit Exceeded,2105,24744,214,
s556769824,p02791,u189513668,1589213482,Python,Python (3.4.3),py,Wrong Answer,2104,24744,316,
s965000366,p02791,u744783976,1589212925,C++,C++14 (GCC 5.4.1),cpp,Accepted,219,1024,501,
s649798756,p02791,u189513668,1589212814,Python,Python (3.4.3),py,Time Limit Exceeded,2104,24744,396,
s598017236,p02791,u189513668,1589212211,Python,Python (3.4.3),py,Time Limit Exceeded,2112,34156,212,
s698840925,p02791,u189513668,1589212073,Python,Python (3.4.3),py,Time Limit Exceeded,2112,34160,205,
s304745427,p02791,u189513668,1589211587,Python,Python (3.4.3),py,Time Limit Exceeded,2109,34160,323,
s525933982,p02791,u189513668,1589210300,Python,Python (3.4.3),py,Time Limit Exceeded,2104,24744,316,
s841014399,p02791,u224119985,1589208575,Python,Python (3.4.3),py,Accepted,121,24744,222,
s215149609,p02791,u224119985,1589208492,Python,Python (3.4.3),py,Wrong Answer,122,24744,208,
s774853092,p02791,u224119985,1589208321,Python,Python (3.4.3),py,Wrong Answer,123,24872,203,
s524638924,p02791,u224119985,1589207930,Python,Python (3.4.3),py,Wrong Answer,119,24744,203,
s136653762,p02791,u224119985,1589207872,Python,Python (3.4.3),py,Runtime Error,17,2940,202,
s865017175,p02791,u902380746,1589207283,C++,C++14 (GCC 5.4.1),cpp,Accepted,35,15104,2087,
s969837663,p02791,u224119985,1589206876,Python,Python (3.4.3),py,Time Limit Exceeded,2104,24744,229,
s058410780,p02791,u076303440,1589202545,Java,Java7 (OpenJDK 1.7.0),java,Wrong Answer,2109,79112,715,
s912382301,p02791,u531603069,1589201838,Python,Python (3.4.3),py,Accepted,112,25128,228,
s712960646,p02791,u953379577,1589195141,Python,Python (3.4.3),py,Accepted,121,24744,245,
s737954982,p02791,u074687136,1589189930,Python,Python (3.4.3),py,Accepted,106,24744,168,
s425343996,p02791,u531220228,1589167133,Python,Python (3.4.3),py,Accepted,93,24744,233,
s424844445,p02791,u511457539,1589152651,Python,Python (3.4.3),py,Accepted,121,24744,354,
s595203452,p02791,u511457539,1589152461,Python,Python (3.4.3),py,Time Limit Exceeded,2104,24744,320,
s734210901,p02791,u511457539,1589152313,Python,Python (3.4.3),py,Time Limit Exceeded,2104,24744,269,
s245428907,p02791,u135626132,1589151279,C++,C++14 (GCC 5.4.1),cpp,Accepted,67,1024,481,
s551623460,p02791,u812576525,1589147480,Python,Python (3.4.3),py,Wrong Answer,113,24744,165,
s425194726,p02791,u620219777,1589147352,Ruby,Ruby (2.3.3),rb,Accepted,163,19204,145,
s964652202,p02791,u722640678,1589146597,C++,C++14 (GCC 5.4.1),cpp,Accepted,79,1152,270,
s135509068,p02791,u722640678,1589146561,C++,C++14 (GCC 5.4.1),cpp,Compile Error,,,281,
s759713317,p02791,u812576525,1589144988,Python,Python (3.4.3),py,Time Limit Exceeded,2104,24744,174,
s621463907,p02791,u812576525,1589143420,Python,Python (3.4.3),py,Wrong Answer,2104,20196,158,
s759471579,p02791,u074687136,1589137182,Python,Python (3.4.3),py,Time Limit Exceeded,2104,24744,191,
s480793326,p02791,u263824932,1589137010,Python,PyPy3 (2.4.0),py,Time Limit Exceeded,2111,136536,142,
s636082878,p02791,u139682473,1589136815,Python,PyPy3 (2.4.0),py,Accepted,258,75344,184,
s452289121,p02791,u511457539,1589136284,Python,Python (3.4.3),py,Time Limit Exceeded,2104,24744,319,
s952612998,p02791,u511457539,1589135696,Python,Python (3.4.3),py,Wrong Answer,2105,33948,344,
s401615351,p02791,u189487046,1589135607,Python,Python (3.4.3),py,Accepted,140,25124,192,
s785769669,p02791,u315093618,1589134982,Java,Java8 (OpenJDK 1.8.0),java,Accepted,205,47552,2131,
s176939459,p02791,u857982473,1589134891,C++,C++14 (GCC 5.4.1),cpp,Accepted,22,1792,4856,
s592879865,p02791,u315093618,1589134724,Java,Java8 (OpenJDK 1.8.0),java,Wrong Answer,216,48444,2004,
s769136424,p02791,u792720861,1589134205,C,C (GCC 5.4.1),c,Accepted,22,128,268,
s937967300,p02791,u508822261,1589134153,C++,C++14 (GCC 5.4.1),cpp,Accepted,65,2420,362,
s237414558,p02791,u303694543,1589131401,C++,C++14 (GCC 5.4.1),cpp,Accepted,77,256,233,
s786440025,p02791,u327310087,1589124435,C++,C++14 (GCC 5.4.1),cpp,Accepted,78,256,532,
s458922169,p02791,u168915361,1589124283,Ruby,Ruby (2.3.3),rb,Accepted,98,16644,142,
s145119113,p02791,u572343785,1589123490,Python,Python (3.4.3),py,Accepted,191,24744,166,
s472460236,p02791,u572343785,1589123097,Python,Python (3.4.3),py,Time Limit Exceeded,2104,25768,135,
s468174712,p02791,u572343785,1589122117,Python,Python (3.4.3),py,Time Limit Exceeded,2104,25768,212,
s140459049,p02791,u237536401,1589115847,C++,C++14 (GCC 5.4.1),cpp,Accepted,77,1024,308,
s549745850,p02791,u366886346,1589113769,Python,Python (3.4.3),py,Accepted,113,24744,140,
s770419334,p02791,u438956722,1589110041,C++,C++14 (GCC 5.4.1),cpp,Accepted,59,1792,593,
s948883440,p02791,u438956722,1589109197,C++,C++14 (GCC 5.4.1),cpp,Time Limit Exceeded,2103,1024,659,
s059135373,p02791,u849799765,1589108234,C++,C++14 (GCC 5.4.1),cpp,Wrong Answer,2107,1024,375,
s013110605,p02791,u978640776,1589107481,C++,C++14 (GCC 5.4.1),cpp,Time Limit Exceeded,2103,1792,669,
s265078399,p02791,u030611628,1589105861,C++,C++14 (GCC 5.4.1),cpp,Time Limit Exceeded,2103,1024,311,
s918750039,p02791,u121879791,1589105018,Python,Python (3.4.3),py,Accepted,90,24744,149,
s246784328,p02791,u121879791,1589104988,Python,Python (3.4.3),py,Runtime Error,65,24744,151,
s858485980,p02791,u434347523,1589104226,C++,C++14 (GCC 5.4.1),cpp,Accepted,78,1792,629,
s261317325,p02791,u405466046,1589102493,Java,Java8 (OpenJDK 1.8.0),java,Accepted,264,62608,1093,
s755333033,p02791,u405466046,1589101665,Java,Java8 (OpenJDK 1.8.0),java,Time Limit Exceeded,2109,62784,1185,
s294684160,p02791,u935370883,1589100465,C++,C++14 (GCC 5.4.1),cpp,Accepted,63,1024,716,
s300597192,p02791,u458591146,1589099038,C++,C++14 (GCC 5.4.1),cpp,Accepted,77,1024,338,
s639125021,p02791,u443151804,1589096248,C++,C++14 (GCC 5.4.1),cpp,Accepted,60,1792,411,
s525790673,p02791,u443151804,1589096104,C++,C++14 (GCC 5.4.1),cpp,Wrong Answer,60,1024,426,
s090632470,p02791,u443151804,1589095815,C++,C++14 (GCC 5.4.1),cpp,Time Limit Exceeded,2103,1024,404,
s611784996,p02791,u443151804,1589093627,C++,C++14 (GCC 5.4.1),cpp,Time Limit Exceeded,2107,1024,544,
s327391715,p02791,u443151804,1589093596,C++,C++14 (GCC 5.4.1),cpp,Compile Error,,,543,
s492464759,p02791,u443151804,1589093510,C++,C++14 (GCC 5.4.1),cpp,Time Limit Exceeded,2103,1024,508,
s726156777,p02791,u658901072,1589092408,C++,C++14 (GCC 5.4.1),cpp,Accepted,77,1024,328,
s323970259,p02791,u081029414,1589090667,C++,C++14 (GCC 5.4.1),cpp,Accepted,59,256,14034,
s611642919,p02791,u133356863,1589081835,Python,PyPy3 (2.4.0),py,Accepted,258,75472,165,
s456185341,p02791,u133356863,1589081795,Python,Python (3.4.3),py,Accepted,168,24744,165,
s256520048,p02791,u133356863,1589081544,Python,Python (3.4.3),py,Time Limit Exceeded,2104,24744,133,
s665370804,p02791,u857547702,1589080733,Python,PyPy3 (2.4.0),py,Accepted,254,75600,129,
s171676211,p02791,u857547702,1589080576,Python,PyPy3 (2.4.0),py,Time Limit Exceeded,2107,77536,130,
s240040499,p02791,u503221936,1589078234,C++,C++14 (GCC 5.4.1),cpp,Accepted,60,1024,356,
s817105973,p02791,u503221936,1589077751,C++,C++14 (GCC 5.4.1),cpp,Wrong Answer,71,1792,490,
s932708729,p02791,u503221936,1589077541,C++,C++14 (GCC 5.4.1),cpp,Wrong Answer,71,1920,490,
s571746275,p02791,u711238850,1589060096,Python,Python (3.4.3),py,Accepted,133,25896,135,
s762209740,p02791,u225450911,1589058823,C++,C++14 (GCC 5.4.1),cpp,Wrong Answer,2103,2936,1618,
s800810777,p02791,u651946953,1589057886,Python,PyPy3 (2.4.0),py,Time Limit Exceeded,2108,97360,341,
s470624097,p02791,u829403090,1589057155,C++,C++14 (GCC 5.4.1),cpp,Accepted,77,1024,305,
s073727411,p02791,u651946953,1589056624,Python,Python (3.4.3),py,Accepted,107,24744,159,
s235728653,p02791,u651946953,1589056461,Python,Python (3.4.3),py,Time Limit Exceeded,2104,24744,213,
s148595593,p02791,u651946953,1589056205,Python,Python (3.4.3),py,Time Limit Exceeded,2104,24744,253,
s859232150,p02791,u943800443,1589055875,C,C (GCC 5.4.1),c,Accepted,22,896,286,
s167021285,p02791,u752006685,1589055832,C++,C++14 (GCC 5.4.1),cpp,Accepted,78,1024,301,
s964067505,p02791,u651946953,1589055550,Python,Python (3.4.3),py,Time Limit Exceeded,2105,36448,341,
s127096821,p02791,u503052349,1589055454,C++,C++14 (GCC 5.4.1),cpp,Accepted,63,1024,390,
s197687653,p02791,u503052349,1589055404,C++,C++14 (GCC 5.4.1),cpp,Wrong Answer,60,1024,392,
s831129158,p02791,u308463793,1589054223,C++,C++14 (GCC 5.4.1),cpp,Accepted,60,1792,743,
s180551913,p02791,u777076456,1589053084,C++,C++14 (GCC 5.4.1),cpp,Accepted,60,1024,446,
s744659109,p02791,u574590381,1589051642,Python,Python (3.4.3),py,Time Limit Exceeded,2104,24744,133,
s571172093,p02791,u617228707,1589051568,C++,C++14 (GCC 5.4.1),cpp,Accepted,60,256,454,
s334468777,p02791,u574590381,1589051274,Python,Python (3.4.3),py,Time Limit Exceeded,2108,24744,196,
s930536374,p02791,u574590381,1589050456,Python,Python (3.4.3),py,Time Limit Exceeded,2108,24744,250,
s945827927,p02791,u056358163,1589049699,Python,Python (3.4.3),py,Accepted,104,24744,156,
s463283045,p02791,u081029414,1589049388,C++,C++14 (GCC 5.4.1),cpp,Time Limit Exceeded,2103,1152,14145,
s691089188,p02791,u959340534,1589046070,Python,Python (3.4.3),py,Accepted,110,24744,161,
s065438616,p02791,u390762553,1589044974,C++,C++14 (GCC 5.4.1),cpp,Accepted,63,3328,3004,
s889075861,p02791,u225450911,1589044296,C++,C++14 (GCC 5.4.1),cpp,Accepted,79,1024,626,
s003016764,p02791,u225450911,1589044235,C++,C++14 (GCC 5.4.1),cpp,Wrong Answer,78,1024,629,
s192193797,p02791,u102842945,1589043856,C++,C++14 (GCC 5.4.1),cpp,Accepted,20,1792,523,
s877801140,p02791,u177211691,1589043750,D,D (LDC 0.17.0),d,Accepted,31,10896,424,
s126212413,p02791,u384476576,1589043640,Python,Python (3.4.3),py,Accepted,91,24744,174,
s809644673,p02791,u102842945,1589041275,C++,C++14 (GCC 5.4.1),cpp,Runtime Error,109,1024,374,
s195532337,p02791,u958323734,1589041190,C++,C++14 (GCC 5.4.1),cpp,Accepted,20,1792,524,
s941500716,p02791,u102842945,1589041139,C++,C++14 (GCC 5.4.1),cpp,Runtime Error,107,1024,373,
s805127491,p02791,u102842945,1589040997,C++,C++14 (GCC 5.4.1),cpp,Runtime Error,302,1024,377,
s376869309,p02791,u448922807,1589027691,C++,C++14 (GCC 5.4.1),cpp,Accepted,64,1024,341,
s732991789,p02791,u353721260,1589027347,Fortran,Fortran (gfortran v4.8.4),f,Accepted,52,1536,382,
s814209027,p02791,u038620042,1589023933,Python,PyPy3 (2.4.0),py,Accepted,246,75472,203,
s300536515,p02791,u038620042,1589023375,Python,PyPy3 (2.4.0),py,Time Limit Exceeded,2107,77272,286,
s929063307,p02791,u038620042,1589022596,Python,PyPy3 (2.4.0),py,Time Limit Exceeded,2108,77536,241,
s847848558,p02791,u114954806,1589022504,Python,Python (3.4.3),py,Accepted,125,25768,233,
s181016785,p02791,u114954806,1589021642,Python,Python (3.4.3),py,Time Limit Exceeded,2104,25768,182,
s548461518,p02791,u114954806,1589021399,Python,Python (3.4.3),py,Time Limit Exceeded,2104,24744,308,
s881932262,p02791,u646412443,1589010428,Python,Python (3.4.3),py,Accepted,104,24744,161,
s362052026,p02791,u028146180,1589009625,C++,C++14 (GCC 5.4.1),cpp,Accepted,63,1024,303,
s115103447,p02791,u358055446,1588999829,C++,C++14 (GCC 5.4.1),cpp,Accepted,77,256,1181,
s899556286,p02791,u048176319,1588994617,Python,Python (3.4.3),py,Accepted,111,24744,203,
s665382951,p02791,u582684800,1588991275,C++,C++14 (GCC 5.4.1),cpp,Accepted,60,1024,306,
s442457739,p02791,u496821919,1588981387,Python,Python (3.4.3),py,Accepted,104,24744,241,
s571993520,p02791,u108377418,1588979069,C++,C++14 (GCC 5.4.1),cpp,Accepted,59,1792,394,
s351619988,p02791,u384124931,1588975887,Python,Python (3.4.3),py,Accepted,181,24744,214,
s970926807,p02791,u384124931,1588975332,Python,PyPy3 (2.4.0),py,Time Limit Exceeded,2111,136936,203,
s767480006,p02791,u384124931,1588975300,Python,Python (3.4.3),py,Time Limit Exceeded,2105,24744,203,
s816867892,p02791,u058742919,1588974420,C++,C++14 (GCC 5.4.1),cpp,Accepted,61,1792,453,
s272625945,p02791,u874333466,1588973255,Python,Python (3.4.3),py,Accepted,282,24744,346,
s753772103,p02791,u000770457,1588968593,C++,C++14 (GCC 5.4.1),cpp,Accepted,78,1792,286,
s164827101,p02791,u000770457,1588968026,C++,C++14 (GCC 5.4.1),cpp,Time Limit Exceeded,2103,1792,423,
s491782136,p02791,u436733497,1588964894,C++,C++14 (GCC 5.4.1),cpp,Accepted,61,1792,356,
s365472847,p02791,u122441571,1588964585,C,C (GCC 5.4.1),c,Accepted,22,896,2346,
s033260348,p02791,u122441571,1588963804,C,C (GCC 5.4.1),c,Time Limit Exceeded,2103,896,2407,
s170215622,p02791,u515923980,1588960254,C++,C++14 (GCC 5.4.1),cpp,Accepted,77,256,229,
s506403600,p02791,u252964975,1588957205,Python,Python (3.4.3),py,Time Limit Exceeded,2104,24744,155,
s593450391,p02791,u252964975,1588957088,Python,Python (3.4.3),py,Runtime Error,17,2940,129,
s372479632,p02791,u785470389,1588956132,C++,C++14 (GCC 5.4.1),cpp,Accepted,79,256,390,
s626618609,p02791,u785470389,1588955882,C++,C++14 (GCC 5.4.1),cpp,Wrong Answer,77,256,382,
s015685486,p02791,u086539505,1588953049,C++,C++14 (GCC 5.4.1),cpp,Accepted,77,384,250,
s483420827,p02791,u160064368,1588952644,Rust,Rust (1.15.1),rs,Accepted,13,8444,1438,
s019041643,p02791,u336145516,1588938186,C++,C++14 (GCC 5.4.1),cpp,Accepted,68,1792,417,
s059664876,p02791,u336145516,1588938165,C++,C++14 (GCC 5.4.1),cpp,Wrong Answer,67,1792,418,
s446839554,p02791,u336145516,1588937907,C++,C++14 (GCC 5.4.1),cpp,Time Limit Exceeded,2103,1792,527,
s594916757,p02791,u827306875,1588936468,Python,Python (3.4.3),py,Wrong Answer,111,24872,220,
s020409429,p02791,u827306875,1588935478,Python,Python (3.4.3),py,Wrong Answer,2109,34156,340,
s672098753,p02791,u827306875,1588935443,Python,Python (3.4.3),py,Wrong Answer,2109,34156,327,
s666633905,p02791,u390411253,1588928332,C++,C++14 (GCC 5.4.1),cpp,Accepted,60,1024,433,
s748815129,p02791,u396858476,1588921299,Python,PyPy3 (2.4.0),py,Accepted,259,75472,159,
s287852490,p02791,u207845630,1588913706,Java,Java8 (OpenJDK 1.8.0),java,Accepted,577,78664,373,
s252308792,p02791,u207845630,1588913555,Java,Java8 (OpenJDK 1.8.0),java,Wrong Answer,565,66780,373,
s526586709,p02791,u207845630,1588913068,Java,Java8 (OpenJDK 1.8.0),java,Wrong Answer,2113,83400,514,
s316432551,p02791,u207845630,1588912903,Java,Java8 (OpenJDK 1.8.0),java,Compile Error,,,528,
s078991024,p02791,u760636024,1588895315,Python,PyPy3 (2.4.0),py,Accepted,242,75344,163,
s724332017,p02791,u760636024,1588895210,Python,PyPy3 (2.4.0),py,Wrong Answer,256,75344,163,
s333519920,p02791,u760636024,1588894981,Python,PyPy3 (2.4.0),py,Time Limit Exceeded,2111,136804,137,
s601658604,p02791,u492660436,1588892474,C++,C++14 (GCC 5.4.1),cpp,Accepted,62,1024,1907,
s381613051,p02791,u391675400,1588889157,Python,Python (3.4.3),py,Accepted,127,24872,185,
s958896880,p02791,u391675400,1588888905,Python,Python (3.4.3),py,Time Limit Exceeded,2104,24744,235,
s319054190,p02791,u485979475,1588888352,Python,Python (3.4.3),py,Accepted,110,24744,238,
s836589890,p02791,u590472228,1588885084,Ruby,Ruby (2.3.3),rb,Wrong Answer,110,18052,175,
s807473786,p02791,u590472228,1588884655,Ruby,Ruby (2.3.3),rb,Wrong Answer,110,15236,157,
s457960684,p02791,u590472228,1588884479,Ruby,Ruby (2.3.3),rb,Wrong Answer,109,15236,153,
s896653200,p02791,u364862909,1588883778,Python,PyPy3 (2.4.0),py,Accepted,241,75472,176,
s231029643,p02791,u914739916,1588882771,C++,C++14 (GCC 5.4.1),cpp,Accepted,77,256,457,
s759785675,p02791,u571113944,1588868749,C++,C++14 (GCC 5.4.1),cpp,Accepted,59,1792,246,
s166751821,p02791,u932868243,1588868657,Python,Python (3.4.3),py,Wrong Answer,2105,24744,221,
s239250065,p02791,u932868243,1588868490,Python,Python (3.4.3),py,Wrong Answer,2105,26012,221,
s108190315,p02791,u571113944,1588868419,C++,C++14 (GCC 5.4.1),cpp,Wrong Answer,60,1792,267,
s777045904,p02791,u932868243,1588867724,Python,Python (3.4.3),py,Wrong Answer,147,24744,207,
s288362725,p02791,u571113944,1588867214,C++,C++14 (GCC 5.4.1),cpp,Wrong Answer,61,1792,259,
s621153956,p02791,u932868243,1588867202,Python,Python (3.4.3),py,Wrong Answer,148,24744,178,
s347834537,p02791,u288147331,1588867147,Python,Python (3.4.3),py,Accepted,129,24744,164,
s489824318,p02791,u932868243,1588866725,Python,Python (3.4.3),py,Runtime Error,65,24744,158,
s630319574,p02791,u571113944,1588866093,C++,C++14 (GCC 5.4.1),cpp,Wrong Answer,67,1792,260,
s120669761,p02791,u571113944,1588865761,C++,C++14 (GCC 5.4.1),cpp,Wrong Answer,2103,1792,287,
s584067126,p02791,u932868243,1588864313,Python,Python (3.4.3),py,Wrong Answer,17,2940,23,
s039805885,p02791,u136279532,1588858068,Python,Python (3.4.3),py,Accepted,213,25768,414,
s516966615,p02791,u136279532,1588853312,Python,Python (3.4.3),py,Time Limit Exceeded,2104,25768,218,
s353044778,p02791,u740626584,1588851878,C++,C++14 (GCC 5.4.1),cpp,Accepted,79,1024,318,
s892690128,p02791,u604329931,1588851781,C++,C++14 (GCC 5.4.1),cpp,Accepted,61,1024,1098,
s904744655,p02791,u101777447,1588851097,C++,C++ (GCC 5.4.1),cpp,Accepted,60,1024,264,
s834777849,p02791,u101777447,1588850862,C++,C++ (GCC 5.4.1),cpp,Wrong Answer,61,1152,250,
s974981882,p02791,u572122511,1588848695,Python,Python (3.4.3),py,Accepted,107,24744,170,
s020269150,p02791,u202978565,1588847313,C++,C++14 (GCC 5.4.1),cpp,Accepted,66,2164,424,
s713842992,p02791,u663842230,1588846536,C++,C++14 (GCC 5.4.1),cpp,Accepted,60,1792,494,
s512311171,p02791,u663842230,1588846187,C++,C++14 (GCC 5.4.1),cpp,Wrong Answer,60,1792,459,
s240913935,p02791,u007463213,1588840008,C++,C++14 (GCC 5.4.1),cpp,Accepted,68,1024,287,
s455738509,p02791,u841299958,1588835854,Java,Java8 (OpenJDK 1.8.0),java,Accepted,565,65668,625,
s458399825,p02791,u772395065,1588833626,C++,C++14 (GCC 5.4.1),cpp,Accepted,76,256,1267,
s454732245,p02791,u339500203,1588825636,C++,C++14 (GCC 5.4.1),cpp,Accepted,18,256,491,
s434131067,p02791,u074294821,1588822356,C++,C++14 (GCC 5.4.1),cpp,Accepted,60,1024,3539,
s205979957,p02791,u074294821,1588821712,C++,C++14 (GCC 5.4.1),cpp,Wrong Answer,66,1024,3489,
s958595385,p02791,u136488082,1588812386,Python,Python (3.4.3),py,Accepted,108,24744,246,
s825145305,p02791,u443996531,1588811898,Python,Python (3.4.3),py,Accepted,112,24744,152,
s949124453,p02791,u273687147,1588803499,C++,C++14 (GCC 5.4.1),cpp,Accepted,61,1024,329,
s016810075,p02791,u273687147,1588803396,C++,C++14 (GCC 5.4.1),cpp,Wrong Answer,60,1024,327,
s679254050,p02791,u273687147,1588802968,C++,C++14 (GCC 5.4.1),cpp,Wrong Answer,60,1024,329,
s958012922,p02791,u218707541,1588801698,C++,C++14 (GCC 5.4.1),cpp,Accepted,79,256,255,
s235507306,p02791,u433685759,1588801192,C++,C++14 (GCC 5.4.1),cpp,Accepted,18,256,412,
s591131925,p02791,u190679129,1588801142,C++,C++14 (GCC 5.4.1),cpp,Accepted,60,1024,391,
s951098362,p02791,u218707541,1588800335,C++,C++14 (GCC 5.4.1),cpp,Time Limit Exceeded,2103,1792,508,
s146598801,p02791,u893307213,1588799937,C++,C++14 (GCC 5.4.1),cpp,Accepted,77,1024,459,
s119327897,p02791,u721407235,1588799271,Python,Python (3.4.3),py,Accepted,115,24744,137,
s172274490,p02791,u521293705,1588799105,Java,Java8 (OpenJDK 1.8.0),java,Accepted,118,48212,7226,
s211337137,p02791,u988770997,1588797571,C++,C++14 (Clang 3.8.0),cpp,Accepted,170,384,291,
s655374186,p02791,u152614052,1588797141,Python,Python (3.4.3),py,Accepted,91,24744,155,
s477268220,p02791,u763377272,1588797081,C++,C++14 (GCC 5.4.1),cpp,Accepted,63,3328,552,
s957201511,p02791,u763377272,1588796930,C++,C++14 (GCC 5.4.1),cpp,Wrong Answer,61,3328,554,
s303176648,p02791,u988770997,1588796848,C++,C++14 (Clang 3.8.0),cpp,Time Limit Exceeded,2103,1908,439,
s661909512,p02791,u876174845,1588796739,C++,C++14 (GCC 5.4.1),cpp,Accepted,64,1024,421,
s771654126,p02791,u152614052,1588796738,Python,Python (3.4.3),py,Wrong Answer,91,24744,157,
s448722326,p02791,u763377272,1588796272,C++,C++14 (GCC 5.4.1),cpp,Time Limit Exceeded,2103,3328,596,
s660645166,p02791,u763377272,1588795972,C++,C++14 (GCC 5.4.1),cpp,Compile Error,,,546,
s220370952,p02791,u716660050,1588795409,Python,Python (3.4.3),py,Accepted,108,24744,146,
s597856508,p02791,u716660050,1588794993,Python,Python (3.4.3),py,Time Limit Exceeded,2112,26012,190,
s367849902,p02791,u763377272,1588794955,C++,C++14 (GCC 5.4.1),cpp,Wrong Answer,77,3328,549,
s854227847,p02791,u152614052,1588794843,Python,Python (3.4.3),py,Wrong Answer,111,24744,143,
s008377174,p02791,u763377272,1588794803,C++,C++14 (GCC 5.4.1),cpp,Wrong Answer,76,3328,620,
s170877418,p02791,u763377272,1588794386,C++,C++14 (GCC 5.4.1),cpp,Time Limit Exceeded,2103,1792,598,
s790559853,p02791,u485319545,1588794151,Python,Python (3.4.3),py,Accepted,145,24744,206,
s715783757,p02791,u713830790,1588794119,C++,C++14 (GCC 5.4.1),cpp,Accepted,77,384,282,
s919223851,p02791,u485319545,1588793704,Python,PyPy3 (2.4.0),py,Time Limit Exceeded,2112,139376,225,
s242826522,p02791,u485319545,1588793681,Python,Python (3.4.3),py,Time Limit Exceeded,2104,24744,225,
s470084012,p02791,u485319545,1588793243,Python,Python (3.4.3),py,Wrong Answer,120,24744,159,
s046725583,p02791,u683406607,1588791450,Python,Python (3.4.3),py,Accepted,108,24744,151,
s966046917,p02791,u683406607,1588790979,Python,Python (3.4.3),py,Time Limit Exceeded,2105,29208,185,
s859989246,p02791,u394973531,1588788545,Rust,Rust (1.15.1),rs,Accepted,37,6396,1631,
s979384638,p02791,u394973531,1588784190,Rust,Rust (1.15.1),rs,Time Limit Exceeded,2107,6396,1705,
s420763663,p02791,u118647609,1588782990,C++,C++14 (GCC 5.4.1),cpp,Accepted,62,1792,495,
s971371984,p02791,u705230587,1588781319,C++,C++14 (GCC 5.4.1),cpp,Accepted,59,1792,331,
s372547209,p02791,u709079466,1588780417,Python,PyPy3 (2.4.0),py,Time Limit Exceeded,2111,137016,140,
s726609635,p02791,u118647609,1588779717,C++,C++14 (GCC 5.4.1),cpp,Time Limit Exceeded,2103,1024,477,
s095327189,p02791,u183657342,1588778746,Python,Python (3.4.3),py,Accepted,1510,34156,186,
s991371656,p02791,u552143188,1588776149,Python,Python (3.4.3),py,Accepted,157,24744,154,
s185380964,p02791,u552143188,1588775590,Python,Python (3.4.3),py,Time Limit Exceeded,2104,24744,136,
s593464984,p02791,u279460955,1588774698,Python,PyPy3 (2.4.0),py,Accepted,347,100300,1202,
s052713222,p02791,u552143188,1588773580,Python,Python (3.4.3),py,Time Limit Exceeded,2104,25768,168,
s515675502,p02791,u063318293,1588771009,C++,C++14 (GCC 5.4.1),cpp,Accepted,18,256,344,
s738884766,p02791,u709079466,1588770890,Python,Python (3.4.3),py,Accepted,150,24744,167,
s931465350,p02791,u325864493,1588770245,C++,C++14 (GCC 5.4.1),cpp,Time Limit Exceeded,2103,1024,531,
s219845956,p02791,u537892680,1588770211,Python,Python (3.4.3),py,Accepted,153,25768,192,
s009972097,p02791,u582588783,1588769881,C++,C++14 (GCC 5.4.1),cpp,Accepted,63,1024,388,
s988621851,p02791,u582588783,1588769821,C++,C++14 (GCC 5.4.1),cpp,Wrong Answer,60,1024,418,
s460415278,p02791,u900688325,1588769036,C++,C++14 (GCC 5.4.1),cpp,Accepted,68,1024,445,
s221291953,p02791,u616794313,1588765909,C++,C++ (GCC 5.4.1),cpp,Accepted,66,1024,328,
s035274101,p02791,u616794313,1588765772,C++,C++ (GCC 5.4.1),cpp,Wrong Answer,60,1024,336,
s900754738,p02791,u616794313,1588765593,C++,C++ (GCC 5.4.1),cpp,Wrong Answer,60,1024,328,
s114752457,p02791,u736893066,1588764614,C++,C++14 (GCC 5.4.1),cpp,Accepted,59,256,2264,
s976436398,p02791,u254221913,1588764575,Python,Python (3.4.3),py,Accepted,145,24744,173,
s544058000,p02791,u353099601,1588764409,Python,Python (3.4.3),py,Accepted,113,24744,523,
s165135695,p02791,u311090179,1588763943,C++,C++14 (GCC 5.4.1),cpp,Accepted,77,256,207,
s161421862,p02791,u254221913,1588763932,Python,Python (3.4.3),py,Time Limit Exceeded,2104,24744,236,
s146805043,p02791,u353099601,1588763728,Python,Python (3.4.3),py,Time Limit Exceeded,2104,24744,140,
s301546015,p02791,u311090179,1588763698,C++,C++14 (GCC 5.4.1),cpp,Accepted,61,1024,237,
s189373377,p02791,u254221913,1588763529,Python,Python (3.4.3),py,Time Limit Exceeded,2104,25248,296,
s537404855,p02791,u745236275,1588761846,Java,Java8 (OpenJDK 1.8.0),java,Accepted,563,77040,378,
s246285077,p02791,u745236275,1588761062,Java,Java8 (OpenJDK 1.8.0),java,Time Limit Exceeded,2109,64444,525,
s737754113,p02791,u745236275,1588760814,Java,Java8 (OpenJDK 1.8.0),java,Time Limit Exceeded,2113,64156,502,
s804917763,p02791,u709079466,1588758386,Python,Python (3.4.3),py,Accepted,156,25768,197,
s666209532,p02791,u709079466,1588758228,Python,Python (3.4.3),py,Time Limit Exceeded,2104,24744,351,
s920054970,p02791,u709079466,1588758035,Python,Python (3.4.3),py,Time Limit Exceeded,2104,24872,150,
s690245110,p02791,u307516601,1588754517,Python,Python (3.4.3),py,Accepted,131,24744,169,
s625304948,p02791,u758799884,1588743314,C++,C++14 (GCC 5.4.1),cpp,Accepted,60,1792,1352,
s916033137,p02791,u366125700,1588737368,C++,C++14 (GCC 5.4.1),cpp,Accepted,63,1792,951,
s092735843,p02791,u366125700,1588737222,C++,C++14 (GCC 5.4.1),cpp,Wrong Answer,60,1792,931,
s936658210,p02791,u789673498,1588731020,C++,C++14 (GCC 5.4.1),cpp,Accepted,77,1024,602,
s059332594,p02791,u289578952,1588730447,C++,C++14 (GCC 5.4.1),cpp,Accepted,60,1024,449,
s591151321,p02791,u789673498,1588730319,C++,C++14 (GCC 5.4.1),cpp,Time Limit Exceeded,2103,1024,471,
s001697722,p02791,u145483532,1588721925,C++,C++14 (GCC 5.4.1),cpp,Accepted,59,256,528,
s932200149,p02791,u201304522,1588720779,C++,C++14 (GCC 5.4.1),cpp,Accepted,65,1792,821,
s708202402,p02791,u201304522,1588720445,C++,C++14 (GCC 5.4.1),cpp,Wrong Answer,60,1792,839,
s379978861,p02791,u390727364,1588712920,Python,PyPy3 (2.4.0),py,Accepted,236,70480,276,
s985996517,p02791,u830770242,1588712717,C++,C++14 (GCC 5.4.1),cpp,Accepted,62,1024,1004,
s986570777,p02791,u530383736,1588712083,Python,Python (3.4.3),py,Accepted,127,24744,232,
s731000621,p02791,u530383736,1588711606,Python,Python (3.4.3),py,Time Limit Exceeded,2104,24744,261,
s120637425,p02791,u370270364,1588711393,Go,Go (1.6),go,Accepted,948,6656,332,
s612573575,p02791,u370270364,1588711179,Go,Go (1.6),go,Time Limit Exceeded,2108,6528,408,
s936038041,p02791,u221119670,1588709852,C++,C++14 (GCC 5.4.1),cpp,Accepted,61,1792,480,
s741087790,p02791,u392029857,1588709533,C,C (GCC 5.4.1),c,Accepted,22,896,307,
s758629707,p02791,u652037179,1588708829,C++,C++14 (GCC 5.4.1),cpp,Accepted,19,1792,799,
s020697783,p02791,u914797917,1588708412,Python,Python (3.4.3),py,Time Limit Exceeded,2104,24744,144,
s078168448,p02791,u914797917,1588708304,Python,Python (3.4.3),py,Time Limit Exceeded,2105,24744,163,
s172351577,p02791,u174181999,1588708087,Python,Python (3.4.3),py,Accepted,187,25716,285,
s676900522,p02791,u174181999,1588708020,Python,Python (3.4.3),py,Wrong Answer,193,25716,298,
s064915291,p02791,u174181999,1588707831,Python,Python (3.4.3),py,Wrong Answer,171,24744,282,
s324488427,p02791,u914797917,1588707461,Python,Python (3.4.3),py,Time Limit Exceeded,2104,26012,219,
s592255613,p02791,u711910200,1588706536,C++,C++14 (GCC 5.4.1),cpp,Accepted,19,1024,323,
s750373326,p02791,u860002137,1588705932,Python,Python (3.4.3),py,Accepted,96,24744,148,
s940342380,p02791,u860002137,1588705755,Python,Python (3.4.3),py,Wrong Answer,78,24744,138,
s178049178,p02791,u860002137,1588705702,Python,Python (3.4.3),py,Runtime Error,66,24744,157,
s816489251,p02791,u860002137,1588705235,Python,Python (3.4.3),py,Time Limit Exceeded,2109,34144,223,
s609534337,p02791,u860002137,1588705048,Python,Python (3.4.3),py,Time Limit Exceeded,2109,34128,221,
s435210088,p02791,u560867850,1588699646,Python,Python (3.4.3),py,Accepted,89,17780,145,
s423850896,p02791,u504562455,1588699182,Python,PyPy3 (2.4.0),py,Accepted,244,75472,154,
s146893024,p02791,u568576853,1588698316,Python,Python (3.4.3),py,Accepted,157,25244,122,
s338782373,p02791,u449303900,1588695529,C++,C++14 (GCC 5.4.1),cpp,Accepted,77,256,274,
s246664356,p02791,u449303900,1588695070,C++,C++14 (GCC 5.4.1),cpp,Time Limit Exceeded,2103,1024,437,
s379849550,p02791,u190873802,1588694644,Python,Python (3.4.3),py,Accepted,109,24744,163,
s820113726,p02791,u482840940,1588689060,Ruby,Ruby (2.3.3),rb,Accepted,194,23808,186,
s838516309,p02791,u393658518,1588688960,C++,C++14 (GCC 5.4.1),cpp,Accepted,64,1024,348,
s642767828,p02791,u426506117,1588686094,C++,C++14 (GCC 5.4.1),cpp,Accepted,78,1024,335,
s757378516,p02791,u090406054,1588682380,Python,Python (3.4.3),py,Time Limit Exceeded,2104,24744,128,
s851314371,p02791,u090406054,1588682335,Python,Python (3.4.3),py,Wrong Answer,2104,24744,126,
s828310605,p02791,u090406054,1588682011,Python,Python (3.4.3),py,Time Limit Exceeded,2104,24744,147,
s535592978,p02791,u015702262,1588681865,C++,C++14 (GCC 5.4.1),cpp,Accepted,77,1024,359,
s071230625,p02791,u610956125,1588681607,C++,C++14 (GCC 5.4.1),cpp,Accepted,62,3328,635,
s171723798,p02791,u159703196,1588673146,C++,C++14 (GCC 5.4.1),cpp,Accepted,78,1024,282,
s652521609,p02791,u172873334,1588672625,C++,C++14 (GCC 5.4.1),cpp,Accepted,7,1024,15676,
s305531682,p02791,u159703196,1588672375,C++,C++14 (GCC 5.4.1),cpp,Wrong Answer,78,1024,256,
s826294025,p02791,u425762225,1588672007,Python,PyPy3 (2.4.0),py,Accepted,260,75344,168,
s363148088,p02791,u425762225,1588670231,Python,PyPy3 (2.4.0),py,Time Limit Exceeded,2112,137160,164,
s688659701,p02791,u425762225,1588669841,Python,PyPy3 (2.4.0),py,Time Limit Exceeded,2111,136856,149,
s504459619,p02791,u425762225,1588669708,Python,PyPy3 (2.4.0),py,Time Limit Exceeded,2112,137608,157,
s045838812,p02791,u221391729,1588669540,C++,C++14 (GCC 5.4.1),cpp,Accepted,78,256,445,
s939214290,p02791,u425762225,1588669446,Python,Python (3.4.3),py,Time Limit Exceeded,2104,24744,157,
s227549128,p02791,u578969098,1588660310,C++,C++14 (GCC 5.4.1),cpp,Accepted,78,256,268,
s676344806,p02791,u578969098,1588659461,C++,C++14 (GCC 5.4.1),cpp,Time Limit Exceeded,2103,1024,372,
s376816647,p02791,u097239927,1588655324,C++,C++14 (GCC 5.4.1),cpp,Accepted,64,3328,542,
s566418992,p02791,u097239927,1588655302,C++,C++14 (GCC 5.4.1),cpp,Compile Error,,,512,
s942004070,p02791,u616420833,1588654077,C++,C++14 (GCC 5.4.1),cpp,Accepted,76,380,276,
s023845674,p02791,u475675023,1588650189,Python,Python (3.4.3),py,Accepted,93,25116,108,
s202796071,p02791,u175426149,1588641257,C++,C++14 (GCC 5.4.1),cpp,Accepted,60,1024,674,
s464005553,p02791,u665650665,1588638420,Java,Java8 (OpenJDK 1.8.0),java,Accepted,582,64076,342,
s281039224,p02791,u000022466,1588634499,C++,C++14 (GCC 5.4.1),cpp,Accepted,21,256,455,
s832177178,p02791,u067986264,1588633736,Python,Python (3.4.3),py,Time Limit Exceeded,2104,26012,291,
s256200910,p02791,u067986264,1588633416,Python,Python (3.4.3),py,Time Limit Exceeded,2104,24744,198,
s437358114,p02791,u067986264,1588633181,Python,Python (3.4.3),py,Time Limit Exceeded,2104,24744,176,
s503673197,p02791,u067986264,1588632958,Python,Python (3.4.3),py,Time Limit Exceeded,2104,24744,131,
s210615591,p02791,u776280752,1588629973,C++,C++14 (GCC 5.4.1),cpp,Accepted,64,1792,392,
s900880695,p02791,u776280752,1588629727,C++,C++14 (GCC 5.4.1),cpp,Wrong Answer,66,1792,391,
s184759693,p02791,u062808720,1588628681,Python,Python (3.4.3),py,Accepted,216,24744,248,
s218961409,p02791,u062808720,1588628245,Python,Python (3.4.3),py,Time Limit Exceeded,2108,24744,166,
s594145124,p02791,u055231161,1588628148,C++,C++14 (GCC 5.4.1),cpp,Accepted,78,256,486,
s924431800,p02791,u062808720,1588627634,Python,Python (3.4.3),py,Time Limit Exceeded,2104,24744,164,
s282597068,p02791,u526365587,1588627525,C++,C++14 (GCC 5.4.1),cpp,Accepted,61,1792,350,
s717685172,p02791,u062808720,1588627378,Python,Python (3.4.3),py,Time Limit Exceeded,2104,24744,164,
s848039052,p02791,u426649993,1588625790,Python,Python (3.4.3),py,Accepted,79,24744,234,
s058282001,p02791,u426649993,1588625662,Python,Python (3.4.3),py,Wrong Answer,80,24744,231,
s560451909,p02791,u861445290,1588624526,Java,Java8 (OpenJDK 1.8.0),java,Accepted,561,82524,565,
s131603577,p02791,u423327360,1588619682,C++,C++14 (GCC 5.4.1),cpp,Accepted,61,1024,297,
s720331075,p02791,u423327360,1588618240,C++,C++14 (GCC 5.4.1),cpp,Time Limit Exceeded,2103,1024,310,
s920668838,p02791,u632091877,1588617841,C++,C++14 (GCC 5.4.1),cpp,Accepted,18,1792,446,
s293732279,p02791,u632091877,1588617683,C++,C++14 (GCC 5.4.1),cpp,Wrong Answer,19,1792,436,
s113598915,p02791,u632091877,1588617659,C++,C++ (GCC 5.4.1),cpp,Compile Error,,,436,
s830598522,p02791,u467787707,1588616741,C++,C++14 (GCC 5.4.1),cpp,Accepted,18,1792,734,
s875937177,p02791,u467787707,1588616663,C++,C++14 (GCC 5.4.1),cpp,Accepted,18,1792,755,
s038378436,p02791,u975472502,1588615611,C++,C++14 (GCC 5.4.1),cpp,Accepted,60,1792,367,
s611942674,p02791,u975472502,1588615323,C++,C++14 (GCC 5.4.1),cpp,Wrong Answer,61,1792,369,
s846072007,p02791,u975472502,1588615271,C++,C++14 (GCC 5.4.1),cpp,Wrong Answer,63,1024,371,
s145872391,p02791,u702686470,1588613275,C++,C++14 (GCC 5.4.1),cpp,Accepted,62,1024,384,
s922737798,p02791,u490642448,1588612291,Python,PyPy3 (2.4.0),py,Accepted,269,81360,132,
s818827215,p02791,u791375270,1588611998,Python,Python (3.4.3),py,Accepted,110,24744,161,
s002829160,p02791,u791375270,1588611816,Python,Python (3.4.3),py,Time Limit Exceeded,2104,24744,206,
s145786560,p02791,u791375270,1588611307,Python,Python (3.4.3),py,Time Limit Exceeded,2105,24744,159,
s645244363,p02791,u791375270,1588610821,Python,Python (3.4.3),py,Time Limit Exceeded,2104,24744,188,
s525790109,p02791,u791375270,1588610438,Python,Python (3.4.3),py,Time Limit Exceeded,2104,24744,172,
s404339821,p02791,u029876051,1588609147,C++,C++14 (GCC 5.4.1),cpp,Accepted,64,1024,343,
s120813608,p02791,u428891594,1588603391,Python,Python (3.4.3),py,Accepted,77,24744,260,
s470987393,p02791,u428891594,1588603294,Python,Python (3.4.3),py,Wrong Answer,70,24744,261,
s065752736,p02791,u428891594,1588603160,Python,Python (3.4.3),py,Wrong Answer,69,24744,263,
s314587690,p02791,u476027087,1588602741,C++,C++14 (GCC 5.4.1),cpp,Accepted,64,1792,515,
s180127917,p02791,u428891594,1588602443,Python,Python (3.4.3),py,Time Limit Exceeded,2104,24744,212,
s939002174,p02791,u851275071,1588600290,C++,C++14 (GCC 5.4.1),cpp,Wrong Answer,78,256,270,
s562500644,p02791,u851275071,1588600253,C++,C++14 (GCC 5.4.1),cpp,Compile Error,,,266,
s940912924,p02791,u335087552,1588599708,C++,C++14 (GCC 5.4.1),cpp,Accepted,77,1024,301,
s307874250,p02791,u229518917,1588599341,Python,Python (3.4.3),py,Accepted,102,25768,166,
s471256509,p02791,u229518917,1588599290,Python,Python (3.4.3),py,Wrong Answer,89,24744,160,
s767593404,p02791,u229518917,1588599125,Python,Python (3.4.3),py,Time Limit Exceeded,2104,24744,156,
s587472907,p02791,u049126433,1588598175,C++,C++14 (GCC 5.4.1),cpp,Accepted,77,1024,322,
s135974704,p02791,u049126433,1588598050,C++,C++14 (GCC 5.4.1),cpp,Wrong Answer,77,1024,276,
s395712964,p02791,u049126433,1588597992,C++,C++14 (GCC 5.4.1),cpp,Wrong Answer,77,1024,277,
s310566116,p02791,u419346714,1588597967,C#,C# (Mono 4.6.2.0),cs,Accepted,108,34012,5048,
s836734668,p02791,u419346714,1588597447,C#,C# (Mono 4.6.2.0),cs,Time Limit Exceeded,2108,34012,4973,
s597489897,p02791,u789075914,1588594180,C++,C++14 (GCC 5.4.1),cpp,Accepted,77,256,376,
s974134944,p02791,u515131769,1588593424,C++,C++14 (GCC 5.4.1),cpp,Accepted,18,1024,439,
s148946754,p02791,u326288614,1588589288,Ruby,Ruby (2.3.3),rb,Accepted,166,21252,164,
s145125148,p02791,u278630718,1588586550,C++,C++14 (GCC 5.4.1),cpp,Accepted,18,256,737,
s142199880,p02791,u053064675,1588584877,C++,C++14 (GCC 5.4.1),cpp,Accepted,64,3328,744,
s366621910,p02791,u745687363,1588584289,Python,Python (3.4.3),py,Accepted,114,24744,138,
s169151428,p02791,u745687363,1588584224,Python,Python (3.4.3),py,Wrong Answer,123,24744,138,
s674267435,p02791,u745687363,1588584145,Python,Python (3.4.3),py,Wrong Answer,112,24744,132,
s283379689,p02791,u745687363,1588583878,Python,Python (3.4.3),py,Time Limit Exceeded,2104,24744,124,
s305368948,p02791,u892487306,1588579158,Python,Python (3.4.3),py,Accepted,123,24872,275,
s275801091,p02791,u448922807,1588576607,C++,C++14 (GCC 5.4.1),cpp,Accepted,63,1024,383,
s016283924,p02791,u214887789,1588565376,Ruby,Ruby (2.3.3),rb,Time Limit Exceeded,2109,17948,137,
s856862872,p02791,u650603304,1588552498,Java,Java8 (OpenJDK 1.8.0),java,Accepted,387,57176,667,
s381853059,p02791,u339199690,1588552388,Python,Python (3.4.3),py,Accepted,175,24744,163,
s033126336,p02791,u229427161,1588546846,C++,C++14 (GCC 5.4.1),cpp,Accepted,76,256,504,
s482907825,p02791,u822130495,1588544874,C++,C++14 (GCC 5.4.1),cpp,Accepted,60,1024,2650,
s112974730,p02791,u822130495,1588544541,C++,C++14 (GCC 5.4.1),cpp,Time Limit Exceeded,2103,1024,2680,
s643640367,p02791,u096294926,1588544421,Python,Python (3.4.3),py,Accepted,111,24744,151,
s184369897,p02791,u096294926,1588543872,Python,Python (3.4.3),py,Runtime Error,17,2940,132,
s698896042,p02791,u062727117,1588528765,C++,C++14 (GCC 5.4.1),cpp,Accepted,61,1024,399,
s991146864,p02791,u130263865,1588528560,D,D (DMD64 v2.070.1),d,Accepted,39,11536,1200,
s687421624,p02791,u277236383,1588527787,Python,Python (3.4.3),py,Accepted,118,24744,155,
s226941673,p02791,u531730314,1588524823,C#,C# (Mono 4.6.2.0),cs,Accepted,93,31068,470,
s436297013,p02791,u187489367,1588524618,C++,C++14 (GCC 5.4.1),cpp,Accepted,61,1024,363,
s138829024,p02791,u531730314,1588524548,C#,C# (Mono 4.6.2.0),cs,Wrong Answer,93,31452,476,
s604770471,p02791,u187489367,1588524537,C++,C++14 (GCC 5.4.1),cpp,Wrong Answer,61,1152,361,
s269835387,p02791,u038021590,1588523565,Python,Python (3.4.3),py,Accepted,109,24744,165,
s040933400,p02791,u187489367,1588522898,C++,C++14 (GCC 5.4.1),cpp,Time Limit Exceeded,2103,3552,546,
s663547073,p02791,u456896733,1588522541,Python,Python (3.4.3),py,Accepted,103,24744,171,
s768310920,p02791,u456896733,1588522229,Python,Python (3.4.3),py,Time Limit Exceeded,2104,24744,165,
s443482165,p02791,u732578115,1588520264,C++,C++14 (GCC 5.4.1),cpp,Accepted,76,256,273,
s817701735,p02791,u732578115,1588520190,C++,C++14 (GCC 5.4.1),cpp,Wrong Answer,77,256,272,
s946247230,p02791,u347920118,1588520132,Python,PyPy3 (2.4.0),py,Accepted,245,75344,1388,
s278545682,p02791,u906839513,1588519289,C++,C++14 (GCC 5.4.1),cpp,Accepted,60,1024,293,
s773579661,p02791,u906839513,1588519149,C++,C++14 (GCC 5.4.1),cpp,Time Limit Exceeded,2111,1024,303,
s961070989,p02791,u185037583,1588518909,Python,Python (3.4.3),py,Accepted,152,25768,183,
s089906525,p02791,u347920118,1588518691,Python,PyPy3 (2.4.0),py,Time Limit Exceeded,2108,77464,151,
s741630152,p02791,u410269178,1588517964,C++,C++14 (GCC 5.4.1),cpp,Accepted,63,1792,391,
s053480963,p02791,u185037583,1588517627,Python,Python (3.4.3),py,Time Limit Exceeded,2104,25768,162,
s168852190,p02791,u030726788,1588516600,Python,Python (3.4.3),py,Accepted,108,24744,149,
s014499445,p02791,u778814286,1588514617,C++,C++14 (GCC 5.4.1),cpp,Accepted,21,256,4206,
s377044270,p02791,u006880673,1588513372,Python,Python (3.4.3),py,Accepted,145,24744,194,
s056320683,p02791,u026788530,1588509810,Python,Python (3.4.3),py,Accepted,117,24744,139,
s130424707,p02791,u739489568,1588509068,C++,C++14 (GCC 5.4.1),cpp,Accepted,76,256,231,
s727316207,p02791,u739489568,1588509004,C++,C++14 (GCC 5.4.1),cpp,Wrong Answer,77,384,231,
s417005543,p02791,u221537793,1588507355,Python,Python (3.4.3),py,Accepted,146,24744,194,
s186231991,p02791,u221537793,1588507153,Python,Python (3.4.3),py,Time Limit Exceeded,2104,24744,165,
s635182157,p02791,u221537793,1588506560,Python,Python (3.4.3),py,Time Limit Exceeded,2104,24744,220,
s744418609,p02791,u154921452,1588502565,C++,C++14 (GCC 5.4.1),cpp,Accepted,60,1024,365,
s449657388,p02791,u154921452,1588501249,C++,C++14 (GCC 5.4.1),cpp,Time Limit Exceeded,2103,1024,477,
s256738941,p02791,u057964173,1588496826,Python,PyPy3 (2.4.0),py,Accepted,255,69200,251,
s239212424,p02791,u531730314,1588496079,C#,C# (Mono 4.6.2.0),cs,Time Limit Exceeded,2109,31452,600,
s013124652,p02791,u456896733,1588483493,Python,Python (3.4.3),py,Time Limit Exceeded,2104,24744,142,
s172475202,p02791,u456896733,1588482225,Python,Python (3.4.3),py,Time Limit Exceeded,2108,24744,363,
s565310115,p02791,u456896733,1588480373,Python,Python (3.4.3),py,Wrong Answer,2104,24744,337,
s940630679,p02791,u456896733,1588479607,Python,Python (3.4.3),py,Time Limit Exceeded,2104,24744,235,
s571766068,p02791,u018586085,1588478085,C++,C++14 (GCC 5.4.1),cpp,Accepted,76,256,281,
s303674527,p02791,u182326544,1588462292,C++,C++14 (GCC 5.4.1),cpp,Accepted,20,1400,513,
s666635815,p02791,u491550356,1588461940,Python,Python (3.4.3),py,Accepted,79,24744,209,
s213568632,p02791,u889344512,1588461548,C++,C++14 (GCC 5.4.1),cpp,Accepted,78,256,438,
s357294089,p02791,u759510609,1588453910,C++,C++14 (GCC 5.4.1),cpp,Accepted,77,1024,369,
s138580416,p02791,u102070373,1588445400,C++,C++14 (GCC 5.4.1),cpp,Accepted,76,1024,265,
s743820957,p02791,u624613992,1588443985,Python,Python (3.4.3),py,Accepted,92,24744,125,
s310280990,p02791,u928591554,1588443210,C++,C++14 (Clang 3.8.0),cpp,Accepted,166,1024,467,
s725250215,p02791,u928591554,1588442806,C++,C++14 (Clang 3.8.0),cpp,Time Limit Exceeded,2103,2168,555,
s296028586,p02791,u928591554,1588441854,C++,C++14 (Clang 3.8.0),cpp,Wrong Answer,2103,1408,553,
s775547371,p02791,u285891772,1588439293,Python,Python (3.4.3),py,Accepted,144,27192,878,
s721580749,p02791,u285891772,1588439022,Python,Python (3.4.3),py,Accepted,170,27196,888,
s941301419,p02791,u285891772,1588438813,Python,Python (3.4.3),py,Time Limit Exceeded,2104,27200,863,
s926130699,p02791,u367131219,1588438614,C++,C++14 (GCC 5.4.1),cpp,Accepted,79,256,265,
s960586053,p02791,u158290747,1588438109,C++,C++14 (GCC 5.4.1),cpp,Accepted,77,256,207,
s855059328,p02791,u940743763,1588437536,Python,PyPy3 (2.4.0),py,Accepted,245,73180,162,
s144872189,p02791,u202813867,1588436519,C++,C++14 (GCC 5.4.1),cpp,Accepted,63,1400,540,
s777480437,p02791,u359243713,1588432039,C,C (GCC 5.4.1),c,Time Limit Exceeded,2103,1020,445,
s977721268,p02791,u359243713,1588431838,C,C (GCC 5.4.1),c,Wrong Answer,2103,1020,445,
s047386343,p02791,u282657760,1588431404,Python,Python (3.4.3),py,Accepted,286,34156,195,
s786618278,p02791,u343930666,1588431276,C++,C++14 (GCC 5.4.1),cpp,Accepted,20,3456,2718,
s728327441,p02791,u282657760,1588430866,Python,Python (3.4.3),py,Time Limit Exceeded,2108,34144,193,
s116863872,p02791,u672200210,1588430825,C++,C++14 (GCC 5.4.1),cpp,Accepted,61,1024,267,
s194335837,p02791,u751964641,1588428876,C++,C++14 (Clang 3.8.0),cpp,Accepted,160,1024,733,
s156997889,p02791,u563556491,1588427794,Kotlin,Kotlin (1.0.0),kt,Accepted,667,82852,280,
s191572484,p02791,u077104253,1588424313,C++,C++14 (GCC 5.4.1),cpp,Accepted,77,256,290,
s320785832,p02791,u449822557,1588423293,Python,Python (3.4.3),py,Accepted,109,24744,212,
s143491663,p02791,u243961437,1588419156,C++,C++14 (GCC 5.4.1),cpp,Accepted,20,1792,464,
s423010665,p02791,u942085302,1588416681,C++,C++14 (GCC 5.4.1),cpp,Accepted,61,1792,642,
s775813340,p02791,u315972304,1588414258,C++,C++14 (GCC 5.4.1),cpp,Accepted,60,1024,338,
s752151665,p02791,u262451272,1588413082,C++,C++14 (GCC 5.4.1),cpp,Accepted,66,1024,382,
s382785307,p02791,u262451272,1588412490,C++,C++14 (GCC 5.4.1),cpp,Time Limit Exceeded,2103,1024,449,
s016569738,p02791,u243740419,1588412440,C++,C++14 (GCC 5.4.1),cpp,Accepted,62,256,2874,
s583634925,p02791,u243740419,1588412350,C++,C++14 (GCC 5.4.1),cpp,Compile Error,,,2837,
s472031888,p02791,u243740419,1588412084,C++,C++14 (GCC 5.4.1),cpp,Time Limit Exceeded,2103,640,2894,
s133188812,p02791,u243740419,1588411010,C++,C++14 (GCC 5.4.1),cpp,Time Limit Exceeded,2103,1908,2535,
s286457666,p02791,u243740419,1588410979,C,C (GCC 5.4.1),c,Compile Error,,,2535,
s274904147,p02791,u145562832,1588377918,C++,C++14 (GCC 5.4.1),cpp,Accepted,76,256,267,
s426173923,p02791,u145562832,1588377883,C++,C++14 (GCC 5.4.1),cpp,Accepted,77,384,269,
s376036625,p02791,u868531879,1588377689,C++,C++14 (GCC 5.4.1),cpp,Accepted,79,256,321,
s883644609,p02791,u145562832,1588377057,C++,C++14 (GCC 5.4.1),cpp,Time Limit Exceeded,2103,1024,398,
s987140835,p02791,u744920373,1588374978,Python,Python (3.4.3),py,Accepted,99,25840,798,
s602470115,p02791,u883040023,1588373072,Python,Python (3.4.3),py,Accepted,94,24744,167,
s551092363,p02791,u688219499,1588372459,Python,Python (3.4.3),py,Accepted,166,26012,231,
s844973813,p02791,u688219499,1588372182,Python,Python (3.4.3),py,Time Limit Exceeded,2104,24744,188,
s286359011,p02791,u688219499,1588371770,Python,Python (3.4.3),py,Time Limit Exceeded,2108,24744,174,
s284856261,p02791,u819779919,1588371419,Python,PyPy3 (2.4.0),py,Accepted,251,75472,172,
s156073931,p02791,u883040023,1588371277,Python,Python (3.4.3),py,Wrong Answer,109,24744,141,
s812521819,p02791,u189832798,1588368110,Java,Java8 (OpenJDK 1.8.0),java,Accepted,587,65452,432,
s956020225,p02791,u189832798,1588367965,Java,Java8 (OpenJDK 1.8.0),java,Wrong Answer,592,65176,433,
s529380827,p02791,u484988555,1588365486,C#,C# (Mono 4.6.2.0),cs,Accepted,107,34116,4195,
s494120497,p02791,u789436713,1588361871,Python,Python (3.4.3),py,Accepted,100,24744,160,
s272495906,p02791,u499401864,1588359091,C++,C++14 (GCC 5.4.1),cpp,Accepted,18,1792,372,
s082175823,p02791,u499401864,1588358539,C++,C++14 (GCC 5.4.1),cpp,Wrong Answer,19,1792,390,
s017858412,p02791,u499401864,1588358305,C++,C++14 (GCC 5.4.1),cpp,Wrong Answer,18,1792,381,
s985432769,p02791,u516566941,1588356257,Python,Python (3.4.3),py,Accepted,111,24744,164,
s911784400,p02791,u901060001,1588349446,Python,Python (3.4.3),py,Accepted,93,25768,257,
s538119972,p02791,u901060001,1588348868,Python,Python (3.4.3),py,Time Limit Exceeded,2104,24744,239,
s493181476,p02791,u901060001,1588348144,Python,PyPy3 (2.4.0),py,Time Limit Exceeded,2107,77904,325,
s375980017,p02791,u901060001,1588346025,Python,Python (3.4.3),py,Time Limit Exceeded,2104,25768,326,
s796614748,p02791,u977925575,1588343683,C++,C++14 (GCC 5.4.1),cpp,Accepted,63,1024,501,
s872314461,p02791,u024416480,1588343573,C++,C++14 (Clang 3.8.0),cpp,Accepted,161,1792,3300,
s235979586,p02791,u870981361,1588333140,Java,Java8 (OpenJDK 1.8.0),java,Time Limit Exceeded,2109,22228,2907,
s554208485,p02791,u870981361,1588332932,Java,Java8 (OpenJDK 1.8.0),java,Compile Error,,,2921,
s097229140,p02791,u870981361,1588332770,Java,Java8 (OpenJDK 1.8.0),java,Accepted,110,24020,2802,
s285826859,p02791,u870981361,1588332751,Java,Java8 (OpenJDK 1.8.0),java,Compile Error,,,2803,
s921833744,p02791,u538632589,1588332601,Python,Python (3.4.3),py,Accepted,174,24744,349,
s603769109,p02791,u410679702,1588332519,C++,C++14 (GCC 5.4.1),cpp,Accepted,77,1792,256,
s675065981,p02791,u870981361,1588332499,Java,Java8 (OpenJDK 1.8.0),java,Accepted,487,51008,442,
s902096582,p02791,u237390401,1588331972,C++,C++14 (GCC 5.4.1),cpp,Accepted,62,1024,325,
s826330601,p02791,u237390401,1588331879,C++,C++14 (GCC 5.4.1),cpp,Accepted,60,1024,324,
s699781917,p02791,u870981361,1588331574,Java,Java8 (OpenJDK 1.8.0),java,Time Limit Exceeded,2109,51992,545,
s764246672,p02791,u126579945,1588329600,C++,C++14 (GCC 5.4.1),cpp,Accepted,62,1024,319,
s813188455,p02791,u586052522,1588329398,C++,C++14 (GCC 5.4.1),cpp,Accepted,61,1024,895,
s720913275,p02791,u894339989,1588329220,C++,C++14 (GCC 5.4.1),cpp,Accepted,20,3456,605,
s590427790,p02791,u181783949,1588325630,C++,C++14 (GCC 5.4.1),cpp,Accepted,61,1024,382,
s423916194,p02791,u327750344,1588323562,C++,C++14 (GCC 5.4.1),cpp,Accepted,61,1024,331,
s851756718,p02791,u602865659,1588322549,C++,C++14 (GCC 5.4.1),cpp,Accepted,62,1024,694,
s962461680,p02791,u114407770,1588318639,C++,C++14 (GCC 5.4.1),cpp,Accepted,60,1024,248,
s456508828,p02791,u548791035,1588304962,C++,C++14 (GCC 5.4.1),cpp,Accepted,18,256,791,
s227405786,p02791,u938988866,1588297292,C++,C++14 (GCC 5.4.1),cpp,Accepted,64,2688,623,
s513363641,p02791,u626881915,1588286848,Python,PyPy3 (2.4.0),py,Accepted,255,75856,133,
s176952047,p02791,u979944294,1588283112,C++,C++14 (GCC 5.4.1),cpp,Wrong Answer,2103,1024,363,
s118958163,p02791,u423839550,1588281404,C++,C++14 (GCC 5.4.1),cpp,Accepted,79,256,256,
s355681522,p02791,u870307668,1588280756,C++,C++14 (GCC 5.4.1),cpp,Accepted,28,2560,1996,
s987489897,p02791,u923270446,1588280055,Python,Python (3.4.3),py,Accepted,104,24744,154,
s713702072,p02791,u798093965,1588277322,Python,PyPy3 (2.4.0),py,Accepted,258,75472,137,
s053795000,p02791,u798093965,1588276885,Python,PyPy3 (2.4.0),py,Time Limit Exceeded,2111,136884,119,
s101539314,p02791,u798093965,1588276823,Python,PyPy3 (2.4.0),py,Wrong Answer,2110,182736,139,
s111863283,p02791,u798093965,1588276632,Python,PyPy3 (2.4.0),py,Time Limit Exceeded,2108,77548,134,
s921292775,p02791,u761857749,1588276624,C++,C++14 (GCC 5.4.1),cpp,Accepted,18,1024,691,
s887484281,p02791,u798093965,1588276449,Python,PyPy3 (2.4.0),py,Time Limit Exceeded,2112,138608,130,
s794831142,p02791,u798093965,1588275530,Python,PyPy3 (2.4.0),py,Time Limit Exceeded,2107,77536,134,
s336119405,p02791,u748819456,1588275508,C++,C++14 (GCC 5.4.1),cpp,Accepted,65,1024,339,
s688820585,p02791,u614181788,1588275220,Python,PyPy3 (2.4.0),py,Time Limit Exceeded,2113,137092,191,
s584483231,p02791,u614181788,1588275182,Python,Python (3.4.3),py,Time Limit Exceeded,2104,24744,191,
s395845610,p02791,u368039995,1588267034,C++,C++14 (GCC 5.4.1),cpp,Accepted,18,1792,2277,
s091942689,p02791,u367694521,1588266257,C++,C++14 (GCC 5.4.1),cpp,Accepted,90,11264,475,
s379610109,p02791,u368039995,1588266226,C++,C++14 (GCC 5.4.1),cpp,Wrong Answer,19,1792,2274,
s013261832,p02791,u806417535,1588266191,C++,C++14 (GCC 5.4.1),cpp,Accepted,60,1024,393,
s143878913,p02791,u859566721,1588264609,C++,C++14 (GCC 5.4.1),cpp,Accepted,66,1400,358,
s206898198,p02791,u396266329,1588263735,C++,C++14 (GCC 5.4.1),cpp,Accepted,77,256,410,
s612048915,p02791,u671060652,1588262739,Python,PyPy3 (2.4.0),py,Accepted,243,75472,188,
s510749097,p02791,u671060652,1588261971,Python,PyPy3 (2.4.0),py,Time Limit Exceeded,2111,136804,144,
s015577956,p02791,u671060652,1588261235,Python,PyPy3 (2.4.0),py,Time Limit Exceeded,2108,77520,237,
s328632446,p02791,u356640380,1588257370,C++,C++14 (GCC 5.4.1),cpp,Accepted,60,1024,372,
s092085005,p02791,u356640380,1588256629,C++,C++14 (GCC 5.4.1),cpp,Time Limit Exceeded,2103,1024,427,
s589030914,p02791,u111285482,1588255867,Java,Java8 (OpenJDK 1.8.0),java,Accepted,104,22096,2821,
s017813525,p02791,u670815700,1588250713,C++,C++14 (GCC 5.4.1),cpp,Accepted,76,384,692,
s438258728,p02791,u578694888,1588243096,Python,Python (3.4.3),py,Accepted,107,24744,168,
s008286598,p02791,u491330513,1588242427,C++,C++14 (GCC 5.4.1),cpp,Accepted,61,1024,374,
s796252432,p02791,u971811058,1588239404,C++,C++14 (GCC 5.4.1),cpp,Accepted,19,1792,872,
s421545594,p02791,u971811058,1588239014,C++,C++14 (GCC 5.4.1),cpp,Time Limit Exceeded,2103,1792,910,
s017762962,p02791,u971811058,1588238167,C++,C++14 (GCC 5.4.1),cpp,Time Limit Exceeded,2103,1792,934,
s623117890,p02791,u971811058,1588237983,C++,C++14 (GCC 5.4.1),cpp,Time Limit Exceeded,2103,1792,933,
s172050041,p02791,u848518411,1588230163,C++,C++14 (GCC 5.4.1),cpp,Accepted,66,1024,470,
s821525063,p02791,u848518411,1588230014,C++,C++14 (GCC 5.4.1),cpp,Wrong Answer,61,1024,472,
s686173974,p02791,u848518411,1588229770,C++,C++14 (GCC 5.4.1),cpp,Wrong Answer,60,1024,688,
s475093482,p02791,u848518411,1588229734,C++,C++14 (GCC 5.4.1),cpp,Wrong Answer,61,1024,689,
s400098776,p02791,u848518411,1588229496,C++,C++14 (GCC 5.4.1),cpp,Wrong Answer,62,1024,692,
s471596098,p02791,u848518411,1588229390,C++,C++14 (GCC 5.4.1),cpp,Wrong Answer,60,1024,709,
s753569574,p02791,u848518411,1588228809,C++,C++14 (GCC 5.4.1),cpp,Wrong Answer,69,1024,707,
s957523865,p02791,u848518411,1588228757,C++,C++14 (GCC 5.4.1),cpp,Wrong Answer,62,1024,706,
s296551688,p02791,u848518411,1588228236,C++,C++14 (GCC 5.4.1),cpp,Wrong Answer,2103,1024,699,
s801090599,p02791,u848518411,1588227747,C++,C++14 (GCC 5.4.1),cpp,Wrong Answer,2103,1024,610,
s723437133,p02791,u848518411,1588227457,C++,C++14 (GCC 5.4.1),cpp,Wrong Answer,2103,1024,744,
s024089696,p02791,u848518411,1588226210,C++,C++14 (GCC 5.4.1),cpp,Wrong Answer,2103,1024,501,
s358471557,p02791,u848518411,1588225901,C++,C++14 (GCC 5.4.1),cpp,Time Limit Exceeded,2103,1024,563,
s061824513,p02791,u367130284,1588214201,Python,Python (3.4.3),py,Time Limit Exceeded,2104,25116,277,
s896644746,p02791,u640845358,1588207806,Java,Java8 (OpenJDK 1.8.0),java,Accepted,587,65000,459,
s534633247,p02791,u424374375,1588207473,C++,C++14 (GCC 5.4.1),cpp,Accepted,63,1152,319,
s180651821,p02791,u688564053,1588198881,Python,PyPy3 (2.4.0),py,Accepted,256,75600,160,
s823920236,p02791,u688564053,1588197750,Python,PyPy3 (2.4.0),py,Time Limit Exceeded,2107,119212,165,
s318213022,p02791,u688564053,1588197628,Python,PyPy3 (2.4.0),py,Runtime Error,167,38256,190,
s435032569,p02791,u375193358,1588196480,Python,Python (3.4.3),py,Accepted,90,24744,157,
s323367010,p02791,u796842765,1588196424,Python,Python (3.4.3),py,Accepted,114,24872,178,
s435991227,p02791,u796842765,1588196132,Python,Python (3.4.3),py,Wrong Answer,127,24744,172,
s754272782,p02791,u796842765,1588195970,Python,Python (3.4.3),py,Wrong Answer,109,24744,138,
s518464616,p02791,u150861392,1588192977,C++,C++14 (GCC 5.4.1),cpp,Accepted,77,256,273,
s373466357,p02791,u196953553,1588192347,C++,C++14 (GCC 5.4.1),cpp,Accepted,60,384,397,
s859591000,p02791,u444722572,1588189811,Python,Python (3.4.3),py,Time Limit Exceeded,2104,24744,133,
s098890798,p02791,u444722572,1588189376,Python,PyPy3 (2.4.0),py,Time Limit Exceeded,2111,136760,133,
s213467357,p02791,u444722572,1588189181,Python,PyPy3 (2.4.0),py,Time Limit Exceeded,2107,75344,210,
s871483730,p02791,u904081717,1588188947,Python,Python (3.4.3),py,Accepted,165,24744,271,
s897821327,p02791,u904081717,1588188907,Python,Python (3.4.3),py,Runtime Error,18,3060,266,
s970254512,p02791,u583701239,1588188703,C++,C++14 (GCC 5.4.1),cpp,Accepted,76,256,351,
s970072398,p02791,u485319545,1588188157,Python,Python (3.4.3),py,Time Limit Exceeded,2109,26012,269,
s535556201,p02791,u445619807,1588185261,C++,C++14 (GCC 5.4.1),cpp,Accepted,59,256,319,
s275892604,p02791,u733654888,1588185194,Java,Java8 (OpenJDK 1.8.0),java,Accepted,580,63624,430,
s517626123,p02791,u214712859,1588185139,C++,C++14 (GCC 5.4.1),cpp,Accepted,70,2420,1137,
s167499050,p02791,u470123394,1588179025,C++,C++14 (GCC 5.4.1),cpp,Accepted,60,1024,496,
s691141821,p02791,u130651752,1588178210,C++,C++14 (GCC 5.4.1),cpp,Accepted,63,1024,283,
s599614534,p02791,u443971699,1588178148,C++,C++14 (GCC 5.4.1),cpp,Accepted,60,1792,449,
s446305492,p02791,u443971699,1588178054,C++,C++14 (GCC 5.4.1),cpp,Compile Error,,,448,
s596853980,p02791,u130651752,1588178025,C++,C++14 (GCC 5.4.1),cpp,Time Limit Exceeded,2103,1024,361,
s444248272,p02791,u130651752,1588177894,C++,C++14 (GCC 5.4.1),cpp,Time Limit Exceeded,2103,1024,345,
s380688054,p02791,u331464808,1588169769,C++,C++14 (GCC 5.4.1),cpp,Accepted,63,1024,431,
s914876109,p02791,u303621502,1588169706,C++,C++14 (GCC 5.4.1),cpp,Accepted,76,1024,182,
s472798182,p02791,u303621502,1588168849,C++,C++14 (GCC 5.4.1),cpp,Time Limit Exceeded,2103,1024,251,
s642837617,p02791,u674120728,1588168259,C++,C++14 (GCC 5.4.1),cpp,Accepted,64,1024,436,
s554017873,p02791,u674120728,1588167662,C++,C++14 (GCC 5.4.1),cpp,Wrong Answer,60,1024,409,
s859782046,p02791,u590057656,1588167532,C++,C++14 (GCC 5.4.1),cpp,Accepted,18,256,461,
s984077898,p02791,u254015449,1588166722,C++,C++14 (GCC 5.4.1),cpp,Accepted,61,2548,972,
s975093057,p02791,u000993607,1588166014,C++,C++14 (GCC 5.4.1),cpp,Accepted,60,1024,458,
s790255706,p02791,u969133463,1588164177,C++,C++14 (GCC 5.4.1),cpp,Accepted,81,1024,452,
s356681782,p02791,u969133463,1588163641,C++,C++14 (GCC 5.4.1),cpp,Time Limit Exceeded,2107,1024,479,
s188571609,p02791,u969133463,1588161970,C++,C++14 (GCC 5.4.1),cpp,Time Limit Exceeded,2103,1024,564,
s642126993,p02791,u969133463,1588161741,C++,C++14 (GCC 5.4.1),cpp,Time Limit Exceeded,2103,1024,559,
s823526527,p02791,u095414611,1588161634,C++,C++14 (GCC 5.4.1),cpp,Accepted,60,1152,403,
s547623818,p02791,u095414611,1588161592,C++,C++14 (GCC 5.4.1),cpp,Compile Error,,,404,
s648410270,p02791,u969133463,1588161565,C++,C++14 (GCC 5.4.1),cpp,Time Limit Exceeded,2103,1024,516,
s893665744,p02791,u969133463,1588161437,C++,C++14 (GCC 5.4.1),cpp,Time Limit Exceeded,2103,1024,502,
s349037054,p02791,u095414611,1588160973,C++,C++14 (GCC 5.4.1),cpp,Runtime Error,106,1024,424,
s413957535,p02791,u095414611,1588160854,C++,C++14 (GCC 5.4.1),cpp,Runtime Error,101,1024,422,
s693027587,p02791,u235376569,1588159247,Python,Python (3.4.3),py,Accepted,137,25768,144,
s431232647,p02791,u583701239,1588155960,C++,C++14 (GCC 5.4.1),cpp,Time Limit Exceeded,2103,1024,397,
s376119591,p02791,u265118937,1588155763,Python,PyPy3 (2.4.0),py,Accepted,248,75472,218,
s798192507,p02791,u265118937,1588151867,Python,PyPy3 (2.4.0),py,Wrong Answer,2108,77536,362,
s977932149,p02791,u265118937,1588151536,Python,Python (3.4.3),py,Wrong Answer,2105,26012,362,
s630258845,p02791,u199574042,1588149950,C++,C++14 (GCC 5.4.1),cpp,Accepted,59,1792,925,
s418433277,p02791,u453306058,1588148335,Python,Python (3.4.3),py,Accepted,107,24744,191,
s452852610,p02791,u642644749,1588132577,C++,C++14 (GCC 5.4.1),cpp,Accepted,18,256,1444,
s503684972,p02791,u111342448,1588128868,Rust,Rust (1.15.1),rs,Accepted,14,8444,1558,
s859120407,p02791,u111342448,1588128665,Rust,Rust (1.15.1),rs,Accepted,14,8444,1559,
s642674200,p02791,u111342448,1588128476,Rust,Rust (1.15.1),rs,Accepted,14,8444,1556,
s903874800,p02791,u111342448,1588127771,Rust,Rust (1.15.1),rs,Time Limit Exceeded,2103,8444,1492,
s574100568,p02791,u111342448,1588126986,Rust,Rust (1.15.1),rs,Time Limit Exceeded,2103,8444,1491,
s049079836,p02791,u240031669,1588115111,C++,C++14 (GCC 5.4.1),cpp,Accepted,60,3328,2730,
s070296354,p02791,u169350228,1588113268,Python,Python (3.4.3),py,Accepted,243,33172,171,
s877643544,p02791,u169350228,1588113203,Python,Python (3.4.3),py,Wrong Answer,352,33036,169,
s532756987,p02791,u169350228,1588113083,Python,Python (3.4.3),py,Wrong Answer,284,33036,181,
s063017535,p02791,u361557064,1588112400,C++,C++14 (GCC 5.4.1),cpp,Accepted,60,1024,292,
s530555859,p02791,u361557064,1588111860,C++,C++14 (GCC 5.4.1),cpp,Time Limit Exceeded,2103,1024,409,
s115686871,p02791,u361557064,1588111597,C++,C++14 (GCC 5.4.1),cpp,Time Limit Exceeded,2103,1024,410,
s691999775,p02791,u480300350,1588107372,Python,Python (3.4.3),py,Accepted,80,25716,2587,
s408993384,p02791,u531436689,1588107110,C++,C++14 (GCC 5.4.1),cpp,Accepted,60,1792,1179,
s437321494,p02791,u782064792,1588104387,C++,C++14 (GCC 5.4.1),cpp,Accepted,60,1792,436,
s363307450,p02791,u227085629,1588104280,Python,Python (3.4.3),py,Accepted,91,24744,127,
s039055226,p02791,u093792099,1588100304,C++,C++14 (GCC 5.4.1),cpp,Accepted,19,1024,1244,
s815285860,p02791,u823885866,1588093032,Python,Python (3.4.3),py,Accepted,93,24596,206,
s183299590,p02791,u607728868,1588088573,C++,C++14 (GCC 5.4.1),cpp,Accepted,79,256,219,
s923425173,p02791,u607728868,1588088055,C++,C++14 (GCC 5.4.1),cpp,Wrong Answer,78,256,220,
s036545233,p02791,u607728868,1588087953,C++,C++14 (GCC 5.4.1),cpp,Wrong Answer,77,256,218,
s713391068,p02791,u872158847,1588085866,C++,C++14 (GCC 5.4.1),cpp,Accepted,76,256,368,
s083405358,p02791,u169702930,1588085054,Python,Python (3.4.3),py,Accepted,96,24744,156,
s899517478,p02791,u132687480,1588083568,Python,Python (3.4.3),py,Accepted,88,26012,282,
s454588870,p02791,u564626858,1588074710,Python,Python (3.4.3),py,Wrong Answer,490,29728,282,
s347228702,p02791,u696444274,1588073443,Python,Python (3.4.3),py,Accepted,120,24744,213,
s102365578,p02791,u696444274,1588072400,Python,Python (3.4.3),py,Wrong Answer,110,24744,180,
s080359905,p02791,u696444274,1588072324,Python,Python (3.4.3),py,Wrong Answer,110,24744,179,
s050546004,p02791,u488424305,1588068074,Nim,Nim (0.13.0),nim,Accepted,31,13824,164,
s491433298,p02791,u902149880,1588055747,C++,C++14 (GCC 5.4.1),cpp,Accepted,63,1792,856,
s801252006,p02791,u790908308,1588048991,C++,C++14 (GCC 5.4.1),cpp,Accepted,25,1792,905,
s122738538,p02791,u103030587,1588048933,C++,C++14 (GCC 5.4.1),cpp,Accepted,77,1024,530,
s390666307,p02791,u103030587,1588048875,C++,C++14 (GCC 5.4.1),cpp,Runtime Error,139,640,530,
s689739072,p02791,u567661286,1588048751,C++,C++14 (GCC 5.4.1),cpp,Accepted,26,1024,1201,
s499370080,p02791,u567661286,1588047820,C++,C++14 (GCC 5.4.1),cpp,Wrong Answer,27,1024,1201,
s327929718,p02791,u772510085,1588047772,C++,C++14 (GCC 5.4.1),cpp,Accepted,19,1024,431,
s869547817,p02791,u437229403,1588047275,C++,C++14 (GCC 5.4.1),cpp,Accepted,60,1792,922,
s798100076,p02791,u619144316,1588041118,Python,Python (3.4.3),py,Accepted,93,24744,137,
s932051483,p02791,u577511087,1588038062,C++,C++14 (GCC 5.4.1),cpp,Accepted,59,1792,767,
s543228230,p02791,u577511087,1588037742,C++,C++14 (GCC 5.4.1),cpp,Time Limit Exceeded,2103,1792,852,
s057195339,p02791,u577511087,1588037281,C++,C++14 (GCC 5.4.1),cpp,Wrong Answer,60,1792,525,
s637005943,p02791,u690037900,1588032975,Python,Python (3.4.3),py,Accepted,216,29380,235,
s844469309,p02791,u690037900,1588032203,Python,Python (3.4.3),py,Wrong Answer,115,20348,168,
s779658884,p02791,u690037900,1588032120,Python,Python (3.4.3),py,Wrong Answer,116,20348,168,
s912073773,p02791,u373661220,1588023818,C++,C++14 (GCC 5.4.1),cpp,Accepted,60,1024,314,
s849961419,p02791,u027762862,1588022882,C++,C++14 (GCC 5.4.1),cpp,Accepted,77,1024,439,
s030521733,p02791,u595289165,1588020771,JavaScript,JavaScript (node.js v5.12),js,Accepted,104,21216,379,
s187247476,p02791,u489823438,1588018397,C++,C++14 (GCC 5.4.1),cpp,Accepted,63,1024,765,
s759925043,p02791,u212831449,1588014131,Python,Python (3.4.3),py,Accepted,131,24744,166,
s830836483,p02791,u395676079,1588011509,C++,C++14 (GCC 5.4.1),cpp,Accepted,64,1024,653,
s262400669,p02791,u466371843,1588011460,Java,Java8 (OpenJDK 1.8.0),java,Accepted,576,86400,508,
s720493038,p02791,u420245204,1588006106,C++,C++14 (GCC 5.4.1),cpp,Accepted,18,256,1501,
s572651083,p02791,u128527648,1587999976,C++,C++14 (GCC 5.4.1),cpp,Accepted,18,1792,1283,
s509486469,p02791,u755180064,1587997470,Python,Python (3.4.3),py,Accepted,76,24744,231,
s212894424,p02791,u755180064,1587995403,Python,Python (3.4.3),py,Wrong Answer,89,24744,221,
s305772193,p02791,u329785342,1587994134,Python,Python (3.4.3),py,Accepted,108,24744,194,
s785533519,p02791,u329785342,1587993344,Python,Python (3.4.3),py,Time Limit Exceeded,2104,24744,166,
s361897208,p02791,u372319000,1587991962,C++,C++14 (GCC 5.4.1),cpp,Runtime Error,97,256,266,
s110737015,p02791,u372319000,1587990559,C++,C++14 (GCC 5.4.1),cpp,Runtime Error,99,256,263,
s443659428,p02791,u798260206,1587990423,Python,Python (3.4.3),py,Accepted,127,24744,163,
s906374953,p02791,u798260206,1587989849,Python,Python (3.4.3),py,Wrong Answer,109,24744,134,
s740902981,p02791,u585678284,1587984272,C++,C++14 (GCC 5.4.1),cpp,Accepted,18,1024,699,
s838393831,p02791,u687159441,1587957064,Python,Python (3.4.3),py,Accepted,110,24744,286,
s536977669,p02791,u493080913,1587950144,C++,C++14 (GCC 5.4.1),cpp,Accepted,76,256,348,
s902720740,p02791,u687159441,1587943089,Python,Python (3.4.3),py,Time Limit Exceeded,2104,24744,428,
s995944076,p02791,u493080913,1587939983,C++,C++14 (GCC 5.4.1),cpp,Wrong Answer,78,384,321,
s924163520,p02791,u227604873,1587939108,C++,C++14 (GCC 5.4.1),cpp,Accepted,63,1024,342,
s913681463,p02791,u136086822,1587934354,C++,C++14 (GCC 5.4.1),cpp,Accepted,132,9600,329,
s433537886,p02791,u041117654,1587932164,C++,C++14 (GCC 5.4.1),cpp,Accepted,18,256,738,
s769045695,p02791,u944733909,1587930593,Ruby,Ruby (2.3.3),rb,Wrong Answer,111,15236,143,
s784027526,p02791,u944733909,1587930152,Ruby,Ruby (2.3.3),rb,Wrong Answer,113,15236,143,
s046567242,p02791,u010004797,1587926768,C++,C++14 (GCC 5.4.1),cpp,Accepted,18,256,2133,
s857358618,p02791,u577926181,1587926367,C++,C++14 (GCC 5.4.1),cpp,Accepted,18,1792,1030,
s831013539,p02791,u106181248,1587925847,Python,PyPy3 (2.4.0),py,Accepted,254,75600,147,
s245795341,p02791,u891847179,1587923648,C++,C++14 (GCC 5.4.1),cpp,Accepted,19,1792,3143,
s133023683,p02791,u773265208,1587923580,Python,Python (3.4.3),py,Wrong Answer,183,24744,262,
s165161848,p02791,u759109971,1587923037,C++,C++14 (GCC 5.4.1),cpp,Accepted,61,1024,1568,
s195127347,p02791,u759109971,1587922974,C++,C++14 (GCC 5.4.1),cpp,Wrong Answer,60,1024,1566,
s767747860,p02791,u759109971,1587922765,C++,C++14 (GCC 5.4.1),cpp,Wrong Answer,60,1024,1878,
s780999988,p02791,u823855263,1587922295,C++,C++14 (GCC 5.4.1),cpp,Accepted,64,1920,469,
s157128286,p02791,u759109971,1587922229,C++,C++14 (GCC 5.4.1),cpp,Wrong Answer,2103,1024,1932,
s693925457,p02791,u823855263,1587922224,C++,C++14 (GCC 5.4.1),cpp,Wrong Answer,67,1792,440,
s788709860,p02791,u759109971,1587921976,C++,C++14 (GCC 5.4.1),cpp,Wrong Answer,63,1024,1907,
s532382073,p02791,u823855263,1587921919,C++,C++14 (GCC 5.4.1),cpp,Wrong Answer,61,1792,471,
s484406015,p02791,u641900703,1587920494,C++,C++14 (GCC 5.4.1),cpp,Accepted,77,256,239,
s345672889,p02791,u616017354,1587920457,C++,C++14 (GCC 5.4.1),cpp,Accepted,77,1024,472,
s709008249,p02791,u616017354,1587920404,C++,C++14 (GCC 5.4.1),cpp,Runtime Error,121,384,471,
s469320368,p02791,u641900703,1587919758,C++,C++14 (GCC 5.4.1),cpp,Time Limit Exceeded,2103,1024,373,
s253593289,p02791,u188226132,1587919672,Python,PyPy3 (2.4.0),py,Accepted,259,75472,225,
s827382325,p02791,u038569501,1587919288,C++,C++14 (GCC 5.4.1),cpp,Accepted,77,256,277,
s077682557,p02791,u188226132,1587917791,Python,PyPy3 (2.4.0),py,Time Limit Exceeded,2108,75472,266,
s266616842,p02791,u250996767,1587917112,C++,C++14 (GCC 5.4.1),cpp,Accepted,21,1792,1215,
s876133606,p02791,u466371843,1587916756,Java,Java8 (OpenJDK 1.8.0),java,Accepted,547,65304,501,
s009819089,p02791,u095834727,1587916155,Rust,Rust (1.15.1),rs,Accepted,44,8700,141579,
s906290436,p02791,u805552010,1587916052,Python,Python (3.4.3),py,Accepted,134,26012,154,
s225187590,p02791,u310855433,1587915719,C++,C++14 (GCC 5.4.1),cpp,Time Limit Exceeded,2103,1024,485,
s219853942,p02791,u867826040,1587915051,Python,Python (3.4.3),py,Accepted,147,24744,147,
s075613925,p02791,u310855433,1587914351,C++,C++14 (GCC 5.4.1),cpp,Time Limit Exceeded,2103,1024,541,
s748559123,p02791,u280097533,1587913637,C++,C++14 (GCC 5.4.1),cpp,Accepted,67,1024,312,
s928888976,p02791,u759109971,1587913040,C++,C++14 (GCC 5.4.1),cpp,Wrong Answer,2103,1024,1894,
s177999520,p02791,u748311048,1587911889,Python,Python (3.4.3),py,Accepted,119,24744,167,
s964858678,p02791,u759109971,1587911602,C++,C++14 (GCC 5.4.1),cpp,Time Limit Exceeded,2103,1024,1654,
s047010588,p02791,u809967037,1587910954,C++,C++14 (GCC 5.4.1),cpp,Accepted,18,1792,6570,
s893174966,p02791,u740909619,1587908762,Python,Python (3.4.3),py,Accepted,109,24744,158,
s169107786,p02791,u232011870,1587907740,C++,C++14 (GCC 5.4.1),cpp,Accepted,61,2548,791,
s567345667,p02791,u543584809,1587907507,C++,C++14 (GCC 5.4.1),cpp,Accepted,60,1024,361,
s594401914,p02791,u232011870,1587906896,C++,C++14 (GCC 5.4.1),cpp,Time Limit Exceeded,2103,1400,615,
s676471717,p02791,u636683284,1587905604,Python,PyPy3 (2.4.0),py,Accepted,253,75472,153,
s380458264,p02791,u652445326,1587904192,Python,Python (3.4.3),py,Accepted,111,24744,171,
s599803818,p02791,u912952979,1587902789,C++,C++14 (Clang 3.8.0),cpp,Accepted,169,1400,489,
s556908446,p02791,u257402864,1587898683,C++,C++14 (GCC 5.4.1),cpp,Accepted,60,1400,502,
s901729420,p02791,u225642513,1587896909,C++,C++14 (GCC 5.4.1),cpp,Accepted,76,256,554,
s349765281,p02791,u220428866,1587895648,C++,C++14 (GCC 5.4.1),cpp,Accepted,61,1024,1248,
s441731009,p02791,u048400646,1587893980,C++,C++14 (GCC 5.4.1),cpp,Accepted,18,384,2036,
s566516961,p02791,u048400646,1587893786,C++,C++14 (GCC 5.4.1),cpp,Accepted,27,1792,2183,
s698921409,p02791,u342563578,1587891253,Python,Python (3.4.3),py,Accepted,150,24744,164,
s053730021,p02791,u217547685,1587890864,C++,C++14 (GCC 5.4.1),cpp,Accepted,59,1792,376,
s977266279,p02791,u150155436,1587889704,C++,C++14 (GCC 5.4.1),cpp,Accepted,62,1024,299,
s806897958,p02791,u480264129,1587868696,Python,Python (3.4.3),py,Accepted,182,24744,176,
s719023058,p02791,u154148649,1587868547,C++,C++14 (GCC 5.4.1),cpp,Accepted,19,1024,727,
s285650130,p02791,u154148649,1587868467,C++,C++14 (GCC 5.4.1),cpp,Wrong Answer,17,1024,756,
s002276603,p02791,u480264129,1587868150,Python,Python (3.4.3),py,Wrong Answer,172,25768,157,
s315693188,p02791,u699296734,1587860692,Python,Python (3.4.3),py,Accepted,110,24744,179,
s390961177,p02791,u589734885,1587855800,C++,C++14 (GCC 5.4.1),cpp,Accepted,60,1024,1042,
s121593354,p02791,u589734885,1587855595,C++,C++14 (GCC 5.4.1),cpp,Compile Error,,,1041,
s574592618,p02791,u534030822,1587854218,C++,C++14 (GCC 5.4.1),cpp,Accepted,64,1792,746,
s391861983,p02791,u863964720,1587851108,Python,Python (3.4.3),py,Accepted,106,24744,181,
s642598966,p02791,u880966143,1587850877,C++,C++14 (GCC 5.4.1),cpp,Accepted,79,1792,305,
s471913601,p02791,u880966143,1587850204,C++,C++14 (GCC 5.4.1),cpp,Time Limit Exceeded,2103,1024,292,
s480902224,p02791,u589734885,1587849715,C++,C++14 (GCC 5.4.1),cpp,Time Limit Exceeded,2103,1024,1172,
s862995831,p02791,u863964720,1587849487,Python,Python (3.4.3),py,Time Limit Exceeded,2104,24744,197,
s727022769,p02791,u634079249,1587842891,Python,Python (3.4.3),py,Accepted,130,20972,885,
s563120286,p02791,u250554058,1587842565,Python,Python (3.4.3),py,Accepted,116,24744,184,
s661025411,p02791,u250554058,1587842109,Python,Python (3.4.3),py,Time Limit Exceeded,2108,24744,147,
s781285520,p02791,u250554058,1587842004,Python,Python (3.4.3),py,Wrong Answer,2104,24744,171,
s982814415,p02791,u250554058,1587841920,Python,Python (3.4.3),py,Wrong Answer,181,24744,164,
s494205905,p02791,u250554058,1587841743,Python,Python (3.4.3),py,Time Limit Exceeded,2104,24744,153,
s885478058,p02791,u250554058,1587841534,Python,Python (3.4.3),py,Time Limit Exceeded,2104,24744,147,
s136205218,p02791,u250554058,1587838573,Python,Python (3.4.3),py,Wrong Answer,121,24744,144,
s139034824,p02791,u250554058,1587838519,Python,Python (3.4.3),py,Wrong Answer,283,24744,158,
s051336650,p02791,u952081880,1587836590,C++,C++14 (GCC 5.4.1),cpp,Accepted,61,1024,833,
s199625971,p02791,u068750695,1587834453,Python,Python (3.4.3),py,Accepted,106,24744,140,
s378874764,p02791,u426764965,1587834008,C#,C# (Mono 4.6.2.0),cs,Accepted,113,31964,757,
s963330671,p02791,u262597910,1587829481,Python,Python (3.4.3),py,Accepted,104,24744,166,
s734288314,p02791,u756420279,1587828553,Python,Python (3.4.3),py,Accepted,148,24744,193,
s252004782,p02791,u756420279,1587828202,Python,Python (3.4.3),py,Time Limit Exceeded,2104,24744,194,
s172438212,p02791,u708019102,1587827926,Python,Python (3.4.3),py,Accepted,179,25768,201,
s822743679,p02791,u714732628,1587827531,C++,C++ (GCC 5.4.1),cpp,Time Limit Exceeded,2103,1024,891,
s295421921,p02791,u756420279,1587827176,Python,Python (3.4.3),py,Time Limit Exceeded,2104,24744,185,
s389941896,p02791,u411858517,1587822922,Python,Python (3.4.3),py,Accepted,145,24744,183,
s960289707,p02791,u411858517,1587822788,Python,Python (3.4.3),py,Wrong Answer,153,24744,177,
s488737819,p02791,u904995051,1587821720,C++,C++14 (GCC 5.4.1),cpp,Accepted,78,1024,395,
s260777640,p02791,u068750695,1587819154,Python,Python (3.4.3),py,Wrong Answer,167,24744,228,
s320706193,p02791,u068750695,1587818501,Python,Python (3.4.3),py,Wrong Answer,176,25716,264,
s699378613,p02791,u051218477,1587818081,Python,PyPy3 (2.4.0),py,Accepted,263,75472,163,
s392046737,p02791,u051218477,1587817933,Python,PyPy3 (2.4.0),py,Wrong Answer,167,38384,197,
s178113028,p02791,u051218477,1587817300,Python,PyPy3 (2.4.0),py,Time Limit Exceeded,2112,136932,208,
s206837854,p02791,u051218477,1587816873,Python,PyPy3 (2.4.0),py,Time Limit Exceeded,2111,137012,245,
s703889742,p02791,u051218477,1587816462,Python,PyPy3 (2.4.0),py,Time Limit Exceeded,2109,75472,298,
s805172668,p02791,u051218477,1587816377,Python,PyPy3 (2.4.0),py,Time Limit Exceeded,2107,75472,335,
s160459392,p02791,u051218477,1587816247,Python,PyPy3 (2.4.0),py,Time Limit Exceeded,2108,75344,253,
s680487764,p02791,u039189422,1587811583,Python,Python (3.4.3),py,Accepted,107,24744,133,
s628174548,p02791,u039189422,1587811301,Python,Python (3.4.3),py,Wrong Answer,154,24744,155,
s860936469,p02791,u028176029,1587810124,C++,C++14 (GCC 5.4.1),cpp,Accepted,67,1024,548,
s698653882,p02791,u068750695,1587804720,Python,Python (3.4.3),py,Wrong Answer,170,25716,262,
s477333949,p02791,u068750695,1587804121,Python,Python (3.4.3),py,Wrong Answer,164,24744,241,
s196985422,p02791,u188706971,1587800089,C++,C++14 (GCC 5.4.1),cpp,Accepted,60,1792,581,
s374162620,p02791,u866594486,1587779288,Java,Java8 (OpenJDK 1.8.0),java,Accepted,579,65324,336,
s140020491,p02791,u531461815,1587779010,C++,C++14 (GCC 5.4.1),cpp,Accepted,67,1024,371,
s958598965,p02791,u497418592,1587773719,C++,C++14 (GCC 5.4.1),cpp,Accepted,62,1792,502,
s848393987,p02791,u543657872,1587773299,C++,C++14 (GCC 5.4.1),cpp,Accepted,62,1024,523,
s054759405,p02791,u497418592,1587771377,C++,C++14 (GCC 5.4.1),cpp,Time Limit Exceeded,2103,1024,444,
s310466093,p02791,u811445854,1587766692,Ruby,Ruby (2.3.3),rb,Accepted,99,16516,176,
s744147126,p02791,u811445854,1587766180,Ruby,Ruby (2.3.3),rb,Time Limit Exceeded,2112,19204,184,
s075572475,p02791,u811445854,1587765383,Ruby,Ruby (2.3.3),rb,Time Limit Exceeded,2109,20996,259,
s994522991,p02791,u811445854,1587763499,Ruby,Ruby (2.3.3),rb,Wrong Answer,311,24068,272,
s410033703,p02791,u811445854,1587763465,Ruby,Ruby (2.3.3),rb,Wrong Answer,1199,29956,277,
s801720340,p02791,u811445854,1587762681,Ruby,Ruby (2.3.3),rb,Time Limit Exceeded,2108,22020,293,
s079426392,p02791,u481187938,1587762497,Rust,Rust (1.15.1),rs,Accepted,12,8828,313275,
s545207031,p02791,u227412361,1587755828,C++,C++14 (GCC 5.4.1),cpp,Accepted,18,256,557,
s665177127,p02791,u564902833,1587755186,C++,C++14 (GCC 5.4.1),cpp,Wrong Answer,63,1792,2143,
s649092086,p02791,u381717330,1587755046,C++,C++14 (GCC 5.4.1),cpp,Accepted,18,1024,340,
s157969813,p02791,u564902833,1587755014,C++,C++14 (GCC 5.4.1),cpp,Wrong Answer,63,1792,2147,
s674332355,p02791,u598600463,1587750840,C++,C++14 (GCC 5.4.1),cpp,Accepted,61,1152,307,
s395520580,p02791,u014375552,1587745546,C#,C# (Mono 4.6.2.0),cs,Accepted,108,33628,577,
s472136170,p02791,u014375552,1587745261,C#,C# (Mono 4.6.2.0),cs,Wrong Answer,106,35676,489,
s884180824,p02791,u752790428,1587742909,D,D (DMD64 v2.070.1),d,Accepted,38,11408,362,
s887480942,p02791,u706786134,1587742476,Python,Python (3.4.3),py,Accepted,111,24744,184,
s853636092,p02791,u172873334,1587738780,Crystal,Crystal (0.20.5),cr,Accepted,93,16124,138,
s038680677,p02791,u537550206,1587736142,Python,Python (3.4.3),py,Accepted,135,24744,168,
s984830840,p02791,u537550206,1587734493,Python,Python (3.4.3),py,Time Limit Exceeded,2104,24744,169,
s458333629,p02791,u366185462,1587733759,Python,Python (3.4.3),py,Accepted,117,24744,158,
s618025203,p02791,u537550206,1587733706,Python,Python (3.4.3),py,Wrong Answer,99,24744,154,
s176318443,p02791,u366185462,1587733179,Python,Python (3.4.3),py,Time Limit Exceeded,2183,1305272,249,
s047838736,p02791,u366185462,1587732616,Python,Python (3.4.3),py,Time Limit Exceeded,2190,1267416,256,
s068547015,p02791,u366185462,1587732180,Python,Python (3.4.3),py,Time Limit Exceeded,2194,1305276,193,
s573284826,p02791,u229596090,1587731895,C++,C++14 (GCC 5.4.1),cpp,Accepted,76,256,276,
s497405189,p02791,u208464243,1587729922,Python,Python (3.4.3),py,Accepted,112,24744,150,
s011947514,p02791,u208464243,1587729773,Python,Python (3.4.3),py,Accepted,110,24744,193,
s628515068,p02791,u981759938,1587728093,C++,C++14 (GCC 5.4.1),cpp,Accepted,62,1024,587,
s241563489,p02791,u587243477,1587718863,C++,C++14 (GCC 5.4.1),cpp,Accepted,77,1024,1184,
s823332624,p02791,u987575170,1587717529,C++,C++14 (GCC 5.4.1),cpp,Accepted,61,1024,376,
s037754886,p02791,u250757552,1587716990,C++,C++14 (GCC 5.4.1),cpp,Accepted,23,1792,1981,
s837720013,p02791,u306142032,1587716791,C++,C++14 (GCC 5.4.1),cpp,Accepted,19,1024,2357,
s514799447,p02791,u002847662,1587716706,C++,C++14 (GCC 5.4.1),cpp,Accepted,77,1792,356,
s812572577,p02791,u002847662,1587716188,C++,C++14 (GCC 5.4.1),cpp,Time Limit Exceeded,2103,1024,373,
s975049040,p02791,u217547685,1587712045,Python,PyPy3 (2.4.0),py,Accepted,248,75532,182,
s019781515,p02791,u307996432,1587711237,C++,C++14 (GCC 5.4.1),cpp,Accepted,60,1792,3680,
s188212421,p02791,u586121204,1587688609,C++,C++14 (GCC 5.4.1),cpp,Accepted,59,256,480,
s111608203,p02791,u787059958,1587682589,Python,Python (3.4.3),py,Accepted,142,25124,290,
s758706404,p02791,u614875193,1587682124,C++,C++14 (GCC 5.4.1),cpp,Accepted,79,1024,642,
s786858410,p02791,u787059958,1587682107,Python,PyPy3 (2.4.0),py,Accepted,260,75472,184,
s360759609,p02791,u787059958,1587681366,Python,PyPy3 (2.4.0),py,Time Limit Exceeded,2108,77520,186,
s067024173,p02791,u787059958,1587680515,Python,Python (3.4.3),py,Time Limit Exceeded,2104,24744,185,
s893411046,p02791,u464689569,1587679345,Python,Python (3.4.3),py,Accepted,176,24744,147,
s542281115,p02791,u952854963,1587678539,Python,Python (3.4.3),py,Accepted,92,24744,152,
s365043298,p02791,u464689569,1587677566,Python,Python (3.4.3),py,Wrong Answer,115,24744,115,
s846392692,p02791,u415593867,1587676220,C++,C++14 (GCC 5.4.1),cpp,Accepted,18,256,633,
s548019049,p02791,u217547685,1587674366,Python,PyPy3 (2.4.0),py,Accepted,261,75472,188,
s563637393,p02791,u923712635,1587674229,C++,C++14 (GCC 5.4.1),cpp,Accepted,60,1024,756,
s610026630,p02791,u923712635,1587674217,Python,Python (3.4.3),py,Runtime Error,17,2940,756,
s853956835,p02791,u197955752,1587673474,Python,Python (3.4.3),py,Accepted,115,25768,165,
s496127983,p02791,u835283937,1587672974,Python,Python (3.4.3),py,Accepted,91,25768,242,
s839174061,p02791,u650236619,1587671589,C++,C++14 (GCC 5.4.1),cpp,Accepted,77,256,268,
s322171765,p02791,u650236619,1587671400,C++,C++14 (GCC 5.4.1),cpp,Wrong Answer,77,256,266,
s126927095,p02791,u650236619,1587671358,C++,C++14 (GCC 5.4.1),cpp,Compile Error,,,262,
s204440450,p02791,u650236619,1587670201,C++,C++14 (GCC 5.4.1),cpp,Wrong Answer,61,1024,382,
s316901363,p02791,u650236619,1587670171,C++,C++14 (GCC 5.4.1),cpp,Compile Error,,,381,
s361673669,p02791,u650236619,1587670143,C++,C++14 (GCC 5.4.1),cpp,Compile Error,,,377,
s442538115,p02791,u650236619,1587670054,C++,C++14 (GCC 5.4.1),cpp,Compile Error,,,397,
s669150409,p02791,u864551836,1587669962,Python,PyPy3 (2.4.0),py,Accepted,264,75856,178,
s194284378,p02791,u790171360,1587669112,C++,C++14 (GCC 5.4.1),cpp,Accepted,62,256,1137,
s913529497,p02791,u538361257,1587668750,Python,PyPy3 (2.4.0),py,Accepted,247,75344,197,
s007398900,p02791,u274195948,1587666385,C++,C++14 (GCC 5.4.1),cpp,Accepted,119,10368,344,
s672877974,p02791,u553494195,1587662256,PHP,PHP7 (7.0.15),php,Accepted,46,18932,306,
s125605028,p02791,u769447691,1587661523,PHP,PHP7 (7.0.15),php,Accepted,51,18932,224,
s985743010,p02791,u683769494,1587659691,C++,C++14 (GCC 5.4.1),cpp,Accepted,19,2560,1034,
s358599164,p02791,u906839513,1587659630,C++,C++14 (GCC 5.4.1),cpp,Runtime Error,102,256,442,
s108551676,p02791,u906839513,1587659472,C++,C++14 (GCC 5.4.1),cpp,Runtime Error,101,256,442,
s277406194,p02791,u906839513,1587658911,C++,C++14 (GCC 5.4.1),cpp,Time Limit Exceeded,2103,1024,326,
s098238263,p02791,u225388820,1587658234,Python,PyPy3 (2.4.0),py,Accepted,255,75472,143,
s896668636,p02791,u810066979,1587657706,Python,Python (3.4.3),py,Accepted,111,24744,138,
s165932010,p02791,u225388820,1587657519,Python,Python (3.4.3),py,Wrong Answer,110,24744,140,
s031948685,p02791,u225388820,1587657469,Python,Python (3.4.3),py,Wrong Answer,112,24744,137,
s992020441,p02791,u810066979,1587657443,Python,Python (3.4.3),py,Time Limit Exceeded,2104,24744,170,
s099315318,p02791,u225388820,1587657336,Python,Python (3.4.3),py,Wrong Answer,110,24744,133,
s229569915,p02791,u068750695,1587656402,Python,PyPy3 (2.4.0),py,Time Limit Exceeded,2115,136832,132,
s088302833,p02791,u068750695,1587656131,Python,Python (3.4.3),py,Time Limit Exceeded,2104,24744,132,
s298777294,p02791,u012298376,1587652993,C++,C++14 (GCC 5.4.1),cpp,Accepted,19,256,578,
s122321448,p02791,u025047544,1587649115,C,C (Clang 3.8.0),c,Accepted,22,896,289,
s343207444,p02791,u025047544,1587647242,C,C (Clang 3.8.0),c,Accepted,23,896,290,
s559619497,p02791,u045224675,1587646865,C++,C++14 (GCC 5.4.1),cpp,Accepted,63,1024,702,
s348714208,p02791,u025047544,1587646624,C++,C++14 (GCC 5.4.1),cpp,Time Limit Exceeded,2103,896,321,
s998519587,p02791,u481187938,1587646324,Rust,Rust (1.15.1),rs,Accepted,12,8828,313223,
s379619026,p02791,u481187938,1587646207,Rust,Rust (1.15.1),rs,Runtime Error,101,8828,313222,
s516375464,p02791,u481187938,1587646171,Rust,Rust (1.15.1),rs,Runtime Error,101,8828,313211,
s926856648,p02791,u981759938,1587645637,C++,C++14 (GCC 5.4.1),cpp,Accepted,62,1024,588,
s509832756,p02791,u481187938,1587644844,Rust,Rust (1.15.1),rs,Runtime Error,108,8828,313211,
s319060227,p02791,u481187938,1587644718,Rust,Rust (1.15.1),rs,Runtime Error,107,8828,313211,
s603843994,p02791,u981759938,1587643142,C++,C++14 (GCC 5.4.1),cpp,Wrong Answer,77,2304,586,
s301456731,p02791,u646465388,1587641344,C++,C++14 (GCC 5.4.1),cpp,Accepted,60,1024,336,
s048605334,p02791,u646465388,1587640618,C++,C++14 (GCC 5.4.1),cpp,Wrong Answer,60,1024,301,
s238689262,p02791,u646465388,1587640364,C++,C++14 (GCC 5.4.1),cpp,Time Limit Exceeded,2103,1024,352,
s045282400,p02791,u068750695,1587636576,Python,PyPy3 (2.4.0),py,Time Limit Exceeded,2107,75704,168,
s902755811,p02791,u068750695,1587636482,Python,Python (3.4.3),py,Time Limit Exceeded,2104,24744,168,
s175902884,p02791,u330169562,1587635943,Python,Python (3.4.3),py,Accepted,116,24744,187,
s813492587,p02791,u216264338,1587632226,Rust,Rust (1.15.1),rs,Accepted,11,8444,473,
s946014735,p02791,u091852005,1587625460,Python,Python (3.4.3),py,Accepted,153,24744,166,
s432320209,p02791,u734834944,1587620566,C++,C++14 (GCC 5.4.1),cpp,Accepted,18,256,462,
s307152821,p02791,u957398141,1587599571,C++,C++14 (GCC 5.4.1),cpp,Accepted,76,256,338,
s645474737,p02791,u907074633,1587595304,C++,C++14 (GCC 5.4.1),cpp,Accepted,64,1792,439,
s503106046,p02791,u211805975,1587593080,Python,Python (3.4.3),py,Accepted,132,24744,273,
s901651744,p02791,u517348254,1587590813,C++,C++14 (GCC 5.4.1),cpp,Accepted,63,1024,814,
s819880329,p02791,u075250977,1587590776,C++,C++14 (GCC 5.4.1),cpp,Accepted,78,256,304,
s989283812,p02791,u517348254,1587590669,C++,C++14 (GCC 5.4.1),cpp,Wrong Answer,60,1024,814,
s625669181,p02791,u907074633,1587590232,C++,C++14 (GCC 5.4.1),cpp,Time Limit Exceeded,2103,1024,363,
s933640313,p02791,u932514381,1587589742,C,C (GCC 5.4.1),c,Accepted,22,896,305,
s438882329,p02791,u932514381,1587589691,C,C (GCC 5.4.1),c,Wrong Answer,22,896,307,
s906775461,p02791,u182144711,1587588481,C++,C++14 (GCC 5.4.1),cpp,Accepted,18,1024,613,
s148736525,p02791,u182144711,1587588146,C++,C++14 (GCC 5.4.1),cpp,Time Limit Exceeded,2103,1024,596,
s778674983,p02791,u932514381,1587587745,C,C (GCC 5.4.1),c,Wrong Answer,22,896,269,
s320375005,p02791,u069652661,1587582239,C++,C++14 (GCC 5.4.1),cpp,Accepted,61,1024,386,
s962069789,p02791,u034323841,1587574613,C,C (GCC 5.4.1),c,Accepted,29,896,280,
s552270880,p02791,u487044452,1587573472,Python,Python (3.4.3),py,Accepted,144,24744,212,
s897567988,p02791,u221161163,1587572259,C++,C++14 (GCC 5.4.1),cpp,Accepted,79,1024,396,
s325738913,p02791,u221161163,1587571527,C++,C++14 (GCC 5.4.1),cpp,Time Limit Exceeded,2103,1024,526,
s906320864,p02791,u122839190,1587570360,C++,C++14 (GCC 5.4.1),cpp,Accepted,66,2168,457,
s234680469,p02791,u726173718,1587564981,Lua,LuaJIT (2.0.4),lua,Accepted,49,2304,237,
s028245488,p02791,u869919607,1587559648,C++,C++14 (GCC 5.4.1),cpp,Accepted,123,15872,2019,
s894022438,p02791,u564037510,1587556021,C++,C++14 (GCC 5.4.1),cpp,Accepted,63,3328,1133,
s928228863,p02791,u686962993,1587554842,C++,C++14 (GCC 5.4.1),cpp,Accepted,19,256,338,
s108803736,p02791,u482982799,1587546489,C++,C++14 (GCC 5.4.1),cpp,Accepted,61,1792,338,
s047003061,p02791,u482982799,1587545989,C++,C++14 (GCC 5.4.1),cpp,Time Limit Exceeded,2103,1024,342,
s656686707,p02791,u376366206,1587535371,PHP,PHP7 (7.0.15),php,Accepted,63,18932,238,
s761173195,p02791,u131131890,1587525103,Go,Go (1.6),go,Accepted,952,7424,399,
s823942885,p02791,u211805975,1587508437,Python,Python (3.4.3),py,Wrong Answer,177,24744,279,
s546133639,p02791,u913662443,1587507965,Python,Python (3.4.3),py,Accepted,113,26012,192,
s025138089,p02791,u211805975,1587507637,Python,Python (3.4.3),py,Time Limit Exceeded,2104,24744,184,
s846433399,p02791,u460009487,1587507534,Go,Go (1.6),go,Accepted,39,2048,389,
s370404072,p02791,u460009487,1587507130,Go,Go (1.6),go,Accepted,942,6400,299,
s822189363,p02791,u460009487,1587506556,Go,Go (1.6),go,Wrong Answer,872,8192,272,
s869265337,p02791,u891422384,1587503401,Python,Python (3.4.3),py,Accepted,110,24744,157,
s930384507,p02791,u891422384,1587502536,Python,Python (3.4.3),py,Time Limit Exceeded,2104,24744,383,
s619408208,p02791,u891422384,1587501557,Python,Python (3.4.3),py,Time Limit Exceeded,2104,24744,208,
s408195403,p02791,u530335051,1587498710,Python,Python (3.4.3),py,Accepted,114,25768,171,
s930492317,p02791,u650236619,1587497395,C++,C++14 (GCC 5.4.1),cpp,Wrong Answer,2103,1024,314,
s066390130,p02791,u409390792,1587495296,Ruby,Ruby (2.3.3),rb,Accepted,104,16516,168,
s890559966,p02791,u845468321,1587489959,Python,Python (3.4.3),py,Time Limit Exceeded,2108,24744,186,
s949937751,p02791,u845468321,1587489524,Python,Python (3.4.3),py,Time Limit Exceeded,2104,24872,168,
s959076819,p02791,u845468321,1587484528,Python,Python (3.4.3),py,Wrong Answer,2104,24744,317,
s331327411,p02791,u878116546,1587480792,C++,C++14 (GCC 5.4.1),cpp,Accepted,18,1792,710,
s124283927,p02791,u878116546,1587479903,C++,C++14 (GCC 5.4.1),cpp,Time Limit Exceeded,2103,1792,785,
s338220553,p02791,u394115537,1587473240,C++,C++14 (GCC 5.4.1),cpp,Accepted,66,1024,632,
s319531617,p02791,u394115537,1587473186,C++,C++14 (GCC 5.4.1),cpp,Wrong Answer,67,1024,630,
s831902081,p02791,u394115537,1587472916,C++,C++14 (GCC 5.4.1),cpp,Time Limit Exceeded,2103,1024,741,
s707361675,p02791,u871244227,1587468901,Java,Java8 (OpenJDK 1.8.0),java,Accepted,500,50944,767,
s113164268,p02791,u610897920,1587464384,C++,C++14 (GCC 5.4.1),cpp,Accepted,58,256,2037,
s893421141,p02791,u343273517,1587464100,C++,C++14 (GCC 5.4.1),cpp,Accepted,81,1024,454,
s173122926,p02791,u692498898,1587457900,Python,Python (3.4.3),py,Accepted,106,24744,130,
s432396015,p02791,u187205913,1587457242,C++,C++14 (GCC 5.4.1),cpp,Accepted,63,1024,286,
s585353838,p02791,u810671118,1587434569,Rust,Rust (1.15.1),rs,Accepted,15,10492,2061,
s406487675,p02791,u440608859,1587432308,Python,Python (3.4.3),py,Accepted,129,24744,245,
s747348674,p02791,u440608859,1587431933,Python,Python (3.4.3),py,Wrong Answer,118,24744,244,
s264413707,p02791,u440608859,1587431728,Python,Python (3.4.3),py,Runtime Error,113,24872,227,
s595914952,p02791,u918808222,1587421207,C++,C++14 (GCC 5.4.1),cpp,Accepted,22,1792,1144,
s926661866,p02791,u596505843,1587420609,Python,PyPy3 (2.4.0),py,Accepted,251,70352,273,
s443565888,p02791,u894471318,1587417847,C++,C++14 (GCC 5.4.1),cpp,Accepted,67,1400,346,
s974877164,p02791,u529722835,1587414298,C++,C++14 (GCC 5.4.1),cpp,Accepted,78,1024,324,
s265680928,p02791,u790461875,1587413297,C++,C++14 (GCC 5.4.1),cpp,Accepted,59,1792,6940,
s174766092,p02791,u629548179,1587405136,C++,C++14 (GCC 5.4.1),cpp,Accepted,60,1024,381,
s067005187,p02791,u629548179,1587405025,C++,C++14 (GCC 5.4.1),cpp,Wrong Answer,63,1152,381,
s878569920,p02791,u629548179,1587404986,C++,C++14 (GCC 5.4.1),cpp,Compile Error,,,379,
s610003665,p02791,u629548179,1587404643,C++,C++14 (GCC 5.4.1),cpp,Wrong Answer,63,1024,398,
s041920985,p02791,u109617108,1587404453,Python,PyPy3 (2.4.0),py,Accepted,276,78672,181,
s425445766,p02791,u163874353,1587391160,Python,PyPy3 (2.4.0),py,Accepted,256,75472,175,
s973087065,p02791,u163874353,1587391109,Python,PyPy3 (2.4.0),py,Runtime Error,200,38676,173,
s505551718,p02791,u932291797,1587390944,C++,C++14 (GCC 5.4.1),cpp,Accepted,77,256,311,
s548256732,p02791,u050087249,1587390895,C++,C++14 (GCC 5.4.1),cpp,Accepted,79,256,291,
s061881005,p02791,u163874353,1587390844,Python,PyPy3 (2.4.0),py,Time Limit Exceeded,2110,137076,138,
s766112359,p02791,u932291797,1587390796,C++,C++14 (GCC 5.4.1),cpp,Wrong Answer,394,1536,340,
s312041070,p02791,u932291797,1587389662,C++,C++14 (GCC 5.4.1),cpp,Wrong Answer,77,256,316,
s404943359,p02791,u131638468,1587388462,Python,Python (3.4.3),py,Accepted,113,24744,138,
s370271604,p02791,u932291797,1587386158,C++,C++14 (GCC 5.4.1),cpp,Time Limit Exceeded,2103,1024,478,
s585521819,p02791,u614314290,1587380216,Python,Python (3.4.3),py,Accepted,226,27676,1112,
s890360002,p02791,u652305319,1587378855,C#,C# (Mono 4.6.2.0),cs,Time Limit Exceeded,2109,35548,394,
s823367190,p02791,u507549471,1587378550,C++,C++14 (GCC 5.4.1),cpp,Accepted,59,1792,308,
s390740852,p02791,u652305319,1587378378,C#,C# (Mono 4.6.2.0),cs,Wrong Answer,2108,31964,394,
s697456388,p02791,u539826121,1587378222,C++,C++14 (GCC 5.4.1),cpp,Accepted,62,1024,630,
s214905302,p02791,u507549471,1587378041,C++,C++14 (GCC 5.4.1),cpp,Wrong Answer,60,256,290,
s226960873,p02791,u207294148,1587374724,Java,Java8 (OpenJDK 1.8.0),java,Accepted,594,85208,550,
s739846961,p02791,u207294148,1587374148,Java,Java8 (OpenJDK 1.8.0),java,Time Limit Exceeded,2109,64892,766,
s179096892,p02791,u207294148,1587373896,Java,Java8 (OpenJDK 1.8.0),java,Time Limit Exceeded,2109,77412,678,
s441257125,p02791,u094654185,1587368635,C++,C++14 (GCC 5.4.1),cpp,Accepted,61,1024,326,
s145816923,p02791,u094654185,1587367983,C++,C++14 (GCC 5.4.1),cpp,Time Limit Exceeded,2103,1024,395,
s398538069,p02791,u324102350,1587367533,Java,Java7 (OpenJDK 1.7.0),java,Accepted,521,76984,416,
s446373888,p02791,u324102350,1587367058,Java,Java7 (OpenJDK 1.7.0),java,Time Limit Exceeded,2109,66036,464,
s545265576,p02791,u453055089,1587355561,Python,PyPy3 (2.4.0),py,Accepted,249,75580,263,
s471706011,p02791,u453055089,1587351083,Python,PyPy3 (2.4.0),py,Wrong Answer,255,75472,248,
s884455507,p02791,u508061226,1587341223,Python,Python (3.4.3),py,Accepted,154,24744,195,
s811234397,p02791,u508061226,1587340775,Python,Python (3.4.3),py,Time Limit Exceeded,2104,24744,163,
s789717868,p02791,u168684371,1587336519,C++,C++14 (GCC 5.4.1),cpp,Accepted,77,256,403,
s951046688,p02791,u351892848,1587334141,C++,C++14 (GCC 5.4.1),cpp,Accepted,77,256,310,
s630526123,p02791,u652656291,1587326218,Python,Python (3.4.3),py,Accepted,94,24744,140,
s812143613,p02791,u652656291,1587326184,Python,Python (3.4.3),py,Runtime Error,17,2940,141,
s962565979,p02791,u652656291,1587324359,Python,Python (3.4.3),py,Runtime Error,17,2940,141,
s071176755,p02791,u652656291,1587324330,Python,Python (3.4.3),py,Runtime Error,17,2940,141,
s268662741,p02791,u652656291,1587324185,Python,Python (3.4.3),py,Runtime Error,17,2940,122,
s816054056,p02791,u033524082,1587321675,Python,Python (3.4.3),py,Accepted,116,24744,146,
s444900813,p02791,u442591725,1587320411,C++,C++14 (GCC 5.4.1),cpp,Accepted,63,1024,622,
s923805239,p02791,u208723543,1587319931,Rust,Rust (1.15.1),rs,Accepted,14,8700,154870,
s491279754,p02791,u676749446,1587316653,Java,Java8 (OpenJDK 1.8.0),java,Accepted,118,24332,2653,
s199195752,p02791,u731362892,1587316570,Python,Python (3.4.3),py,Wrong Answer,111,24744,119,
s729889667,p02791,u013956357,1587314392,Python,Python (3.4.3),py,Accepted,114,24744,185,
s129975067,p02791,u019151685,1587314157,C++,C++14 (GCC 5.4.1),cpp,Accepted,21,1792,671,
s027503828,p02791,u019151685,1587312873,C++,C++14 (GCC 5.4.1),cpp,Time Limit Exceeded,2103,1792,691,
s246165833,p02791,u319965179,1587310224,C++,C++14 (GCC 5.4.1),cpp,Accepted,61,1024,450,
s932192721,p02791,u319965179,1587309903,C++,C++14 (GCC 5.4.1),cpp,Time Limit Exceeded,2103,1024,548,
s214372640,p02791,u319965179,1587309481,C++,C++14 (GCC 5.4.1),cpp,Time Limit Exceeded,2103,1792,466,
s046830326,p02791,u319965179,1587309195,C++,C++14 (GCC 5.4.1),cpp,Time Limit Exceeded,2111,1792,450,
s233715170,p02791,u319965179,1587309148,C++,C++14 (GCC 5.4.1),cpp,Wrong Answer,2103,1792,443,
s943021290,p02791,u319965179,1587309114,C++,C++14 (GCC 5.4.1),cpp,Compile Error,,,440,
s823959744,p02791,u319965179,1587309073,C++,C++14 (GCC 5.4.1),cpp,Compile Error,,,441,
s374161356,p02791,u319965179,1587308843,C++,C++14 (GCC 5.4.1),cpp,Time Limit Exceeded,2103,1792,418,
s230566357,p02791,u053035261,1587308395,C++,C++14 (GCC 5.4.1),cpp,Accepted,76,1024,1636,
s851242046,p02791,u649769812,1587307666,Java,Java8 (OpenJDK 1.8.0),java,Accepted,572,62832,465,
s903784905,p02791,u923270446,1587307288,Python,Python (3.4.3),py,Time Limit Exceeded,2104,24744,138,
s800315568,p02791,u943966256,1587304762,C++,C++14 (GCC 5.4.1),cpp,Accepted,22,1792,508,
s259429020,p02791,u013956357,1587304459,Python,Python (3.4.3),py,Time Limit Exceeded,2104,25768,157,
s302080031,p02791,u013956357,1587303446,Python,Python (3.4.3),py,Time Limit Exceeded,2104,25768,208,
s584927583,p02791,u796273093,1587302602,C++,C++14 (GCC 5.4.1),cpp,Accepted,59,1024,379,
s925955959,p02791,u649769812,1587302250,Java,Java8 (OpenJDK 1.8.0),java,Wrong Answer,551,66828,449,
s750456185,p02791,u494386849,1587302161,Java,Java8 (OpenJDK 1.8.0),java,Wrong Answer,2108,24340,3788,
s755718439,p02791,u494386849,1587302021,Java,Java8 (OpenJDK 1.8.0),java,Wrong Answer,2104,57876,3902,
s004859391,p02791,u022688266,1587299355,C++,C++14 (GCC 5.4.1),cpp,Accepted,59,256,2135,
s947877760,p02791,u898058223,1587295639,Python,Python (3.4.3),py,Accepted,90,24744,119,
s935230786,p02791,u898058223,1587295365,Python,Python (3.4.3),py,Time Limit Exceeded,2104,25128,157,
s861114607,p02791,u985686845,1587294623,C++,C++14 (GCC 5.4.1),cpp,Accepted,66,1024,523,
s829457520,p02791,u535171899,1587292417,Python,Python (3.4.3),py,Accepted,111,24744,191,
s665749300,p02791,u535171899,1587292251,Python,Python (3.4.3),py,Time Limit Exceeded,2104,25768,154,
s411819108,p02791,u028061225,1587290914,C++,C++14 (GCC 5.4.1),cpp,Accepted,62,1792,391,
s827033181,p02791,u176218583,1587288323,C++,C++14 (GCC 5.4.1),cpp,Accepted,62,1792,370,
s237690575,p02791,u176218583,1587288141,C++,C++14 (GCC 5.4.1),cpp,Time Limit Exceeded,2103,1792,446,
s604579040,p02791,u283782321,1587283444,Python,Python (3.4.3),py,Accepted,116,24744,227,
s769023215,p02791,u283782321,1587283305,Python,Python (3.4.3),py,Wrong Answer,115,24744,195,
s002479647,p02791,u099549512,1587270469,C++,C++14 (GCC 5.4.1),cpp,Accepted,19,3328,1649,
s466678508,p02791,u918865212,1587259335,C++,C++14 (GCC 5.4.1),cpp,Accepted,76,256,361,
s886457953,p02791,u375405838,1587259113,C++,C++14 (GCC 5.4.1),cpp,Accepted,60,1024,2310,
s108588967,p02791,u712837698,1587259024,C++,C++14 (GCC 5.4.1),cpp,Accepted,77,256,437,
s621652309,p02791,u947485517,1587252330,C++,C++14 (GCC 5.4.1),cpp,Accepted,60,1024,309,
s886500905,p02791,u769765274,1587247975,Go,Go (1.6),go,Accepted,36,2048,5199,
s307937474,p02791,u499889187,1587242826,Java,Java8 (OpenJDK 1.8.0),java,Accepted,561,83248,600,
s519221736,p02791,u812973725,1587242421,C++,C++14 (GCC 5.4.1),cpp,Accepted,18,1792,1545,
s042361652,p02791,u705990127,1587241827,C++,C++14 (GCC 5.4.1),cpp,Accepted,60,1024,680,
s578335275,p02791,u961945062,1587240310,Python,Python (3.4.3),py,Accepted,106,24744,172,
s440895921,p02791,u898058223,1587240282,Python,Python (3.4.3),py,Wrong Answer,116,24744,152,
s349277370,p02791,u961945062,1587240132,Python,Python (3.4.3),py,Time Limit Exceeded,2104,26012,144,
s972145976,p02791,u194015723,1587234712,C++,C++14 (GCC 5.4.1),cpp,Accepted,79,1920,390,
s349102264,p02791,u194015723,1587233506,C++,C++14 (GCC 5.4.1),cpp,Time Limit Exceeded,2103,1024,470,
s598675936,p02791,u448720391,1587232453,Python,PyPy3 (2.4.0),py,Time Limit Exceeded,2110,137024,128,
s583533038,p02791,u448720391,1587232416,Python,Python (3.4.3),py,Time Limit Exceeded,2104,26012,127,
s652407318,p02791,u705561278,1587232378,C++,C++14 (GCC 5.4.1),cpp,Accepted,77,1024,527,
s449929280,p02791,u224794697,1587227918,C++,C++14 (GCC 5.4.1),cpp,Accepted,79,1792,646,
s691702650,p02791,u224794697,1587227606,C++,C++14 (GCC 5.4.1),cpp,Time Limit Exceeded,2103,1024,567,
s204647242,p02791,u772969943,1587227203,Python,Python (3.4.3),py,Accepted,117,25124,190,
s802288228,p02791,u348398921,1587226535,C++,C++14 (GCC 5.4.1),cpp,Accepted,62,1152,299,
s848607752,p02791,u348398921,1587226493,C++,C++14 (GCC 5.4.1),cpp,Compile Error,,,297,
s424464360,p02791,u254871849,1587221698,Python,Python (3.4.3),py,Accepted,81,25116,229,
s095060992,p02791,u254871849,1587221621,C++,C++14 (GCC 5.4.1),cpp,Accepted,19,1024,349,
s374661546,p02791,u130588436,1587220493,C++,C++14 (GCC 5.4.1),cpp,Accepted,62,1024,419,
s563115686,p02791,u508164527,1587218699,Python,PyPy3 (2.4.0),py,Accepted,246,77264,190,
s948258635,p02791,u508164527,1587218283,Python,PyPy3 (2.4.0),py,Time Limit Exceeded,2111,137092,168,
s167394933,p02791,u508164527,1587218168,Python,Python (3.4.3),py,Time Limit Exceeded,2104,25768,165,
s638057639,p02791,u987326700,1587216926,Python,PyPy3 (2.4.0),py,Accepted,240,75472,132,
s436234646,p02791,u987326700,1587216902,Python,PyPy3 (2.4.0),py,Wrong Answer,241,75472,132,
s787772305,p02791,u987326700,1587216866,Python,PyPy3 (2.4.0),py,Wrong Answer,260,75472,131,
s702031716,p02791,u157672361,1587216858,Python,PyPy3 (2.4.0),py,Accepted,241,75472,340,
s823135166,p02791,u987326700,1587216704,Python,PyPy3 (2.4.0),py,Wrong Answer,278,75472,130,
s173103025,p02791,u157672361,1587216641,Python,PyPy3 (2.4.0),py,Accepted,260,76752,344,
s266725870,p02791,u987326700,1587216408,Python,PyPy3 (2.4.0),py,Wrong Answer,288,85584,196,
s149995170,p02791,u987326700,1587216314,Python,PyPy3 (2.4.0),py,Wrong Answer,270,87376,217,
s947432584,p02791,u157672361,1587216283,Python,PyPy3 (2.4.0),py,Time Limit Exceeded,2111,136628,186,
s798261442,p02791,u157672361,1587216200,Python,PyPy3 (2.4.0),py,Time Limit Exceeded,2112,137228,194,
s659557322,p02791,u987326700,1587216018,Python,PyPy3 (2.4.0),py,Wrong Answer,267,87248,215,
s844989292,p02791,u142211940,1587214622,Python,Python (3.4.3),py,Accepted,146,24744,183,
s375744977,p02791,u865298224,1587214603,C++,C++14 (GCC 5.4.1),cpp,Accepted,61,1920,468,
s134518861,p02791,u987326700,1587214155,Python,PyPy3 (2.4.0),py,Time Limit Exceeded,2111,137016,174,
s531675603,p02791,u987326700,1587214117,Python,Python (3.4.3),py,Time Limit Exceeded,2104,24744,174,
s722986321,p02791,u142211940,1587213957,Python,Python (3.4.3),py,Time Limit Exceeded,2104,24744,151,
s591298150,p02791,u142211940,1587213810,Python,PyPy3 (2.4.0),py,Time Limit Exceeded,2111,136760,151,
s062825451,p02791,u142211940,1587213330,Python,PyPy3 (2.4.0),py,Time Limit Exceeded,2112,138092,173,
s152768516,p02791,u873167698,1587212958,Java,Java8 (OpenJDK 1.8.0),java,Accepted,584,66904,529,
s732209224,p02791,u873167698,1587212651,Java,Java8 (OpenJDK 1.8.0),java,Time Limit Exceeded,2109,82992,591,
s837185549,p02791,u142211940,1587212537,Python,PyPy3 (2.4.0),py,Time Limit Exceeded,2108,75472,242,
s058211917,p02791,u200887663,1587209237,Python,Python (3.4.3),py,Accepted,176,26012,293,
s976934510,p02791,u200887663,1587209073,Python,Python (3.4.3),py,Wrong Answer,173,26012,283,
s594812714,p02791,u997023236,1587201539,C++,C++14 (GCC 5.4.1),cpp,Accepted,78,256,258,
s320273198,p02791,u997023236,1587201509,C++,C++14 (GCC 5.4.1),cpp,Compile Error,,,257,
s026994796,p02791,u997023236,1587201486,C++,C++14 (GCC 5.4.1),cpp,Compile Error,,,257,
s505422358,p02791,u603158869,1587200166,Java,Java8 (OpenJDK 1.8.0),java,Accepted,473,50804,505,
s316926672,p02791,u603158869,1587200108,Java,Java8 (OpenJDK 1.8.0),java,Accepted,582,64700,490,
s967375566,p02791,u045547337,1587199739,C++,C++14 (GCC 5.4.1),cpp,Accepted,79,1024,296,
s327566326,p02791,u311113280,1587198881,Python,Python (3.4.3),py,Accepted,156,26008,180,
s798638517,p02791,u987594251,1587197614,C++,C++14 (GCC 5.4.1),cpp,Accepted,19,1024,2224,
s931622408,p02791,u947485517,1587175715,C++,C++14 (GCC 5.4.1),cpp,Time Limit Exceeded,2103,1024,386,
s668045536,p02791,u508273185,1587172006,Python,Python (3.4.3),py,Accepted,99,24744,242,
s597955565,p02791,u508273185,1587171962,C++,C++14 (GCC 5.4.1),cpp,Compile Error,,,242,
s045483923,p02791,u914707890,1587165882,C++,C++14 (GCC 5.4.1),cpp,Accepted,63,1024,307,
s420781746,p02791,u518064858,1587164229,Python,Python (3.4.3),py,Accepted,105,24744,145,
s890250785,p02791,u720829795,1587163195,C++,C++14 (GCC 5.4.1),cpp,Accepted,60,1920,711,
s643421585,p02791,u720829795,1587162757,C++,C++14 (GCC 5.4.1),cpp,Time Limit Exceeded,2103,1792,730,
s954256546,p02791,u557934154,1587159595,C++,C++14 (GCC 5.4.1),cpp,Accepted,61,1024,453,
s341434824,p02791,u229842440,1587159109,C++,C++14 (GCC 5.4.1),cpp,Accepted,18,1792,1036,
s585593677,p02791,u995419623,1587158862,Python,Python (3.4.3),py,Accepted,90,24744,138,
s123265927,p02791,u995419623,1587158831,Python,Python (3.4.3),py,Runtime Error,17,2940,137,
s496887025,p02791,u995419623,1587158783,Python,Python (3.4.3),py,Runtime Error,17,2940,135,
s120685662,p02791,u266569040,1587157772,Python,Python (3.4.3),py,Accepted,112,24744,183,
s155586679,p02791,u266569040,1587157385,Python,Python (3.4.3),py,Time Limit Exceeded,2104,24744,144,
s409619633,p02791,u979960743,1587155219,C++,C++14 (GCC 5.4.1),cpp,Accepted,20,128,196,
s922771370,p02791,u784838174,1587150485,C++,C++14 (Clang 3.8.0),cpp,Accepted,166,256,775,
s092162704,p02791,u756848425,1587140978,C++,C++14 (GCC 5.4.1),cpp,Accepted,62,1792,453,
s528479619,p02791,u994630752,1587140360,C++,C++14 (GCC 5.4.1),cpp,Accepted,64,3328,423,
s212064591,p02791,u255302563,1587139665,C++,C++14 (GCC 5.4.1),cpp,Accepted,77,1024,331,
s486658008,p02791,u568353080,1587139410,C++,C++14 (GCC 5.4.1),cpp,Accepted,19,1024,1058,
s870368665,p02791,u568353080,1587139367,C++,C++14 (GCC 5.4.1),cpp,Runtime Error,110,640,1058,
s277829603,p02791,u767481489,1587137388,C++,C++14 (GCC 5.4.1),cpp,Accepted,64,1792,757,
s950347854,p02791,u124004024,1587134977,C++,C++14 (GCC 5.4.1),cpp,Accepted,18,256,328,
s859884022,p02791,u306516971,1587134871,Python,Python (3.4.3),py,Accepted,99,24744,143,
s040060672,p02791,u093973314,1587131090,C++,C++14 (GCC 5.4.1),cpp,Accepted,19,1024,406,
s515377353,p02791,u093973314,1587130756,C++,C++14 (GCC 5.4.1),cpp,Wrong Answer,19,1024,429,
s109995239,p02791,u093973314,1587130701,C++,C++14 (GCC 5.4.1),cpp,Wrong Answer,19,1024,428,
s261475301,p02791,u924783770,1587124526,Python,Python (3.4.3),py,Accepted,94,24744,137,
s130630386,p02791,u568877271,1587124509,C++,C++14 (GCC 5.4.1),cpp,Accepted,78,1024,401,
s458552133,p02791,u882037708,1587120270,C++,C++14 (GCC 5.4.1),cpp,Accepted,76,384,660,
s643115983,p02791,u368735320,1587120119,C++,C++14 (GCC 5.4.1),cpp,Accepted,22,1792,1512,
s486694452,p02791,u210234656,1587117803,C++,C++14 (GCC 5.4.1),cpp,Time Limit Exceeded,2103,1024,305,
s256308584,p02791,u027622859,1587117284,Go,Go (1.6),go,Accepted,50,8448,1980,
s497110513,p02791,u081340269,1587117058,Python,Python (3.4.3),py,Accepted,134,24744,162,
s832508474,p02791,u027622859,1587116834,Go,Go (1.6),go,Time Limit Exceeded,2112,8960,2094,
s065071787,p02791,u693173434,1587116172,Python,Python (3.4.3),py,Accepted,108,24744,166,
s689593048,p02791,u097396733,1587115931,C++,C++14 (GCC 5.4.1),cpp,Accepted,77,1024,494,
s834795431,p02791,u693173434,1587115930,Python,PyPy3 (2.4.0),py,Time Limit Exceeded,2111,136996,145,
s458678887,p02791,u693173434,1587115788,Python,Python (3.4.3),py,Time Limit Exceeded,2104,24744,145,
s461233897,p02791,u693173434,1587115677,Python,Python (3.4.3),py,Time Limit Exceeded,2104,24744,166,
s910206450,p02791,u676754184,1587106950,C#,C# (Mono 4.6.2.0),cs,Accepted,112,36420,937,
s101428704,p02791,u933095385,1587095444,C++,C++14 (GCC 5.4.1),cpp,Accepted,59,256,231,
s015221632,p02791,u749388872,1587093847,Haskell,Haskell (GHC 7.10.3),hs,Accepted,19,6524,3849,
s101380476,p02791,u175034939,1587085148,Python,Python (3.4.3),py,Accepted,90,24744,149,
s914667060,p02791,u045238009,1587079845,Lua,Lua (5.3.2),lua,Accepted,77,760,180,
s934214419,p02791,u648138491,1587078611,C++,C++14 (GCC 5.4.1),cpp,Accepted,20,128,2935,
s515402141,p02791,u669173971,1587075478,Python,Python (3.4.3),py,Accepted,104,24744,146,
s957836695,p02791,u196537511,1587073826,C++,C++14 (GCC 5.4.1),cpp,Accepted,63,1400,429,
s997154399,p02791,u956194864,1587073485,C++,C++14 (GCC 5.4.1),cpp,Accepted,59,1792,359,
s656521059,p02791,u956194864,1587073430,C++,C++14 (GCC 5.4.1),cpp,Wrong Answer,62,1920,338,
s223827755,p02791,u215286521,1587072794,Python,Python (3.4.3),py,Accepted,244,36120,741,
s951521189,p02791,u956194864,1587071920,C++,C++14 (GCC 5.4.1),cpp,Time Limit Exceeded,2103,1792,438,
s156135673,p02791,u215286521,1587071812,Python,Python (3.4.3),py,Time Limit Exceeded,2109,33904,798,
s858967620,p02791,u862237347,1587070033,C++,C++14 (GCC 5.4.1),cpp,Accepted,19,1024,400,
s729718377,p02791,u794753968,1587070030,Java,Java8 (OpenJDK 1.8.0),java,Accepted,609,86832,551,
s218194148,p02791,u394731058,1587069522,Python,Python (3.4.3),py,Accepted,76,24744,219,
s523214451,p02791,u894074703,1587067547,Python,Python (3.4.3),py,Accepted,92,25768,250,
s146580379,p02791,u605917063,1587066267,Rust,Rust (1.15.1),rs,Accepted,54,6396,675,
s652698050,p02791,u985125584,1587065931,Python,Python (3.4.3),py,Accepted,94,24744,153,
s991551950,p02791,u894074703,1587065130,Python,Python (3.4.3),py,Time Limit Exceeded,2104,24744,233,
s015395725,p02791,u894074703,1587065067,Python,PyPy3 (2.4.0),py,Time Limit Exceeded,2109,137192,229,
s677211852,p02791,u985125584,1587065033,Python,Python (3.4.3),py,Wrong Answer,2104,24744,361,
s206071965,p02791,u985125584,1587064436,Python,Python (3.4.3),py,Time Limit Exceeded,2104,24744,266,
s689791873,p02791,u985125584,1587064102,Python,Python (3.4.3),py,Time Limit Exceeded,2104,24744,252,
s879137241,p02791,u985125584,1587064054,Python,Python (3.4.3),py,Time Limit Exceeded,2105,24744,220,
s678450185,p02791,u782700818,1587062642,C++,C++14 (GCC 5.4.1),cpp,Time Limit Exceeded,2103,1024,375,
s013381435,p02791,u782700818,1587062529,C++,C++14 (GCC 5.4.1),cpp,Time Limit Exceeded,2103,1024,406,
s769133349,p02791,u782700818,1587062429,C++,C++14 (GCC 5.4.1),cpp,Time Limit Exceeded,2103,1024,432,
s797282655,p02791,u782700818,1587062156,C++,C++14 (GCC 5.4.1),cpp,Wrong Answer,2103,1024,423,
s784130509,p02791,u086438369,1587061887,Python,Python (3.4.3),py,Accepted,113,24744,189,
s292825155,p02791,u691446391,1587061532,Python,PyPy3 (2.4.0),py,Accepted,258,75568,312,
s708619202,p02791,u634802494,1587060883,C++,C++14 (GCC 5.4.1),cpp,Accepted,77,1024,278,
s077966007,p02791,u060736237,1587056159,Python,Python (3.4.3),py,Accepted,130,24744,165,
s295557166,p02791,u506755091,1587055342,C++,C++14 (GCC 5.4.1),cpp,Accepted,62,1024,346,
s664224201,p02791,u962330718,1587055287,Python,Python (3.4.3),py,Accepted,114,24920,148,
s892534258,p02791,u962330718,1587054731,Python,Python (3.4.3),py,Wrong Answer,104,24744,157,
s940171366,p02791,u506755091,1587053931,C++,C++14 (GCC 5.4.1),cpp,Time Limit Exceeded,2103,1024,396,
s387700119,p02791,u506755091,1587053157,C++,C++14 (GCC 5.4.1),cpp,Time Limit Exceeded,2103,1024,378,
s490058460,p02791,u506755091,1587052825,C++,C++14 (GCC 5.4.1),cpp,Time Limit Exceeded,2111,1792,413,
s218301989,p02791,u792359873,1587049382,Python,Python (3.4.3),py,Wrong Answer,2104,42948,286,
s050718933,p02791,u318233626,1587048198,Python,Python (3.4.3),py,Accepted,109,24744,223,
s908208531,p02791,u265154666,1587045994,Python,PyPy3 (2.4.0),py,Accepted,250,75600,192,
s935793970,p02791,u546853743,1587045140,C,C (GCC 5.4.1),c,Wrong Answer,2103,896,255,
s127565576,p02791,u546853743,1587044214,C,C (GCC 5.4.1),c,Wrong Answer,2103,896,252,
s846728644,p02791,u546853743,1587043035,C,C (GCC 5.4.1),c,Wrong Answer,2103,896,248,
s343247399,p02791,u568559987,1587028243,Python,Python (3.4.3),py,Time Limit Exceeded,2104,24744,164,
s939932082,p02791,u182310429,1587027493,C++,C++14 (GCC 5.4.1),cpp,Accepted,77,1024,335,
s370075922,p02791,u182310429,1587026665,C++,C++14 (GCC 5.4.1),cpp,Time Limit Exceeded,2103,1024,469,
s846256891,p02791,u737758066,1587026174,Python,PyPy3 (2.4.0),py,Accepted,235,75344,229,
s046998067,p02791,u180257813,1587025606,C++,C++14 (GCC 5.4.1),cpp,Accepted,62,1024,367,
s610725872,p02791,u797106134,1587024584,Python,Python (3.4.3),py,Accepted,111,24744,222,
s219167856,p02791,u797106134,1587024470,Python,Python (3.4.3),py,Runtime Error,68,24744,172,
s844710568,p02791,u070201429,1587022694,Python,Python (3.4.3),py,Accepted,91,24744,148,
s135264960,p02791,u797106134,1587022157,Python,Python (3.4.3),py,Runtime Error,66,24744,173,
s982869813,p02791,u034323841,1587022001,C,C (GCC 5.4.1),c,Accepted,22,896,338,
s539804146,p02791,u607744897,1587009863,C++,C++14 (GCC 5.4.1),cpp,Accepted,18,892,318,
s466263555,p02791,u607744897,1587009733,C++,C++14 (GCC 5.4.1),cpp,Wrong Answer,18,256,318,
s246975104,p02791,u069035199,1586992860,C++,C++14 (GCC 5.4.1),cpp,Accepted,37,2420,993,
s184860427,p02791,u069035199,1586992841,C++,C++14 (GCC 5.4.1),cpp,Runtime Error,97,256,989,
s342274874,p02791,u455957070,1586992354,Python,Python (3.4.3),py,Accepted,107,24744,167,
s377656915,p02791,u147762850,1586990781,C++,C++14 (GCC 5.4.1),cpp,Accepted,79,256,277,
s399163198,p02791,u485673106,1586985228,C++,C++14 (GCC 5.4.1),cpp,Accepted,60,1024,346,
s722761816,p02791,u476534289,1586984216,C++,C++14 (GCC 5.4.1),cpp,Accepted,65,1024,473,
s936455972,p02791,u863370423,1586983618,C++,C++14 (GCC 5.4.1),cpp,Accepted,77,1400,1045,
s424544441,p02791,u054652697,1586983056,C++,C++14 (GCC 5.4.1),cpp,Accepted,27,2936,1037,
s410064873,p02791,u660270504,1586982678,C++,C++14 (GCC 5.4.1),cpp,Accepted,60,1792,1960,
s331457408,p02791,u020238108,1586981498,C++,C++14 (GCC 5.4.1),cpp,Accepted,18,1024,665,
s658786062,p02791,u578775554,1586980018,Java,Java8 (OpenJDK 1.8.0),java,Accepted,592,64928,482,
s243783467,p02791,u578775554,1586979380,Java,Java8 (OpenJDK 1.8.0),java,Runtime Error,2109,344276,1977,
s206172772,p02791,u288674808,1586977636,C++,C++14 (GCC 5.4.1),cpp,Accepted,61,1400,469,
s438660482,p02791,u493928141,1586976874,C++,C++14 (GCC 5.4.1),cpp,Accepted,60,1024,425,
s739943222,p02791,u493928141,1586976086,C++,C++14 (GCC 5.4.1),cpp,Time Limit Exceeded,2103,1024,475,
s889703808,p02791,u454600293,1586975258,C++,C++14 (GCC 5.4.1),cpp,Accepted,62,1792,309,
s211655654,p02791,u412298345,1586971925,Python,PyPy3 (2.4.0),py,Accepted,235,70352,423,
s395833164,p02791,u460386402,1586962001,Python,Python (3.4.3),py,Accepted,113,24744,133,
s877822791,p02791,u737015864,1586954248,C,C (Clang 3.8.0),c,Wrong Answer,2103,1536,349,
s094364885,p02791,u252211543,1586953963,C++,C++14 (GCC 5.4.1),cpp,Accepted,61,1792,444,
s332117189,p02791,u448570453,1586953300,C++,C++14 (GCC 5.4.1),cpp,Accepted,18,1792,821,
s929114747,p02791,u235210692,1586946800,Python,Python (3.4.3),py,Accepted,160,24744,170,
s581166063,p02791,u923270446,1586946789,Python,Python (3.4.3),py,Time Limit Exceeded,2104,24744,126,
s003094981,p02791,u235210692,1586946656,Python,Python (3.4.3),py,Wrong Answer,121,24744,168,
s413721966,p02791,u101018317,1586945468,C++,C++14 (GCC 5.4.1),cpp,Accepted,61,1792,401,
s828349620,p02791,u177143886,1586908941,C++,C++14 (GCC 5.4.1),cpp,Accepted,60,1792,4428,
s665455937,p02791,u114396358,1586903515,C++,C++14 (GCC 5.4.1),cpp,Accepted,67,1024,328,
s573384798,p02791,u216752093,1586902839,Python,Python (3.4.3),py,Time Limit Exceeded,2105,24744,136,
s875729466,p02791,u917851778,1586900627,C,C (GCC 5.4.1),c,Accepted,22,896,259,
s507743964,p02791,u450089835,1586899780,C++,C++14 (GCC 5.4.1),cpp,Accepted,66,1024,431,
s122388993,p02791,u837654535,1586899198,C++,C++14 (GCC 5.4.1),cpp,Accepted,77,1792,619,
s467982757,p02791,u449123607,1586899054,C++,C++14 (GCC 5.4.1),cpp,Accepted,60,1024,455,
s486889977,p02791,u449123607,1586899032,C++,C++14 (GCC 5.4.1),cpp,Compile Error,,,453,
s792669528,p02791,u449123607,1586899002,C++,C++14 (GCC 5.4.1),cpp,Compile Error,,,453,
s975696700,p02791,u414615201,1586898488,C++,C++14 (GCC 5.4.1),cpp,Accepted,19,1024,724,
s947015413,p02791,u246343119,1586898456,Python,Python (3.4.3),py,Accepted,140,24744,152,
s364509473,p02791,u342443598,1586897950,OCaml,OCaml (4.02.3),ml,Accepted,58,5888,319,
s350498958,p02791,u961500618,1586897612,C++,C++14 (GCC 5.4.1),cpp,Time Limit Exceeded,2103,1024,302,
s150790693,p02791,u342443598,1586897562,OCaml,OCaml (4.02.3),ml,Wrong Answer,65,6400,740,
s075870452,p02791,u159994501,1586896807,Python,Python (3.4.3),py,Accepted,91,17940,159,
s703920786,p02791,u394352233,1586896013,Python,Python (3.4.3),py,Wrong Answer,116,24744,140,
s554713658,p02791,u394352233,1586895841,Python,Python (3.4.3),py,Wrong Answer,109,24744,140,
s009757521,p02791,u424091517,1586894537,C++,C++14 (GCC 5.4.1),cpp,Accepted,19,384,432,
s021008165,p02791,u416650504,1586893879,F#,F# (Mono 4.0),fs,Accepted,120,34268,276,
s266348478,p02791,u064087840,1586893748,C++,C++14 (GCC 5.4.1),cpp,Accepted,18,256,479,
s870016100,p02791,u632527507,1586892151,C++,C++14 (GCC 5.4.1),cpp,Accepted,66,1400,359,
s107955932,p02791,u692453235,1586891999,Python,Python (3.4.3),py,Accepted,123,24744,151,
s979099948,p02791,u972350827,1586890543,C#,C# (Mono 4.6.2.0),cs,Accepted,107,35676,2967,
s532145241,p02791,u453815934,1586889806,Python,Python (3.4.3),py,Accepted,96,24744,127,
s838670104,p02791,u692453235,1586888436,Python,Python (3.4.3),py,Time Limit Exceeded,2104,24744,257,
s899523757,p02791,u903148768,1586888342,C++,C++14 (GCC 5.4.1),cpp,Accepted,60,1792,349,
s490044148,p02791,u886459614,1586888222,Python,Python (3.4.3),py,Accepted,114,24920,142,
s220904743,p02791,u984621967,1586887175,C++,C++14 (GCC 5.4.1),cpp,Accepted,63,1792,368,
s134792192,p02791,u189806337,1586887112,Python,Python (3.4.3),py,Time Limit Exceeded,2104,24872,195,
s838085886,p02791,u692453235,1586885948,Python,Python (3.4.3),py,Time Limit Exceeded,2104,24744,194,
s889208620,p02791,u886459614,1586885862,Python,Python (3.4.3),py,Wrong Answer,2104,24744,152,
s931536424,p02791,u886459614,1586885775,Python,Python (3.4.3),py,Wrong Answer,2104,24744,152,
s056723806,p02791,u301624971,1586885020,Python,Python (3.4.3),py,Accepted,111,24744,331,
s042681972,p02791,u301624971,1586884842,Python,Python (3.4.3),py,Time Limit Exceeded,2104,24744,298,
s693004759,p02791,u301624971,1586884433,Python,Python (3.4.3),py,Time Limit Exceeded,2104,24744,351,
s778382850,p02791,u472696272,1586883116,Python,Python (3.4.3),py,Accepted,163,24744,168,
s640454188,p02791,u224554402,1586882716,Python,PyPy3 (2.4.0),py,Time Limit Exceeded,2111,136916,182,
s015150803,p02791,u224554402,1586882251,Python,Python (3.4.3),py,Time Limit Exceeded,2104,24744,182,
s092145690,p02791,u133925829,1586882143,C++,C++ (GCC 5.4.1),cpp,Accepted,62,1792,392,
s413669149,p02791,u449123607,1586881840,C++,C++14 (GCC 5.4.1),cpp,Wrong Answer,2103,1024,488,
s226063356,p02791,u449123607,1586881728,C++,C++14 (GCC 5.4.1),cpp,Wrong Answer,2107,1024,486,
s509100903,p02791,u449123607,1586881704,C++,C++14 (GCC 5.4.1),cpp,Compile Error,,,486,
s782309523,p02791,u329399746,1586880653,Python,Python (3.4.3),py,Accepted,127,24744,159,
s610562376,p02791,u644110877,1586880512,C++,C++14 (GCC 5.4.1),cpp,Accepted,61,1024,305,
s025912680,p02791,u133925829,1586880448,C++,C++ (GCC 5.4.1),cpp,Time Limit Exceeded,2103,1024,414,
s819626666,p02791,u827974318,1586878923,C++,C++14 (GCC 5.4.1),cpp,Accepted,77,1792,319,
s934083233,p02791,u511870776,1586878289,OCaml,OCaml (4.02.3),ml,Accepted,59,17024,567,
s562457221,p02791,u064087840,1586872940,C++,C++14 (GCC 5.4.1),cpp,Wrong Answer,18,256,534,
s751290219,p02791,u724392439,1586863039,C++,C++14 (GCC 5.4.1),cpp,Wrong Answer,18,1792,484,
s323379910,p02791,u613912106,1586862072,C,C (GCC 5.4.1),c,Accepted,22,128,234,
s434301842,p02791,u519899937,1586862064,C++,C++14 (GCC 5.4.1),cpp,Accepted,61,4096,348,
s154011938,p02791,u613912106,1586862058,C++,C++14 (GCC 5.4.1),cpp,Accepted,20,128,234,
s952462630,p02791,u613912106,1586862010,C++,C++14 (GCC 5.4.1),cpp,Accepted,21,256,337,
s311540221,p02791,u519899937,1586861964,C++,C++14 (GCC 5.4.1),cpp,Runtime Error,147,640,327,
s037409343,p02791,u229156891,1586860926,Python,PyPy3 (2.4.0),py,Accepted,237,75344,175,
s645238398,p02791,u394950523,1586859959,Python,Python (3.4.3),py,Accepted,98,24744,150,
s313766245,p02791,u394950523,1586859117,Python,Python (3.4.3),py,Accepted,106,24744,188,
s524911316,p02791,u394950523,1586858555,Python,Python (3.4.3),py,Time Limit Exceeded,2104,24744,201,
s203208772,p02791,u789075914,1586857500,C++,C++14 (GCC 5.4.1),cpp,Accepted,76,256,397,
s959266737,p02791,u026862065,1586856747,Python,Python (3.4.3),py,Accepted,113,24744,160,
s980278642,p02791,u372550522,1586853693,Python,Python (3.4.3),py,Accepted,145,24744,163,
s877769720,p02791,u288674808,1586835421,C++,C++14 (GCC 5.4.1),cpp,Time Limit Exceeded,2103,1024,670,
s648090558,p02791,u641976689,1586826875,Python,PyPy3 (2.4.0),py,Runtime Error,168,38384,4,
s472618314,p02791,u641976689,1586826630,Nim,Nim (0.13.0),nim,Accepted,25,3324,303,
s509569721,p02791,u641976689,1586826586,Nim,Nim (0.13.0),nim,Compile Error,,,303,
s444269035,p02791,u641976689,1586826106,Nim,Nim (0.13.0),nim,Time Limit Exceeded,2103,3328,360,
s538185059,p02791,u641976689,1586825963,Nim,Nim (0.13.0),nim,Time Limit Exceeded,2103,3324,734,
s444250726,p02791,u641976689,1586825864,Nim,Nim (0.13.0),nim,Time Limit Exceeded,2103,3324,710,
s590979181,p02791,u798675549,1586825782,Python,PyPy3 (2.4.0),py,Accepted,243,75472,129,
s217297256,p02791,u798675549,1586825687,Python,PyPy3 (2.4.0),py,Wrong Answer,246,75472,128,
s261548750,p02791,u798675549,1586825214,Python,PyPy3 (2.4.0),py,Time Limit Exceeded,2107,71168,113,
s329446399,p02791,u798675549,1586825175,Python,Python (3.4.3),py,Time Limit Exceeded,2104,18216,113,
s776764536,p02791,u893297141,1586825030,C++,C++14 (GCC 5.4.1),cpp,Accepted,61,1024,282,
s004319851,p02791,u641976689,1586824861,Nim,Nim (0.13.0),nim,Wrong Answer,2103,3324,658,
s622098475,p02791,u798675549,1586824801,Python,PyPy3 (2.4.0),py,Time Limit Exceeded,2108,75344,205,
s774334980,p02791,u798675549,1586824317,Python,PyPy3 (2.4.0),py,Wrong Answer,2108,75472,220,
s357169730,p02791,u070069858,1586823933,C++,C++14 (GCC 5.4.1),cpp,Accepted,77,1024,1005,
s120957715,p02791,u893297141,1586823721,C++,C++14 (GCC 5.4.1),cpp,Wrong Answer,2103,1024,353,
s259434443,p02791,u853580735,1586823365,C++,C++14 (GCC 5.4.1),cpp,Accepted,60,1024,308,
s619392786,p02791,u893297141,1586822611,C++,C++14 (GCC 5.4.1),cpp,Wrong Answer,2103,1024,265,
s026847660,p02791,u394950523,1586820943,Python,Python (3.4.3),py,Time Limit Exceeded,2104,24744,226,
s309173252,p02791,u897304429,1586820094,C++,C++14 (GCC 5.4.1),cpp,Accepted,18,1024,2237,
s458001232,p02791,u889173297,1586817384,C++,C++14 (GCC 5.4.1),cpp,Accepted,77,1024,267,
s511116135,p02791,u889173297,1586816928,C++,C++14 (GCC 5.4.1),cpp,Time Limit Exceeded,2103,1024,323,
s056603874,p02791,u819407764,1586814379,Python,Python (3.4.3),py,Accepted,111,24744,159,
s221357601,p02791,u819407764,1586814096,Python,PyPy3 (2.4.0),py,Time Limit Exceeded,2108,75472,191,
s003381467,p02791,u819407764,1586814064,Python,Python (3.4.3),py,Time Limit Exceeded,2104,24744,191,
s394345438,p02791,u231458241,1586813909,C++,C++14 (GCC 5.4.1),cpp,Accepted,67,1024,495,
s086984857,p02791,u202019924,1586813488,Python,Python (3.4.3),py,Accepted,106,24744,175,
s734662923,p02791,u010415482,1586811940,Java,Java8 (OpenJDK 1.8.0),java,Accepted,583,64768,412,
s821242913,p02791,u010415482,1586811386,Java,Java8 (OpenJDK 1.8.0),java,Runtime Error,552,61856,408,
s040510970,p02791,u884601206,1586810126,Python,Python (3.4.3),py,Accepted,148,24744,151,
s615609583,p02791,u930705402,1586809833,Python,Python (3.4.3),py,Accepted,113,24744,148,
s578507386,p02791,u601444374,1586809794,C++,C++14 (GCC 5.4.1),cpp,Accepted,70,4352,1660,
s980745312,p02791,u884601206,1586809699,Python,Python (3.4.3),py,Time Limit Exceeded,2104,24744,139,
s813092208,p02791,u999788719,1586809097,C++,C++14 (GCC 5.4.1),cpp,Accepted,64,1792,858,
s322066691,p02791,u288435405,1586808580,Kotlin,Kotlin (1.0.0),kt,Accepted,481,61968,288,
s992722160,p02791,u374678351,1586807267,C++,C++14 (GCC 5.4.1),cpp,Accepted,63,1792,466,
s750903761,p02791,u316322317,1586802936,C++,C++14 (GCC 5.4.1),cpp,Accepted,66,1792,526,
s410160427,p02791,u909716307,1586801048,Python,Python (3.4.3),py,Accepted,91,24744,147,
s688510582,p02791,u909716307,1586799974,Python,Python (3.4.3),py,Time Limit Exceeded,2104,24744,132,
s880065965,p02791,u909716307,1586799798,Python,Python (3.4.3),py,Time Limit Exceeded,2104,24744,174,
s889526271,p02791,u601235270,1586798716,Python,Python (3.4.3),py,Accepted,107,24744,156,
s344662551,p02791,u979444096,1586798476,Python,Python (3.4.3),py,Accepted,73,17780,231,
s397312505,p02791,u909716307,1586798446,Python,Python (3.4.3),py,Wrong Answer,96,24744,118,
s613385974,p02791,u616017354,1586794054,Python,Python (3.4.3),py,Time Limit Exceeded,2105,27812,288,
s724164581,p02791,u616017354,1586793524,Python,Python (3.4.3),py,Time Limit Exceeded,2105,26856,324,
s631617978,p02791,u616017354,1586793470,Python,Python (3.4.3),py,Wrong Answer,2105,27816,334,
s588940729,p02791,u616017354,1586792734,Python,Python (3.4.3),py,Wrong Answer,2105,26968,342,
s304004358,p02791,u238940874,1586790609,Python,Python (3.4.3),py,Accepted,107,24744,144,
s109950721,p02791,u193866675,1586786744,C++,C++14 (GCC 5.4.1),cpp,Accepted,21,1024,394,
s426466136,p02791,u193866675,1586786604,C++,C++14 (GCC 5.4.1),cpp,Wrong Answer,21,1024,385,
s015703631,p02791,u915879510,1586786007,Python,Python (3.4.3),py,Accepted,117,25984,702,
s564841362,p02791,u810356688,1586785985,Python,Python (3.4.3),py,Accepted,97,25768,303,
s938538780,p02791,u915879510,1586785861,Python,Python (3.4.3),py,Time Limit Exceeded,2106,25984,667,
s842600017,p02791,u619653948,1586781428,C++,C++14 (GCC 5.4.1),cpp,Accepted,78,256,259,
s706159521,p02791,u853477575,1586780819,C++,C++14 (GCC 5.4.1),cpp,Accepted,21,256,559,
s720075378,p02791,u731665172,1586779982,C++,C++14 (GCC 5.4.1),cpp,Accepted,78,1024,300,
s905850988,p02791,u731665172,1586779915,C++,C++14 (GCC 5.4.1),cpp,Wrong Answer,76,1024,297,
s842924652,p02791,u731665172,1586779894,C++,C++14 (GCC 5.4.1),cpp,Compile Error,,,298,
s551136542,p02791,u731665172,1586779868,C++,C++14 (GCC 5.4.1),cpp,Compile Error,,,297,
s463068894,p02791,u731665172,1586779704,C++,C++14 (GCC 5.4.1),cpp,Wrong Answer,21,1024,314,
s544896863,p02791,u731665172,1586779675,C++,C++14 (GCC 5.4.1),cpp,Compile Error,,,314,
s188866500,p02791,u270144704,1586777166,Python,PyPy3 (2.4.0),py,Accepted,252,75472,146,
s950584277,p02791,u371051907,1586776773,C++,C++14 (GCC 5.4.1),cpp,Accepted,60,1792,510,
s015606291,p02791,u371051907,1586776701,C++,C++14 (GCC 5.4.1),cpp,Compile Error,,,488,
s107696987,p02791,u298633786,1586774576,Python,PyPy3 (2.4.0),py,Accepted,247,75472,148,
s208973102,p02791,u349476738,1586772105,Python,Python (3.4.3),py,Accepted,134,25768,192,
s282689499,p02791,u124499550,1586770280,Python,Python (3.4.3),py,Accepted,141,24744,167,
s960612421,p02791,u124499550,1586770221,Python,Python (3.4.3),py,Wrong Answer,128,24744,151,
s275481730,p02791,u157672361,1586769395,Python,PyPy3 (2.4.0),py,Accepted,259,75344,160,
s052274070,p02791,u157672361,1586769133,Python,PyPy3 (2.4.0),py,Accepted,240,75472,150,
s536659715,p02791,u157672361,1586769002,Python,PyPy3 (2.4.0),py,Wrong Answer,251,75472,149,
s641306778,p02791,u878129968,1586768314,Python,Python (3.4.3),py,Accepted,143,24744,176,
s293193096,p02791,u878129968,1586767692,Python,Python (3.4.3),py,Time Limit Exceeded,2105,24744,223,
s710125023,p02791,u157672361,1586766079,Python,PyPy3 (2.4.0),py,Time Limit Exceeded,2108,77524,186,
s737636512,p02791,u811202694,1586765208,Python,Python (3.4.3),py,Accepted,116,24744,166,
s784592879,p02791,u023229441,1586759681,Python,Python (3.4.3),py,Accepted,144,24744,165,
s359925120,p02791,u023229441,1586759530,Python,Python (3.4.3),py,Wrong Answer,108,24744,156,
s429500914,p02791,u023229441,1586759497,Python,Python (3.4.3),py,Runtime Error,109,24744,153,
s167154272,p02791,u023229441,1586759310,Python,Python (3.4.3),py,Wrong Answer,106,24744,160,
s493569123,p02791,u810356688,1586759280,Python,Python (3.4.3),py,Wrong Answer,84,24744,302,
s855098765,p02791,u810356688,1586758541,Python,Python (3.4.3),py,Time Limit Exceeded,2104,24744,259,
s322706623,p02791,u083494782,1586750938,C++,C++14 (GCC 5.4.1),cpp,Accepted,78,1792,375,
s268155474,p02791,u083494782,1586750893,C++,C++14 (GCC 5.4.1),cpp,Compile Error,,,375,
s087907443,p02791,u083494782,1586750568,C++,C++14 (GCC 5.4.1),cpp,Time Limit Exceeded,2103,1024,402,
s171553564,p02791,u083494782,1586750196,C++,C++14 (GCC 5.4.1),cpp,Time Limit Exceeded,2107,1024,368,
s321175319,p02791,u083494782,1586749733,C++,C++14 (GCC 5.4.1),cpp,Time Limit Exceeded,2103,1024,369,
s929837879,p02791,u837885766,1586730440,Python,Python (3.4.3),py,Accepted,86,24744,300,
s230830515,p02791,u391589398,1586717671,Python,Python (3.4.3),py,Accepted,135,24744,202,
s099028190,p02791,u391589398,1586717290,Python,Python (3.4.3),py,Time Limit Exceeded,2104,24744,209,
s583001581,p02791,u715102243,1586716871,C++,C++14 (GCC 5.4.1),cpp,Accepted,61,1024,1189,
s618040603,p02791,u482157295,1586716822,Python,Python (3.4.3),py,Accepted,131,24744,146,
s179354980,p02791,u715102243,1586716583,C++,C++14 (GCC 5.4.1),cpp,Time Limit Exceeded,2103,1024,1236,
s901688591,p02791,u715102243,1586716280,C++,C++14 (GCC 5.4.1),cpp,Time Limit Exceeded,2103,1024,1230,
s666484739,p02791,u373908456,1586715940,C++,C++14 (GCC 5.4.1),cpp,Accepted,60,1024,560,
s279903339,p02791,u222030240,1586715017,C++,C++14 (GCC 5.4.1),cpp,Accepted,77,1024,1127,
s200897518,p02791,u008666209,1586713938,C++,C++14 (GCC 5.4.1),cpp,Accepted,60,1024,393,
s779077480,p02791,u254521846,1586712921,C++,C++14 (GCC 5.4.1),cpp,Accepted,77,1792,2916,
s629110883,p02791,u338824669,1586711494,Python,Python (3.4.3),py,Accepted,108,24744,133,
s529818669,p02791,u552176911,1586710298,Python,Python (3.4.3),py,Accepted,102,24744,185,
s657040493,p02791,u219831209,1586709767,C++,C++14 (GCC 5.4.1),cpp,Accepted,77,1024,276,
s155112072,p02791,u592248346,1586709492,Python,Python (3.4.3),py,Accepted,102,24744,124,
s364621852,p02791,u592248346,1586709229,C,C (GCC 5.4.1),c,Accepted,22,128,248,
s105769814,p02791,u098026368,1586707633,C++,C++14 (GCC 5.4.1),cpp,Accepted,61,1792,388,
s754680855,p02791,u198469037,1586701922,C++,C++14 (GCC 5.4.1),cpp,Accepted,59,256,336,
s889540212,p02791,u845442981,1586700323,Java,Java8 (OpenJDK 1.8.0),java,Accepted,569,85204,561,
s508231818,p02791,u010178026,1586700218,Python,Python (3.4.3),py,Time Limit Exceeded,2104,24744,130,
s871751036,p02791,u010178026,1586699404,Python,Python (3.4.3),py,Time Limit Exceeded,2104,24744,136,
s903159628,p02791,u027402181,1586698407,C++,C++14 (GCC 5.4.1),cpp,Accepted,60,1024,376,
s723788079,p02791,u755989869,1586698342,Python,Python (3.4.3),py,Accepted,104,24744,189,
s561385070,p02791,u027402181,1586697788,C++,C++14 (GCC 5.4.1),cpp,Wrong Answer,63,1024,287,
s133304458,p02791,u894496005,1586696712,C++,C++14 (GCC 5.4.1),cpp,Accepted,67,256,348,
s012546693,p02791,u252463862,1586694646,C++,C++14 (GCC 5.4.1),cpp,Accepted,60,1792,316,
s147338050,p02791,u145855676,1586692768,C++,C++14 (GCC 5.4.1),cpp,Accepted,60,1024,257,
s903539090,p02791,u252463862,1586687309,C++,C++14 (GCC 5.4.1),cpp,Time Limit Exceeded,2103,1024,461,
s362463089,p02791,u783603027,1586684914,C++,C++14 (GCC 5.4.1),cpp,Accepted,60,1024,522,
s479677468,p02791,u060793972,1586684647,Python,Python (3.4.3),py,Accepted,148,24744,135,
s204054449,p02791,u783603027,1586684624,C++,C++14 (GCC 5.4.1),cpp,Wrong Answer,60,1024,504,
s202285570,p02791,u060793972,1586684465,Python,Python (3.4.3),py,Time Limit Exceeded,2104,24744,119,
s588537019,p02791,u663075270,1586683939,C++,C++14 (GCC 5.4.1),cpp,Accepted,67,1792,394,
s829559692,p02791,u675042710,1586683579,C++,C++14 (GCC 5.4.1),cpp,Accepted,76,256,503,
s170497719,p02791,u663075270,1586683429,C++,C++14 (GCC 5.4.1),cpp,Wrong Answer,60,1792,393,
s511669828,p02791,u841623074,1586682273,C++,C++14 (GCC 5.4.1),cpp,Accepted,77,256,285,
s573080419,p02791,u500944229,1586679903,Python,Python (3.4.3),py,Accepted,100,24744,149,
s124775486,p02791,u500944229,1586679671,Python,Python (3.4.3),py,Wrong Answer,94,24744,204,
s367343980,p02791,u500944229,1586679627,Python,Python (3.4.3),py,Runtime Error,17,2940,200,
s345568841,p02791,u500944229,1586679505,Python,Python (3.4.3),py,Wrong Answer,95,24744,189,
s444975133,p02791,u648284535,1586673189,C++,C++14 (GCC 5.4.1),cpp,Accepted,19,1792,630,
s859171121,p02791,u073336549,1586669333,C,C (GCC 5.4.1),c,Accepted,22,896,253,
s991783276,p02791,u164678731,1586663558,Python,Python (3.4.3),py,Accepted,115,24744,212,
s092811797,p02791,u281053019,1586663011,C++,C++14 (GCC 5.4.1),cpp,Accepted,89,9600,319,
s644931363,p02791,u932275750,1586661767,C++,C++14 (GCC 5.4.1),cpp,Accepted,19,1024,2331,
s698544113,p02791,u932275750,1586661302,C++,C++14 (GCC 5.4.1),cpp,Time Limit Exceeded,2103,1024,2474,
s847915220,p02791,u581816556,1586649203,C,C (GCC 5.4.1),c,Accepted,23,1792,320,
s763213533,p02791,u132371041,1586642900,C++,C++14 (GCC 5.4.1),cpp,Accepted,21,5888,2921,
s570856135,p02791,u132371041,1586641307,C++,C++14 (GCC 5.4.1),cpp,Wrong Answer,29,6264,3167,
s809660384,p02791,u450617345,1586640705,Ruby,Ruby (2.3.3),rb,Wrong Answer,106,16516,139,
s989940125,p02791,u084949493,1586639708,C++,C++14 (GCC 5.4.1),cpp,Accepted,66,1024,812,
s088205566,p02791,u138486156,1586639449,C++,C++14 (GCC 5.4.1),cpp,Accepted,63,1024,294,
s322906843,p02791,u722246587,1586637789,C++,C++14 (GCC 5.4.1),cpp,Accepted,59,1792,392,
s450808128,p02791,u722246587,1586637248,C++,C++14 (GCC 5.4.1),cpp,Wrong Answer,64,3328,558,
s342296483,p02791,u213868052,1586635096,C++,C++14 (GCC 5.4.1),cpp,Accepted,60,1024,703,
s806380055,p02791,u930561195,1586633714,C++,C++14 (GCC 5.4.1),cpp,Accepted,59,256,427,
s076160506,p02791,u513211419,1586633632,C++,C++14 (GCC 5.4.1),cpp,Accepted,61,1024,287,
s841453971,p02791,u665038048,1586630966,Python,Python (3.4.3),py,Accepted,159,24744,262,
s099519929,p02791,u922012492,1586630959,C++,C++14 (GCC 5.4.1),cpp,Accepted,19,1792,474,
s830257311,p02791,u922012492,1586630908,C++,C++14 (GCC 5.4.1),cpp,Wrong Answer,18,1792,474,
s743725437,p02791,u922012492,1586630809,C++,C++14 (GCC 5.4.1),cpp,Wrong Answer,18,256,474,
s858959062,p02791,u674802936,1586629822,C++,C++14 (GCC 5.4.1),cpp,Accepted,59,1792,384,
s777242509,p02791,u533730797,1586626020,C++,C++14 (GCC 5.4.1),cpp,Accepted,77,1024,264,
s108105047,p02791,u760467044,1586625768,C++,C++14 (GCC 5.4.1),cpp,Accepted,63,1024,360,
s853545598,p02791,u862413182,1586621825,C++,C++14 (GCC 5.4.1),cpp,Accepted,19,1152,558,
s406412315,p02791,u545689847,1586620317,C++,C++14 (GCC 5.4.1),cpp,Accepted,61,1024,457,
s713566090,p02791,u545689847,1586620174,C++,C++14 (GCC 5.4.1),cpp,Wrong Answer,59,1152,453,
s255355387,p02791,u427344224,1586619122,C++,C++14 (GCC 5.4.1),cpp,Accepted,18,1792,1015,
s414732872,p02791,u592961584,1586618563,C++,C++14 (GCC 5.4.1),cpp,Accepted,60,1024,303,
s191718874,p02791,u000349418,1586617712,Python,Python (3.4.3),py,Accepted,141,24744,231,
s383651943,p02791,u416773418,1586616167,C++,C++14 (GCC 5.4.1),cpp,Accepted,80,1024,492,
s449839576,p02791,u654949547,1586615843,C++,C++14 (GCC 5.4.1),cpp,Accepted,79,256,424,
s596669687,p02791,u224554402,1586614063,Python,Python (3.4.3),py,Time Limit Exceeded,2104,24744,182,
s478550753,p02791,u399221188,1586612580,C++,C++14 (GCC 5.4.1),cpp,Accepted,62,1024,910,
s447823120,p02791,u190875453,1586612290,C++,C++14 (GCC 5.4.1),cpp,Accepted,76,256,456,
s317597709,p02791,u590927341,1586611608,C++,C++14 (GCC 5.4.1),cpp,Accepted,67,1024,2184,
s688211573,p02791,u399221188,1586611545,C++,C++14 (GCC 5.4.1),cpp,Runtime Error,100,256,928,
s145556030,p02791,u399221188,1586611338,C++,C++14 (GCC 5.4.1),cpp,Runtime Error,98,256,928,
s572575175,p02791,u399221188,1586611221,C++,C++14 (GCC 5.4.1),cpp,Runtime Error,99,256,928,
s378707423,p02791,u399221188,1586610993,C++,C++14 (GCC 5.4.1),cpp,Runtime Error,98,256,928,
s520970846,p02791,u399221188,1586610927,C++,C++14 (GCC 5.4.1),cpp,Runtime Error,98,256,927,
s422237306,p02791,u556589653,1586610861,Python,Python (3.4.3),py,Accepted,108,24744,158,
s837561883,p02791,u590927341,1586610568,C++,C++14 (GCC 5.4.1),cpp,Wrong Answer,61,1024,2082,
s559080459,p02791,u556589653,1586609737,Python,Python (3.4.3),py,Wrong Answer,142,24872,227,
s594301873,p02791,u556589653,1586609568,Python,Python (3.4.3),py,Wrong Answer,120,24744,206,
s631489775,p02791,u987476436,1586609438,C++,C++14 (GCC 5.4.1),cpp,Accepted,77,256,529,
s342564446,p02791,u556589653,1586609271,Python,Python (3.4.3),py,Time Limit Exceeded,2104,24744,233,
s509211517,p02791,u077870329,1586606635,C,C (GCC 5.4.1),c,Accepted,22,128,300,
s129766002,p02791,u489603283,1586601027,C++,C++14 (GCC 5.4.1),cpp,Accepted,61,1024,434,
s447413796,p02791,u115927976,1586600350,C++,C++14 (GCC 5.4.1),cpp,Accepted,67,1024,339,
s881463306,p02791,u115927976,1586600320,C++,C++14 (GCC 5.4.1),cpp,Compile Error,,,339,
s646930360,p02791,u115927976,1586600123,C++,C++14 (GCC 5.4.1),cpp,Wrong Answer,61,1792,312,
s832131998,p02791,u034865202,1586598618,C++,C++14 (GCC 5.4.1),cpp,Accepted,73,10368,5308,
s253462611,p02791,u417096287,1586598527,C++,C++14 (GCC 5.4.1),cpp,Accepted,78,1024,353,
s675842262,p02791,u399221188,1586598371,C++,C++14 (GCC 5.4.1),cpp,Runtime Error,97,256,973,
s922971583,p02791,u101814041,1586597245,C++,C++14 (GCC 5.4.1),cpp,Accepted,77,1024,711,
s006465886,p02791,u521271655,1586592524,Python,Python (3.4.3),py,Accepted,112,24744,198,
s570342891,p02791,u521271655,1586592094,Python,Python (3.4.3),py,Time Limit Exceeded,2104,24744,198,
s775405812,p02791,u521271655,1586591700,Python,PyPy3 (2.4.0),py,Time Limit Exceeded,2112,136936,205,
s016627148,p02791,u521271655,1586591654,Python,Python (3.4.3),py,Time Limit Exceeded,2104,24744,205,
s216788188,p02791,u919867411,1586576881,C++,C++14 (GCC 5.4.1),cpp,Accepted,62,1024,820,
s708504907,p02791,u378563676,1586576857,C++,C++14 (GCC 5.4.1),cpp,Time Limit Exceeded,2103,1024,300,
s964469756,p02791,u378563676,1586576629,C++,C++14 (GCC 5.4.1),cpp,Compile Error,,,300,
s054757014,p02791,u070488164,1586574650,C++,C++14 (GCC 5.4.1),cpp,Accepted,21,12032,2141,
s329638060,p02791,u455696572,1586569290,C++,C++14 (GCC 5.4.1),cpp,Accepted,77,256,200,
s811854872,p02791,u690272026,1586563783,C++,C++14 (GCC 5.4.1),cpp,Accepted,60,1024,624,
s875585752,p02791,u283929013,1586559397,Python,Python (3.4.3),py,Accepted,133,24744,169,
s490665811,p02791,u283929013,1586559114,Python,Python (3.4.3),py,Time Limit Exceeded,2104,24744,223,
s056953832,p02791,u927053131,1586553481,C++,C++14 (GCC 5.4.1),cpp,Accepted,63,1024,367,
s909623992,p02791,u957377447,1586550022,C++,C++ (GCC 5.4.1),cpp,Accepted,61,1792,457,
s727315149,p02791,u957377447,1586549298,C++,C++ (GCC 5.4.1),cpp,Wrong Answer,61,1792,444,
s853439636,p02791,u229524069,1586548096,C++,C++14 (GCC 5.4.1),cpp,Accepted,78,256,252,
s555918337,p02791,u691018832,1586544572,Python,Python (3.4.3),py,Accepted,145,20348,334,
s360237180,p02791,u691018832,1586544411,Python,Python (3.4.3),py,Wrong Answer,111,20348,289,
s196707944,p02791,u122694091,1586542584,C++,C++14 (GCC 5.4.1),cpp,Accepted,76,12800,948,
s864398523,p02791,u662613350,1586540202,C++,C++14 (GCC 5.4.1),cpp,Accepted,19,3328,1361,
s700252930,p02791,u662613350,1586539680,C++,C++14 (GCC 5.4.1),cpp,Time Limit Exceeded,2103,1792,1286,
s711168662,p02791,u253584031,1586536767,C,C (GCC 5.4.1),c,Accepted,22,896,329,
s060070699,p02791,u253584031,1586535826,C,C (GCC 5.4.1),c,Time Limit Exceeded,2103,896,333,
s397941140,p02791,u240370848,1586525627,C++,C++14 (GCC 5.4.1),cpp,Accepted,60,1024,404,
s640062048,p02791,u317379170,1586515593,C++,C++14 (GCC 5.4.1),cpp,Accepted,77,1024,407,
s923017251,p02791,u808976884,1586515531,Kotlin,Kotlin (1.0.0),kt,Accepted,667,80932,348,
s985766951,p02791,u813387707,1586514705,Python,Python (3.4.3),py,Accepted,106,24744,195,
s499584744,p02791,u113960459,1586514606,C++,C++14 (GCC 5.4.1),cpp,Accepted,62,1024,290,
s503792164,p02791,u113960459,1586514457,C++,C++14 (GCC 5.4.1),cpp,Wrong Answer,60,1024,288,
s415504146,p02791,u088608223,1586511936,C++,C++14 (GCC 5.4.1),cpp,Accepted,20,1792,2992,
s508122928,p02791,u808976884,1586510432,Kotlin,Kotlin (1.0.0),kt,Wrong Answer,2111,92224,566,
s371432491,p02791,u991567869,1586510029,Python,Python (3.4.3),py,Accepted,100,24744,152,
s059668181,p02791,u991567869,1586509810,Python,Python (3.4.3),py,Accepted,107,24744,163,
s723547055,p02791,u991567869,1586509632,Python,Python (3.4.3),py,Time Limit Exceeded,2104,24744,156,
s820147471,p02791,u808976884,1586508702,Kotlin,Kotlin (1.0.0),kt,Wrong Answer,631,82748,335,
s011332242,p02791,u333114422,1586508652,C,C (GCC 5.4.1),c,Accepted,22,896,229,
s212152513,p02791,u333114422,1586508569,C,C (GCC 5.4.1),c,Wrong Answer,22,896,234,
s400255298,p02791,u636018568,1586505525,C++,C++14 (GCC 5.4.1),cpp,Accepted,60,1024,407,
s544020303,p02791,u636018568,1586504192,C++,C++14 (GCC 5.4.1),cpp,Time Limit Exceeded,2103,1024,412,
s126427991,p02791,u047452365,1586503987,C++,C++14 (GCC 5.4.1),cpp,Accepted,77,1024,375,
s120923296,p02791,u636018568,1586503034,C++,C++14 (GCC 5.4.1),cpp,Wrong Answer,63,1024,303,
s572316113,p02791,u264405855,1586499962,C++,C++14 (GCC 5.4.1),cpp,Accepted,28,2560,4863,
s549205860,p02791,u264405855,1586499923,C++,C++14 (GCC 5.4.1),cpp,Runtime Error,319,1152,4861,
s341941934,p02791,u264405855,1586498896,C++,C++14 (GCC 5.4.1),cpp,Time Limit Exceeded,2103,1792,4684,
s614154001,p02791,u706341784,1586479520,C++,C++14 (GCC 5.4.1),cpp,Accepted,76,256,275,
s355809415,p02791,u045679746,1586470288,C++,C++14 (GCC 5.4.1),cpp,Accepted,60,1024,580,
s985906799,p02791,u717573950,1586469736,C++,C++14 (GCC 5.4.1),cpp,Accepted,61,1024,359,
s168454539,p02791,u717573950,1586469053,C++,C++14 (GCC 5.4.1),cpp,Time Limit Exceeded,2103,1024,510,
s335497751,p02791,u450883456,1586462819,C++,C++14 (GCC 5.4.1),cpp,Accepted,78,256,549,
s846242002,p02791,u154773519,1586460291,C++,C++14 (GCC 5.4.1),cpp,Accepted,63,1024,375,
s420774847,p02791,u016183710,1586459549,C++,C++14 (GCC 5.4.1),cpp,Accepted,60,1024,307,
s989956256,p02791,u016183710,1586459506,C++,C++14 (GCC 5.4.1),cpp,Compile Error,,,308,
s997917555,p02791,u095192632,1586459471,Python,PyPy3 (2.4.0),py,Accepted,267,75344,193,
s895180229,p02791,u095192632,1586458958,Python,PyPy3 (2.4.0),py,Time Limit Exceeded,2111,137696,150,
s048322608,p02791,u735335967,1586457196,Python,Python (3.4.3),py,Accepted,107,24744,189,
s501937508,p02791,u440920318,1586454218,C++,C++14 (GCC 5.4.1),cpp,Accepted,20,128,242,
s586643170,p02791,u251178539,1586448955,C++,C++14 (GCC 5.4.1),cpp,Accepted,77,1152,665,
s812937395,p02791,u251178539,1586448930,C++,C++14 (GCC 5.4.1),cpp,Accepted,77,1024,663,
s496581943,p02791,u251178539,1586448839,C++,C++14 (GCC 5.4.1),cpp,Wrong Answer,82,1024,659,
s415200780,p02791,u739955570,1586447969,C++,C++14 (GCC 5.4.1),cpp,Accepted,77,1024,221,
s728455854,p02791,u739955570,1586447049,C++,C++14 (GCC 5.4.1),cpp,Wrong Answer,77,1024,217,
s739030088,p02791,u767543103,1586446185,C++,C++14 (GCC 5.4.1),cpp,Accepted,59,1792,19197,
s034045213,p02791,u294638337,1586441427,C++,C++14 (GCC 5.4.1),cpp,Accepted,77,256,289,
s663795993,p02791,u994831328,1586439160,C++,C++14 (GCC 5.4.1),cpp,Accepted,60,1024,1281,
s476585752,p02791,u545377970,1586439136,C++,C++14 (GCC 5.4.1),cpp,Accepted,77,256,298,
s241148800,p02791,u085927574,1586438486,C++,C++14 (Clang 3.8.0),cpp,Accepted,166,1024,461,
s920099631,p02791,u215334265,1586437915,Python,PyPy3 (2.4.0),py,Accepted,252,75472,151,
s811689239,p02791,u602773379,1586437609,Python,Python (3.4.3),py,Accepted,121,25348,406,
s012327131,p02791,u602773379,1586436929,Python,Python (3.4.3),py,Wrong Answer,2105,25348,402,
s307646410,p02791,u602773379,1586436860,Python,Python (3.4.3),py,Time Limit Exceeded,2104,25348,427,
s952162184,p02791,u296101474,1586433660,Python,Python (3.4.3),py,Accepted,117,24744,200,
s460845178,p02791,u296101474,1586433374,Python,Python (3.4.3),py,Time Limit Exceeded,2104,24744,189,
s456147042,p02791,u296101474,1586433285,Python,Python (3.4.3),py,Time Limit Exceeded,2108,24744,166,
s122069921,p02791,u296101474,1586433234,Python,Python (3.4.3),py,Time Limit Exceeded,2104,24744,174,
s181338740,p02791,u296101474,1586433130,Python,Python (3.4.3),py,Time Limit Exceeded,2104,24744,191,
s722114344,p02791,u296101474,1586432831,Python,Python (3.4.3),py,Time Limit Exceeded,2104,24744,245,
s723920216,p02791,u928758473,1586428453,Python,Python (3.4.3),py,Accepted,90,24744,333,
s841517472,p02791,u646962247,1586427904,C++,C++14 (GCC 5.4.1),cpp,Accepted,60,1024,897,
s312352030,p02791,u969850098,1586427227,Python,Python (3.4.3),py,Accepted,78,24744,249,
s413042404,p02791,u169190252,1586426399,C++,C++14 (GCC 5.4.1),cpp,Accepted,60,1024,479,
s268390456,p02791,u906228467,1586425066,C++,C++14 (GCC 5.4.1),cpp,Accepted,63,1024,292,
s244600535,p02791,u573144253,1586423592,Python,Python (3.4.3),py,Accepted,109,24744,167,
s220056921,p02791,u573144253,1586422998,Python,Python (3.4.3),py,Wrong Answer,111,24744,140,
s433513647,p02791,u913232477,1586397593,Rust,Rust (1.15.1),rs,Accepted,11,8828,313343,
s235131741,p02791,u024442309,1586394465,Python,Python (3.4.3),py,Accepted,111,24744,217,
s533612345,p02791,u024442309,1586394330,Python,PyPy3 (2.4.0),py,Runtime Error,236,75472,151,
s183926026,p02791,u024442309,1586393712,Python,Python (3.4.3),py,Time Limit Exceeded,2104,24744,138,
s963363500,p02791,u806403461,1586385042,Python,Python (3.4.3),py,Accepted,141,25128,313,
s050436780,p02791,u806403461,1586384984,Python,Python (3.4.3),py,Accepted,143,25252,327,
s311985991,p02791,u806403461,1586384519,Python,Python (3.4.3),py,Wrong Answer,2104,25128,296,
s800417174,p02791,u147808483,1586384257,C++,C++14 (GCC 5.4.1),cpp,Accepted,61,1792,357,
s715814543,p02791,u806403461,1586384086,Python,Python (3.4.3),py,Wrong Answer,2104,25128,242,
s246469858,p02791,u147808483,1586383831,C++,C++14 (GCC 5.4.1),cpp,Time Limit Exceeded,2103,1792,311,
s545354529,p02791,u446460730,1586383784,Python,Python (3.4.3),py,Accepted,89,24744,172,
s820786667,p02791,u472696272,1586380593,Python,Python (3.4.3),py,Accepted,105,24744,174,
s381132078,p02791,u472696272,1586380189,Python,Python (3.4.3),py,Time Limit Exceeded,2104,24744,221,
s532495408,p02791,u472696272,1586380019,Python,Python (3.4.3),py,Time Limit Exceeded,2104,24744,236,
s235855042,p02791,u089888152,1586379412,C++,C++14 (GCC 5.4.1),cpp,Accepted,80,256,321,
s440509969,p02791,u968313090,1586379196,C++,C++14 (GCC 5.4.1),cpp,Accepted,60,1792,310,
s377228405,p02791,u089888152,1586378670,C++,C++14 (GCC 5.4.1),cpp,Time Limit Exceeded,2103,1024,509,
s386387206,p02791,u067105756,1586378391,Python,Python (3.4.3),py,Accepted,116,24744,170,
s776353902,p02791,u219180252,1586377891,Python,PyPy3 (2.4.0),py,Accepted,247,75344,149,
s173808195,p02791,u316440712,1586377630,C++,C++14 (GCC 5.4.1),cpp,Accepted,4,256,6032,
s399489243,p02791,u219180252,1586377195,Python,PyPy3 (2.4.0),py,Wrong Answer,246,75472,129,
s682690679,p02791,u219180252,1586377081,Python,PyPy3 (2.4.0),py,Time Limit Exceeded,2112,135660,186,
s365369194,p02791,u920103253,1586376912,Python,Python (3.4.3),py,Accepted,120,25716,307,
s425195399,p02791,u219180252,1586375862,Python,PyPy3 (2.4.0),py,Wrong Answer,256,76624,129,
s656533634,p02791,u889898198,1586372944,C++,C++14 (GCC 5.4.1),cpp,Accepted,18,256,382,
s709685400,p02791,u789157713,1586371317,C++,C++14 (GCC 5.4.1),cpp,Accepted,19,1024,796,
s287593875,p02791,u047102107,1586366313,Python,PyPy3 (2.4.0),py,Accepted,257,79568,317,
s273693815,p02791,u461833298,1586357947,Python,Python (3.4.3),py,Accepted,175,26012,197,
s450584632,p02791,u461833298,1586357761,Python,Python (3.4.3),py,Wrong Answer,155,24744,183,
s037192706,p02791,u461833298,1586357219,Python,Python (3.4.3),py,Time Limit Exceeded,2104,25768,168,
s966177977,p02791,u763143338,1586355208,C++,C++14 (GCC 5.4.1),cpp,Accepted,78,256,387,
s069631459,p02791,u602267597,1586354035,C++,C++14 (GCC 5.4.1),cpp,Accepted,60,1024,756,
s588431576,p02791,u602267597,1586354004,C++,C++14 (GCC 5.4.1),cpp,Compile Error,,,781,
s179005506,p02791,u602267597,1586353759,C++,C++14 (GCC 5.4.1),cpp,Compile Error,,,781,
s431191639,p02791,u871709179,1586353557,C++,C++14 (GCC 5.4.1),cpp,Accepted,60,1792,542,
s306186290,p02791,u568545273,1586353287,C++,C++14 (GCC 5.4.1),cpp,Accepted,60,1792,1949,
s225425658,p02791,u441865202,1586353258,C++,C++14 (GCC 5.4.1),cpp,Accepted,63,3328,831,
s537326115,p02791,u871709179,1586353155,C++,C++14 (GCC 5.4.1),cpp,Time Limit Exceeded,2103,3328,635,
s415024961,p02791,u871709179,1586352928,C++,C++14 (GCC 5.4.1),cpp,Time Limit Exceeded,2103,3328,666,
s177342427,p02791,u986480146,1586352701,C++,C++14 (GCC 5.4.1),cpp,Accepted,63,1024,373,
s802951719,p02791,u164448353,1586350800,C++,C++14 (GCC 5.4.1),cpp,Accepted,76,384,247,
s895346799,p02791,u871709179,1586350468,C++,C++14 (GCC 5.4.1),cpp,Time Limit Exceeded,2103,1792,536,
s247715877,p02791,u756784272,1586349742,C++,C++14 (Clang 3.8.0),cpp,Accepted,158,632,782,
s406185886,p02791,u153630632,1586349293,Scheme,Scheme (Gauche 0.9.3.3),scm,Accepted,142,36860,342,
s249200279,p02791,u756784272,1586349060,C++,C++14 (Clang 3.8.0),cpp,Time Limit Exceeded,2103,1792,867,
s985243119,p02791,u153630632,1586348918,Scheme,Scheme (Gauche 0.9.3.3),scm,Accepted,147,35708,356,
s934510082,p02791,u186629418,1586348323,C++,C++14 (GCC 5.4.1),cpp,Accepted,76,256,251,
s820401129,p02791,u346395915,1586330958,Python,Python (3.4.3),py,Accepted,152,24744,168,
s000003514,p02791,u346395915,1586330859,Python,Python (3.4.3),py,Time Limit Exceeded,2110,24744,156,
s104045004,p02791,u314188085,1586326266,C++,C++14 (GCC 5.4.1),cpp,Accepted,63,1792,408,
s392442695,p02791,u688789047,1586325389,C++,C++14 (GCC 5.4.1),cpp,Accepted,19,1024,473,
s960951364,p02791,u074893621,1586317070,C++,C++14 (GCC 5.4.1),cpp,Accepted,63,1024,350,
s969115956,p02791,u079182025,1586313991,Python,Python (3.4.3),py,Accepted,139,24744,214,
s861420282,p02791,u795928154,1586309807,Python,Python (3.4.3),py,Time Limit Exceeded,2104,19136,269,
s228886345,p02791,u157232970,1586304069,C++,C++14 (GCC 5.4.1),cpp,Wrong Answer,18,1024,368,
s350655278,p02791,u157232970,1586303632,C++,C++14 (GCC 5.4.1),cpp,Wrong Answer,18,1024,392,
s358109440,p02791,u847165882,1586297576,Python,Python (3.4.3),py,Wrong Answer,2104,25768,180,
s851079459,p02791,u378991640,1586295699,C++,C++14 (GCC 5.4.1),cpp,Accepted,18,256,698,
s590138630,p02791,u531813438,1586295452,Python,Python (3.4.3),py,Accepted,150,24744,146,
s695102335,p02791,u491550356,1586293913,Go,Go (1.6),go,Accepted,222,3840,350,
s573228772,p02791,u309168663,1586293874,C++,C++14 (GCC 5.4.1),cpp,Accepted,76,256,275,
s987574554,p02791,u309168663,1586293347,C++,C++14 (GCC 5.4.1),cpp,Time Limit Exceeded,2107,1792,380,
s087518173,p02791,u994307795,1586286275,Python,Python (3.4.3),py,Accepted,106,24744,135,
s640208546,p02791,u443602946,1586283456,Rust,Rust (1.15.1),rs,Accepted,12,8828,313255,
s161741573,p02791,u443602946,1586282951,Rust,Rust (1.15.1),rs,Accepted,11,8828,313255,
s936053078,p02791,u114137758,1586280659,C++,C++14 (GCC 5.4.1),cpp,Accepted,17,256,6108,
s562634770,p02791,u448096745,1586278357,C++,C++14 (GCC 5.4.1),cpp,Accepted,77,256,722,
s402104982,p02791,u448096745,1586278338,C++,C++14 (GCC 5.4.1),cpp,Compile Error,,,726,
s912511208,p02791,u744034042,1586277991,Python,Python (3.4.3),py,Time Limit Exceeded,2104,24744,105,
s934092599,p02791,u904131021,1586277709,C++,C++14 (GCC 5.4.1),cpp,Accepted,60,1792,417,
s184606454,p02791,u439421256,1586275890,C++,C++14 (GCC 5.4.1),cpp,Accepted,59,1792,372,
s341567716,p02791,u328811800,1586275656,C++,C++14 (GCC 5.4.1),cpp,Accepted,59,1024,320,
s655125880,p02791,u439421256,1586275532,C++,C++14 (GCC 5.4.1),cpp,Time Limit Exceeded,2103,1792,449,
s745306854,p02791,u328811800,1586275502,C++,C++14 (GCC 5.4.1),cpp,Wrong Answer,62,1024,320,
s677754232,p02791,u485925545,1586275298,C++,C++14 (GCC 5.4.1),cpp,Accepted,64,1024,350,
s985273657,p02791,u485925545,1586273379,C++,C++14 (GCC 5.4.1),cpp,Time Limit Exceeded,2103,1792,363,
s056028219,p02791,u485925545,1586273294,C++,C++14 (GCC 5.4.1),cpp,Compile Error,,,361,
s096443305,p02791,u870965055,1586268124,C++,C++14 (GCC 5.4.1),cpp,Accepted,78,256,196,
s272257261,p02791,u337626942,1586261537,Python,PyPy3 (2.4.0),py,Time Limit Exceeded,2108,77520,205,
s818426169,p02791,u337626942,1586260996,Python,Python (3.4.3),py,Accepted,110,24744,132,
s803364327,p02791,u337626942,1586260917,Python,Python (3.4.3),py,Runtime Error,17,2940,137,
s978246047,p02791,u337626942,1586260796,Python,Python (3.4.3),py,Time Limit Exceeded,2104,24744,203,
s779265546,p02791,u337626942,1586260694,Python,Python (3.4.3),py,Runtime Error,17,3064,143,
s138506869,p02791,u602591412,1586260540,Ruby,Ruby (2.3.3),rb,Accepted,99,17180,124,
s711238520,p02791,u131000248,1586252065,Python,Python (3.4.3),py,Accepted,150,25768,153,
s941981271,p02791,u420344407,1586249736,Python,Python (3.4.3),py,Accepted,89,24744,168,
s896549268,p02791,u420344407,1586249242,Python,Python (3.4.3),py,Wrong Answer,82,24744,162,
s425821049,p02791,u420344407,1586249177,Python,Python (3.4.3),py,Wrong Answer,100,24744,164,
s760369698,p02791,u420344407,1586249064,Python,Python (3.4.3),py,Wrong Answer,106,24744,186,
s099262239,p02791,u420344407,1586248753,Python,Python (3.4.3),py,Wrong Answer,105,24744,158,
s618884732,p02791,u877494916,1586245225,C++,C++14 (GCC 5.4.1),cpp,Accepted,76,1024,377,
s488707920,p02791,u337626942,1586243765,Python,Python (3.4.3),py,Time Limit Exceeded,2104,24744,203,
s727341257,p02791,u066647962,1586227116,C++,C++14 (GCC 5.4.1),cpp,Accepted,61,1024,329,
s107786165,p02791,u751717561,1586211597,Python,Python (3.4.3),py,Accepted,110,24872,166,
s821897120,p02791,u751717561,1586211337,Python,Python (3.4.3),py,Time Limit Exceeded,2108,24744,142,
s477738271,p02791,u423718751,1586209278,C++,C++14 (GCC 5.4.1),cpp,Accepted,18,1024,1247,
s754606416,p02791,u803173123,1586206652,C++,C++14 (GCC 5.4.1),cpp,Accepted,79,256,602,
s441508592,p02791,u057483262,1586205817,Python,Python (3.4.3),py,Accepted,127,25096,2139,
s579073460,p02791,u735008991,1586205223,Python,PyPy3 (2.4.0),py,Accepted,246,75472,143,
s025665389,p02791,u735008991,1586204961,Python,PyPy3 (2.4.0),py,Wrong Answer,242,75472,152,
s296256895,p02791,u434296044,1586202388,Python,Python (3.4.3),py,Time Limit Exceeded,2104,24744,250,
s186532315,p02791,u289547799,1586199390,Python,Python (3.4.3),py,Accepted,110,24744,182,
s483121079,p02791,u471069244,1586198323,C++,C++14 (GCC 5.4.1),cpp,Accepted,79,256,322,
s561452081,p02791,u350072791,1586196164,C++,C++14 (GCC 5.4.1),cpp,Accepted,66,1024,351,
s136968981,p02791,u411751515,1586193644,C++,C++14 (GCC 5.4.1),cpp,Accepted,20,1792,2443,
s605771564,p02791,u915761992,1586192858,C#,C# (Mono 4.6.2.0),cs,Accepted,107,34012,914,
s166963289,p02791,u915761992,1586192721,C#,C# (Mono 4.6.2.0),cs,Accepted,107,33628,900,
s407535359,p02791,u915761992,1586192519,C#,C# (Mono 4.6.2.0),cs,Time Limit Exceeded,2109,34140,1295,
s194071442,p02791,u915761992,1586191616,C#,C# (Mono 4.6.2.0),cs,Wrong Answer,106,34140,776,
s648404027,p02791,u604874738,1586189050,Python,Python (3.4.3),py,Accepted,156,24744,435,
s853537274,p02791,u604874738,1586188887,Python,Python (3.4.3),py,Wrong Answer,125,24744,415,
s738843573,p02791,u604874738,1586188408,Python,Python (3.4.3),py,Time Limit Exceeded,2104,24744,350,
s013246750,p02791,u604874738,1586188235,Python,Python (3.4.3),py,Time Limit Exceeded,2104,24744,257,
s892733446,p02791,u604874738,1586187367,Python,Python (3.4.3),py,Time Limit Exceeded,2104,26012,362,
s298497959,p02791,u229120147,1586186224,Java,Java8 (OpenJDK 1.8.0),java,Accepted,576,63576,354,
s651559384,p02791,u229120147,1586185462,Java,Java8 (OpenJDK 1.8.0),java,Wrong Answer,565,61180,354,
s275788650,p02791,u401487574,1586183812,Python,Python (3.4.3),py,Accepted,109,24744,153,
s704911757,p02791,u331140961,1586182698,C++,C++14 (GCC 5.4.1),cpp,Accepted,18,256,1242,
s502746366,p02791,u512857550,1586165491,C++,C++14 (GCC 5.4.1),cpp,Accepted,62,1024,596,
s162138292,p02791,u471593927,1586164354,Python,Python (3.4.3),py,Accepted,119,25768,197,
s712445167,p02791,u749512407,1586153117,Python,Python (3.4.3),py,Accepted,91,24744,139,
s477991589,p02791,u749512407,1586152829,Python,PyPy3 (2.4.0),py,Time Limit Exceeded,2112,138356,188,
s217786105,p02791,u350072791,1586149753,C++,C++14 (GCC 5.4.1),cpp,Accepted,88,39296,346,
s265089024,p02791,u350072791,1586149117,C++,C++14 (GCC 5.4.1),cpp,Time Limit Exceeded,2104,78336,393,
s130731754,p02791,u749512407,1586145553,Python,PyPy3 (2.4.0),py,Time Limit Exceeded,2111,125828,190,
s969731698,p02791,u003475507,1586140292,Python,Python (3.4.3),py,Accepted,107,24744,173,
s903918436,p02791,u003475507,1586139814,Python,Python (3.4.3),py,Time Limit Exceeded,2104,24744,121,
s531832387,p02791,u931462344,1586134314,Python,Python (3.4.3),py,Accepted,138,24744,155,
s746838923,p02791,u211964883,1586127005,C++,C++14 (GCC 5.4.1),cpp,Accepted,19,2548,3437,
s546155692,p02791,u266665184,1586119719,Java,Java8 (OpenJDK 1.8.0),java,Accepted,140,24148,6459,
s014676718,p02791,u050876787,1586119345,Python,Python (3.4.3),py,Accepted,106,24744,170,
s283121336,p02791,u327950489,1586118057,C++,C++14 (GCC 5.4.1),cpp,Accepted,63,1024,642,
s053411920,p02791,u244646835,1586116434,C++,C++14 (GCC 5.4.1),cpp,Accepted,18,1792,966,
s247007508,p02791,u940102677,1586116337,C++,C++14 (GCC 5.4.1),cpp,Accepted,76,256,259,
s186009312,p02791,u975652044,1586116148,Python,Python (3.4.3),py,Accepted,139,17780,149,
s630346394,p02791,u625457055,1586114698,C++,C++14 (GCC 5.4.1),cpp,Time Limit Exceeded,2103,1024,439,
s834711583,p02791,u625457055,1586114597,C++,C++14 (GCC 5.4.1),cpp,Time Limit Exceeded,2103,1152,429,
s155621018,p02791,u146788010,1586110050,C++,C++14 (GCC 5.4.1),cpp,Accepted,78,1152,298,
s686127187,p02791,u146788010,1586109149,C++,C++14 (GCC 5.4.1),cpp,Time Limit Exceeded,2103,1024,284,
s831054213,p02791,u541610817,1586107606,Python,Python (3.4.3),py,Accepted,138,24744,139,
s145154146,p02791,u857293613,1586107114,Python,Python (3.4.3),py,Accepted,197,24872,182,
s785141493,p02791,u857293613,1586106616,Python,Python (3.4.3),py,Time Limit Exceeded,2104,24744,147,
s723202932,p02791,u247123590,1586105661,C++,C++14 (GCC 5.4.1),cpp,Accepted,60,1024,297,
s568877837,p02791,u857293613,1586105620,Python,Python (3.4.3),py,Time Limit Exceeded,2104,24744,205,
s518278121,p02791,u026402121,1586105300,Python,Python (3.4.3),py,Accepted,198,31504,146,
s837926683,p02791,u026402121,1586104271,Python,PyPy3 (2.4.0),py,Time Limit Exceeded,2107,77420,164,
s313720142,p02791,u026402121,1586104232,Python,Python (3.4.3),py,Time Limit Exceeded,2104,24744,164,
s835535975,p02791,u603158869,1586102786,Java,Java8 (OpenJDK 1.8.0),java,Accepted,577,65696,447,
s865265357,p02791,u948522631,1586102586,Python,Python (3.4.3),py,Accepted,90,24744,126,
s878995415,p02791,u073139376,1586101280,C++,C++14 (GCC 5.4.1),cpp,Accepted,60,1792,323,
s433370023,p02791,u073139376,1586100839,C++,C++14 (GCC 5.4.1),cpp,Time Limit Exceeded,2103,1792,301,
s157463095,p02791,u073139376,1586100811,Python,Python (3.4.3),py,Runtime Error,17,2940,301,
s476461281,p02791,u726957641,1586100683,C++,C++14 (GCC 5.4.1),cpp,Accepted,62,1024,287,
s646479451,p02791,u554200903,1586100663,C++,C++14 (GCC 5.4.1),cpp,Accepted,59,256,472,
s744307539,p02791,u726957641,1586100608,C++,C++14 (GCC 5.4.1),cpp,Compile Error,,,260,
s397910965,p02791,u073139376,1586099928,Python,Python (3.4.3),py,Time Limit Exceeded,2104,24744,128,
s908302386,p02791,u914047482,1586099325,C++,C++14 (GCC 5.4.1),cpp,Accepted,19,1024,2807,
s368756783,p02791,u073139376,1586099162,C++,C++14 (GCC 5.4.1),cpp,Wrong Answer,59,1024,275,
s636814502,p02791,u594803920,1586098192,Python,Python (3.4.3),py,Accepted,115,24744,163,
s394428415,p02791,u594803920,1586097395,Python,PyPy3 (2.4.0),py,Time Limit Exceeded,2108,72400,301,
s244517704,p02791,u073139376,1586097368,C++,C++14 (GCC 5.4.1),cpp,Wrong Answer,59,1024,275,
s274516367,p02791,u594803920,1586097361,Python,Python (3.4.3),py,Time Limit Exceeded,2104,23572,301,
s711042739,p02791,u073139376,1586097348,C++,C++14 (GCC 5.4.1),cpp,Compile Error,,,127,
s775508594,p02791,u979429407,1586092856,Kotlin,Kotlin (1.0.0),kt,Accepted,663,82764,355,
s814544399,p02791,u979429407,1586092303,Kotlin,Kotlin (1.0.0),kt,Time Limit Exceeded,2111,82920,290,
s118159106,p02791,u600402037,1586086532,Python,Python (3.4.3),py,Accepted,217,34140,235,
s530420357,p02791,u703432897,1586084054,C++,C++14 (GCC 5.4.1),cpp,Accepted,63,1024,391,
s238226215,p02791,u289545075,1586050187,C++,C++14 (GCC 5.4.1),cpp,Accepted,60,1024,370,
s797062603,p02791,u245788181,1586048898,C++,C++14 (GCC 5.4.1),cpp,Time Limit Exceeded,2103,1024,539,
s143487512,p02791,u192307314,1586037048,C++,C++14 (GCC 5.4.1),cpp,Accepted,77,256,343,
s646137549,p02791,u185295955,1586032595,C++,C++14 (GCC 5.4.1),cpp,Accepted,18,1792,1199,
s387106293,p02791,u997369989,1586029305,C++,C++14 (GCC 5.4.1),cpp,Accepted,19,1408,766,
s040099781,p02791,u219831209,1586024195,C++,C++14 (GCC 5.4.1),cpp,Accepted,60,1024,369,
s744287479,p02791,u550884590,1586023693,Go,Go (1.6),go,Accepted,41,3584,1504,
s157527520,p02791,u550884590,1586023200,Go,Go (1.6),go,Time Limit Exceeded,2107,3584,1490,
s723679497,p02791,u686751625,1586022769,Java,Java8 (OpenJDK 1.8.0),java,Accepted,639,94512,668,
s043548396,p02791,u686751625,1586022427,Java,Java8 (OpenJDK 1.8.0),java,Wrong Answer,553,64592,431,
s473608240,p02791,u146788010,1586017322,C++,C++14 (GCC 5.4.1),cpp,Time Limit Exceeded,2103,1024,299,
s298318521,p02791,u219086885,1586014684,Haskell,Haskell (GHC 7.10.3),hs,Accepted,22,9212,342,
s670138801,p02791,u699600793,1586008931,C++,C++14 (GCC 5.4.1),cpp,Accepted,77,1024,367,
s253294359,p02791,u699600793,1586007466,C++,C++14 (GCC 5.4.1),cpp,Time Limit Exceeded,2103,1024,391,
s882421941,p02791,u231038326,1586006517,Python,Python (3.4.3),py,Time Limit Exceeded,2108,24744,149,
s721532872,p02791,u231038326,1586006408,Python,Python (3.4.3),py,Time Limit Exceeded,2104,24744,151,
s173650808,p02791,u231038326,1586005949,Python,Python (3.4.3),py,Wrong Answer,2104,24744,152,
s487662732,p02791,u231038326,1586005114,Python,Python (3.4.3),py,Wrong Answer,2104,24744,145,
s621471362,p02791,u891217808,1586004753,Python,Python (3.4.3),py,Accepted,183,24744,170,
s489263918,p02791,u749022615,1586003133,C++,C++14 (GCC 5.4.1),cpp,Accepted,60,1024,358,
s937876919,p02791,u231038326,1586003082,Python,Python (3.4.3),py,Wrong Answer,2104,24744,182,
s638172773,p02791,u941353203,1586003048,C++,C++14 (GCC 5.4.1),cpp,Accepted,63,1024,436,
s913597117,p02791,u231038326,1586002777,Python,Python (3.4.3),py,Wrong Answer,2105,24744,180,
s877498122,p02791,u941353203,1586002723,C++,C++14 (GCC 5.4.1),cpp,Time Limit Exceeded,2103,1024,487,
s647667204,p02791,u816145694,1586002073,C++,C++14 (GCC 5.4.1),cpp,Accepted,60,1024,332,
s765994281,p02791,u749022615,1586002064,C++,C++14 (GCC 5.4.1),cpp,Time Limit Exceeded,2103,1024,366,
s520404447,p02791,u467503777,1586001884,C++,C++14 (GCC 5.4.1),cpp,Accepted,78,256,557,
s294116348,p02791,u467503777,1586000907,C++,C++14 (GCC 5.4.1),cpp,Wrong Answer,2103,1400,543,
s621729252,p02791,u816145694,1586000307,C++,C++14 (GCC 5.4.1),cpp,Wrong Answer,2103,1024,389,
s824835784,p02791,u852974293,1585997130,Ruby,Ruby (2.3.3),rb,Accepted,97,16764,125,
s783616972,p02791,u882179152,1585994249,Ruby,Ruby (2.3.3),rb,Accepted,102,16516,188,
s321568194,p02791,u540631540,1585994156,Python,Python (3.4.3),py,Accepted,138,25116,79,
s250912497,p02791,u540631540,1585993508,Python,Python (3.4.3),py,Accepted,97,24744,147,
s038679395,p02791,u540631540,1585992111,Python,Python (3.4.3),py,Wrong Answer,2104,25768,177,
s840081412,p02791,u540631540,1585990978,Python,Python (3.4.3),py,Time Limit Exceeded,2104,24744,138,
s860940445,p02791,u998349161,1585978943,C++,C++ (Clang 3.8.0),cpp,Accepted,167,888,333,
s973692167,p02791,u723345499,1585977076,Python,Python (3.4.3),py,Accepted,112,24744,182,
s675713700,p02791,u723345499,1585976525,Python,Python (3.4.3),py,Accepted,146,26580,184,
s637273835,p02791,u723345499,1585976331,Python,Python (3.4.3),py,Wrong Answer,111,24744,157,
s992229889,p02791,u723345499,1585975635,Python,Python (3.4.3),py,Runtime Error,17,2940,133,
s277337860,p02791,u723345499,1585975553,Python,Python (3.4.3),py,Wrong Answer,166,24744,183,
s590752136,p02791,u723345499,1585974005,Python,Python (3.4.3),py,Time Limit Exceeded,2104,24744,137,
s441440264,p02791,u376679882,1585952509,C++,C++14 (GCC 5.4.1),cpp,Accepted,64,1024,414,
s452057051,p02791,u619084943,1585951453,Python,Python (3.4.3),py,Accepted,96,24744,170,
s676999884,p02791,u619084943,1585951253,Python,Python (3.4.3),py,Wrong Answer,76,24744,169,
s608445845,p02791,u962944068,1585948646,Python,Python (3.4.3),py,Time Limit Exceeded,2104,24744,120,
s688342843,p02791,u286427658,1585941283,C++,C++14 (GCC 5.4.1),cpp,Accepted,79,1024,289,
s827187960,p02791,u471707600,1585936196,Ruby,Ruby (2.3.3),rb,Wrong Answer,1147,4604,344,
s758601080,p02791,u708871440,1585936121,PHP,PHP7 (7.0.15),php,Accepted,34,18932,218,
s519160392,p02791,u708871440,1585936082,PHP,PHP7 (7.0.15),php,Runtime Error,9,4604,217,
s152295362,p02791,u708871440,1585935964,PHP,PHP7 (7.0.15),php,Runtime Error,9,4732,216,
s483800173,p02791,u194930818,1585934983,C++,C++14 (GCC 5.4.1),cpp,Accepted,21,1792,614,
s266790896,p02791,u288087195,1585927180,C++,C++14 (GCC 5.4.1),cpp,Accepted,19,1024,730,
s911229920,p02791,u645855527,1585925335,Python,Python (3.4.3),py,Accepted,110,24872,179,
s514861770,p02791,u723345499,1585925169,Python,Python (3.4.3),py,Time Limit Exceeded,2108,24744,182,
s351615486,p02791,u563321291,1585920398,Java,Java7 (OpenJDK 1.7.0),java,Accepted,503,64708,1165,
s696633784,p02791,u962944068,1585919441,Python,Python (3.4.3),py,Time Limit Exceeded,2104,25128,182,
s586284674,p02791,u962944068,1585918595,Python,Python (3.4.3),py,Time Limit Exceeded,2104,24744,141,
s491747994,p02791,u198062737,1585911404,Python,PyPy3 (2.4.0),py,Accepted,244,73180,190,
s983333583,p02791,u010415482,1585910354,Java,Java8 (OpenJDK 1.8.0),java,Wrong Answer,593,64544,358,
s368088824,p02791,u773580152,1585894327,C#,C# (Mono 4.6.2.0),cs,Accepted,99,30684,1201,
s787596590,p02791,u449573758,1585894010,C++,C++14 (GCC 5.4.1),cpp,Accepted,63,1024,1212,
s127245750,p02791,u832158848,1585877292,C++,C++ (GCC 5.4.1),cpp,Accepted,79,1024,269,
s051973719,p02791,u067694718,1585871669,Python,Python (3.4.3),py,Accepted,121,24744,177,
s159633297,p02791,u136670044,1585867960,Haskell,Haskell (GHC 7.10.3),hs,Accepted,1013,99708,297,
s287302841,p02791,u692336506,1585867168,Python,Python (3.4.3),py,Time Limit Exceeded,2104,24744,214,
s098836772,p02791,u874644572,1585867124,Python,Python (3.4.3),py,Time Limit Exceeded,2104,25768,159,
s350433179,p02791,u055685044,1585865706,C++,C++14 (GCC 5.4.1),cpp,Accepted,77,256,598,
s471902185,p02791,u055685044,1585865478,C++,C++14 (GCC 5.4.1),cpp,Time Limit Exceeded,2104,11648,668,
s499250175,p02791,u055685044,1585864997,C++,C++14 (GCC 5.4.1),cpp,Runtime Error,1370,8832,845,
s633733246,p02791,u102242691,1585864902,Python,PyPy3 (2.4.0),py,Accepted,255,85712,336,
s427617437,p02791,u773580152,1585862772,C#,C# (Mono 4.6.2.0),cs,Time Limit Exceeded,2109,31068,1844,
s558619455,p02791,u850516963,1585862303,C++,C++14 (GCC 5.4.1),cpp,Accepted,63,1024,2755,
s921398753,p02791,u850516963,1585860045,C++,C++14 (GCC 5.4.1),cpp,Accepted,60,1024,2859,
s163239104,p02791,u772776435,1585859916,Java,Java8 (OpenJDK 1.8.0),java,Accepted,569,64952,410,
s027979191,p02791,u772776435,1585859551,Java,Java8 (OpenJDK 1.8.0),java,Wrong Answer,582,76820,415,
s802978669,p02791,u536560967,1585858453,Python,Python (3.4.3),py,Accepted,105,24744,183,
s037613356,p02791,u536560967,1585858236,Python,Python (3.4.3),py,Accepted,110,24744,189,
s759873781,p02791,u342075214,1585857558,C++,C++14 (GCC 5.4.1),cpp,Accepted,65,1792,480,
s249170295,p02791,u536560967,1585856759,Python,Python (3.4.3),py,Time Limit Exceeded,2104,26012,245,
s130361947,p02791,u536560967,1585855748,Python,Python (3.4.3),py,Time Limit Exceeded,2104,24744,295,
s159261198,p02791,u619382421,1585855204,C++,C++14 (GCC 5.4.1),cpp,Accepted,61,1792,608,
s602225823,p02791,u619382421,1585855170,C++,C++14 (GCC 5.4.1),cpp,Wrong Answer,398,5504,606,
s974971221,p02791,u863442865,1585854552,Python,PyPy3 (2.4.0),py,Accepted,250,70096,724,
s958703509,p02791,u613920660,1585851494,Python,Python (3.4.3),py,Accepted,115,24872,167,
s245465795,p02791,u619382421,1585846817,C++,C++14 (GCC 5.4.1),cpp,Time Limit Exceeded,2103,1024,437,
s827182086,p02791,u539969758,1585846281,Python,Python (3.4.3),py,Accepted,107,24744,170,
s640133790,p02791,u539969758,1585846063,Python,Python (3.4.3),py,Time Limit Exceeded,2108,24744,187,
s900791357,p02791,u539969758,1585845958,Python,Python (3.4.3),py,Time Limit Exceeded,2104,24744,157,
s247792377,p02791,u539969758,1585845868,Python,Python (3.4.3),py,Runtime Error,65,24744,154,
s006844615,p02791,u693953100,1585844729,Python,Python (3.4.3),py,Accepted,75,25896,226,
s054697477,p02791,u658987783,1585843054,Python,Python (3.4.3),py,Accepted,186,24744,211,
s959012056,p02791,u658987783,1585842975,Python,Python (3.4.3),py,Accepted,181,24744,206,
s242770034,p02791,u131946248,1585842053,C++,C++14 (GCC 5.4.1),cpp,Accepted,60,1024,1260,
s423620035,p02791,u759412327,1585839060,Python,Python (3.4.3),py,Accepted,88,25116,100,
s541348736,p02791,u013803727,1585835069,C++,C++14 (GCC 5.4.1),cpp,Accepted,79,256,468,
s343333813,p02791,u629560745,1585834259,Python,Python (3.4.3),py,Accepted,90,24744,154,
s750072889,p02791,u964947409,1585834216,C++,C++14 (GCC 5.4.1),cpp,Accepted,60,1024,298,
s224494425,p02791,u964947409,1585833907,C++,C++14 (GCC 5.4.1),cpp,Time Limit Exceeded,2103,1024,362,
s655742644,p02791,u629560745,1585833689,Python,Python (3.4.3),py,Time Limit Exceeded,2104,24744,188,
s191851388,p02791,u929618357,1585831261,C++,C++14 (GCC 5.4.1),cpp,Accepted,61,1024,389,
s831982362,p02791,u595730036,1585831135,C++,C++14 (GCC 5.4.1),cpp,Accepted,78,1024,503,
s938011397,p02791,u044007845,1585831125,C++,C++14 (GCC 5.4.1),cpp,Accepted,68,1792,760,
s040929951,p02791,u595730036,1585830935,C++,C++14 (GCC 5.4.1),cpp,Time Limit Exceeded,2103,1024,537,
s344471522,p02791,u044007845,1585830330,C++,C++14 (GCC 5.4.1),cpp,Wrong Answer,60,1792,642,
s428287750,p02791,u044007845,1585830080,C++,C++14 (GCC 5.4.1),cpp,Time Limit Exceeded,2103,1792,527,
s078904018,p02791,u595730036,1585829614,C++,C++14 (GCC 5.4.1),cpp,Time Limit Exceeded,2103,1024,564,
s495176205,p02791,u067694718,1585822519,Python,Python (3.4.3),py,Wrong Answer,836,25768,182,
s381452891,p02791,u642883360,1585821740,C++,C++14 (GCC 5.4.1),cpp,Accepted,18,256,386,
s533141394,p02791,u758831502,1585819341,Python,PyPy3 (2.4.0),py,Accepted,238,75472,138,
s356929270,p02791,u589508454,1585817784,C++,C++14 (GCC 5.4.1),cpp,Time Limit Exceeded,2103,1024,427,
s609846449,p02791,u589508454,1585817692,C++,C++14 (GCC 5.4.1),cpp,Time Limit Exceeded,2103,1024,433,
s032135197,p02791,u541235354,1585817644,Java,Java8 (OpenJDK 1.8.0),java,Accepted,634,91644,667,
s726143253,p02791,u589508454,1585816741,C++,C++14 (GCC 5.4.1),cpp,Wrong Answer,2103,1024,374,
s472862972,p02791,u541235354,1585816579,Java,Java8 (OpenJDK 1.8.0),java,Time Limit Exceeded,2110,81376,684,
s923156463,p02791,u541235354,1585816549,C++,C++14 (GCC 5.4.1),cpp,Compile Error,,,684,
s727293052,p02791,u288430479,1585815964,Python,Python (3.4.3),py,Accepted,145,24744,139,
s000117349,p02791,u288430479,1585815409,Python,Python (3.4.3),py,Time Limit Exceeded,2104,24744,124,
s418231256,p02791,u288430479,1585815057,Python,Python (3.4.3),py,Time Limit Exceeded,2104,24744,146,
s443424084,p02791,u288430479,1585814927,Python,Python (3.4.3),py,Time Limit Exceeded,2104,24744,158,
s451912946,p02791,u864843416,1585810603,Python,Python (3.4.3),py,Accepted,187,24744,388,
s997618815,p02791,u864843416,1585810347,Python,Python (3.4.3),py,Accepted,191,24744,218,
s272114146,p02791,u864843416,1585809872,Python,Python (3.4.3),py,Accepted,183,24744,301,
s935090643,p02791,u864843416,1585809757,Python,Python (3.4.3),py,Wrong Answer,198,24744,302,
s903244675,p02791,u864843416,1585809709,Python,Python (3.4.3),py,Wrong Answer,187,25716,303,
s984839072,p02791,u864843416,1585809587,Python,Python (3.4.3),py,Wrong Answer,191,24744,302,
s676479182,p02791,u864843416,1585809549,Python,Python (3.4.3),py,Wrong Answer,17,3060,324,
s643259002,p02791,u864843416,1585808764,Python,Python (3.4.3),py,Wrong Answer,2104,24744,258,
s156726761,p02791,u864843416,1585808120,Python,Python (3.4.3),py,Wrong Answer,113,24744,169,
s183354031,p02791,u658987783,1585784761,Python,Python (3.4.3),py,Wrong Answer,112,24744,171,
s829892326,p02791,u658987783,1585783632,Python,Python (3.4.3),py,Wrong Answer,112,24744,127,
s588038690,p02791,u865383026,1585781419,Python,Python (3.4.3),py,Accepted,148,24744,144,
s190588503,p02791,u865383026,1585781013,Python,Python (3.4.3),py,Time Limit Exceeded,2104,24744,121,
s155072459,p02791,u865383026,1585780671,Python,Python (3.4.3),py,Time Limit Exceeded,2104,24744,125,
s250570721,p02791,u060359296,1585780271,C++,C++14 (GCC 5.4.1),cpp,Accepted,78,1024,294,
s230130175,p02791,u060359296,1585779585,C++,C++14 (GCC 5.4.1),cpp,Time Limit Exceeded,2103,1024,299,
s935608197,p02791,u995062424,1585777049,Python,Python (3.4.3),py,Accepted,106,24744,162,
s860633058,p02791,u880277518,1585774649,Python,Python (3.4.3),py,Accepted,106,24744,251,
s655222656,p02791,u613920660,1585774011,Python,Python (3.4.3),py,Time Limit Exceeded,2104,24744,223,
s922404390,p02791,u934442292,1585772235,Python,Python (3.4.3),py,Accepted,110,24744,185,
s670298299,p02791,u898209217,1585772123,Haskell,Haskell (GHC 7.10.3),hs,Accepted,52,15740,997,
s463902662,p02791,u043377689,1585771419,C++,C++14 (GCC 5.4.1),cpp,Accepted,59,1024,668,
s525357200,p02791,u021916304,1585769071,Python,Python (3.4.3),py,Accepted,158,25348,335,
s048978161,p02791,u369067792,1585767909,C++,C++14 (GCC 5.4.1),cpp,Accepted,77,1024,542,
s193469931,p02791,u041783158,1585765110,C++,C++14 (GCC 5.4.1),cpp,Accepted,78,1024,320,
s339346238,p02791,u157020659,1585763743,Python,PyPy3 (2.4.0),py,Accepted,254,85584,228,
s508948436,p02791,u595084562,1585763651,C++,C++14 (GCC 5.4.1),cpp,Accepted,63,1024,279,
s164730547,p02791,u595084562,1585763342,C++,C++14 (GCC 5.4.1),cpp,Time Limit Exceeded,2103,1024,319,
s975208467,p02791,u549383771,1585756921,Python,Python (3.4.3),py,Accepted,115,24744,205,
s890872318,p02791,u105709022,1585753841,C++,C++14 (GCC 5.4.1),cpp,Accepted,66,1024,342,
s875020410,p02791,u313897800,1585753826,C++,C++14 (GCC 5.4.1),cpp,Accepted,140,5120,1916,
s306100970,p02791,u313897800,1585753731,C++,C++14 (GCC 5.4.1),cpp,Runtime Error,158,1792,1909,
s351642315,p02791,u863955163,1585743622,Python,Python (3.4.3),py,Accepted,103,24744,159,
s447921990,p02791,u863955163,1585743537,Python,Python (3.4.3),py,Wrong Answer,67,18056,149,
s598671403,p02791,u863955163,1585743161,Python,Python (3.4.3),py,Wrong Answer,2104,20952,117,
s476697467,p02791,u084218424,1585742191,C++,C++14 (GCC 5.4.1),cpp,Accepted,63,1024,1050,
s246324663,p02791,u197968862,1585741108,Python,PyPy3 (2.4.0),py,Accepted,247,75648,209,
s191196271,p02791,u197968862,1585741010,Python,Python (3.4.3),py,Accepted,115,24744,209,
s120099844,p02791,u197968862,1585740518,Python,Python (3.4.3),py,Time Limit Exceeded,2105,24744,215,
s534158283,p02791,u026421211,1585740067,C++,C++14 (GCC 5.4.1),cpp,Accepted,66,1024,361,
s535586308,p02791,u026421211,1585738963,C++,C++14 (GCC 5.4.1),cpp,Time Limit Exceeded,2103,1024,367,
s718596142,p02791,u459402168,1585733816,C++,C++14 (GCC 5.4.1),cpp,Accepted,18,1024,1023,
s979287335,p02791,u528470578,1585731367,Python,Python (3.4.3),py,Accepted,95,24744,154,
s535582107,p02791,u557565572,1585730263,C++,C++14 (GCC 5.4.1),cpp,Accepted,18,1792,899,
s705833364,p02791,u998262711,1585730024,Python,Python (3.4.3),py,Accepted,169,24744,171,
s447719155,p02791,u439975380,1585725488,C++,C++14 (GCC 5.4.1),cpp,Accepted,78,1024,312,
s824157986,p02791,u120050685,1585724816,C++,C++14 (GCC 5.4.1),cpp,Accepted,79,1024,390,
s977178741,p02791,u873927631,1585704598,Python,Python (3.4.3),py,Accepted,138,25984,776,
s058662167,p02791,u257472411,1585693978,Python,Python (3.4.3),py,Accepted,99,24744,168,
s050018469,p02791,u257472411,1585693214,Python,Python (3.4.3),py,Time Limit Exceeded,2104,24744,154,
s910771459,p02791,u223398968,1585691162,C++,C++14 (GCC 5.4.1),cpp,Accepted,77,1024,311,
s881895727,p02791,u568501780,1585691091,C++,C++14 (GCC 5.4.1),cpp,Accepted,77,1024,323,
s071135427,p02791,u768347697,1585691050,C++,C++14 (GCC 5.4.1),cpp,Accepted,59,1920,783,
s473436542,p02791,u521518741,1585686275,Python,PyPy3 (2.4.0),py,Accepted,240,75472,232,
s328639798,p02791,u639502401,1585686086,C++,C++14 (GCC 5.4.1),cpp,Accepted,19,1024,532,
s003246645,p02791,u845995224,1585685422,C++,C++14 (GCC 5.4.1),cpp,Accepted,61,1024,475,
s875480963,p02791,u013281968,1585675381,C++,C++14 (GCC 5.4.1),cpp,Accepted,21,1792,636,
s379292946,p02791,u907446975,1585669555,Python,Python (3.4.3),py,Accepted,107,26012,129,
s692926061,p02791,u907446975,1585669436,Python,Python (3.4.3),py,Wrong Answer,102,24744,114,
s463254103,p02791,u907446975,1585669317,Python,Python (3.4.3),py,Wrong Answer,102,24744,114,
s091995660,p02791,u907446975,1585669245,Python,Python (3.4.3),py,Wrong Answer,99,24744,114,
s842542601,p02791,u907446975,1585668966,Python,Python (3.4.3),py,Wrong Answer,115,24744,115,
s864814329,p02791,u013281968,1585666880,C++,C++14 (GCC 5.4.1),cpp,Time Limit Exceeded,2103,1792,776,
s494360747,p02791,u740267532,1585666602,Python,Python (3.4.3),py,Accepted,106,24744,143,
s984639760,p02791,u282201171,1585656125,C++,C++14 (GCC 5.4.1),cpp,Accepted,19,256,1259,
s350006703,p02791,u880277518,1585653629,Python,Python (3.4.3),py,Wrong Answer,112,24744,119,
s900385517,p02791,u224392861,1585653210,Ruby,Ruby (2.3.3),rb,Accepted,103,15236,151,
s409030564,p02791,u918599282,1585646912,C,C (GCC 5.4.1),c,Accepted,22,128,288,
s216229386,p02791,u758475901,1585642945,Python,Python (3.4.3),py,Accepted,106,24744,144,
s927053990,p02791,u309780279,1585641179,Python,Python (3.4.3),py,Accepted,111,25768,146,
s691773274,p02791,u712918628,1585640244,C++,C++14 (GCC 5.4.1),cpp,Accepted,60,1024,321,
s102480095,p02791,u105302073,1585639926,Python,Python (3.4.3),py,Accepted,136,24744,150,
s983724951,p02791,u620390714,1585631976,C++,C++14 (GCC 5.4.1),cpp,Accepted,59,1792,368,
s474866297,p02791,u620390714,1585630669,C++,C++14 (GCC 5.4.1),cpp,Time Limit Exceeded,2103,1792,437,
s093932828,p02791,u772304668,1585614219,C++,C++14 (GCC 5.4.1),cpp,Accepted,79,256,758,
s399242893,p02791,u863370423,1585609626,C++,C++14 (GCC 5.4.1),cpp,Accepted,65,256,270,
s399575077,p02791,u704064492,1585609235,C++,C++14 (GCC 5.4.1),cpp,Accepted,18,256,621,
s006144798,p02791,u731676872,1585607201,C++,C++14 (GCC 5.4.1),cpp,Accepted,62,256,235,
s177980991,p02791,u745410255,1585605300,C++,C++14 (GCC 5.4.1),cpp,Accepted,63,1024,620,
s545431984,p02791,u137335181,1585604568,C#,C# (Mono 4.6.2.0),cs,Accepted,108,36420,1285,
s668148412,p02791,u354261726,1585604138,Ruby,Ruby (2.3.3),rb,Accepted,105,16516,180,
s194894637,p02791,u143618600,1585604040,C++,C++14 (GCC 5.4.1),cpp,Accepted,18,1024,1731,
s384736126,p02791,u354261726,1585603638,Ruby,Ruby (2.3.3),rb,Time Limit Exceeded,2108,20484,283,
s550109458,p02791,u731676872,1585602113,C++,C++14 (GCC 5.4.1),cpp,Wrong Answer,61,256,250,
s908827310,p02791,u411353821,1585600598,Python,Python (3.4.3),py,Accepted,76,24744,251,
s330850106,p02791,u813098295,1585596067,C++,C++14 (GCC 5.4.1),cpp,Accepted,77,256,279,
s528424240,p02791,u045408189,1585592697,C++,C++14 (GCC 5.4.1),cpp,Accepted,60,1024,384,
s665365346,p02791,u911917041,1585592441,C++,C++14 (GCC 5.4.1),cpp,Accepted,60,1024,445,
s071983889,p02791,u345483150,1585592432,Python,Python (3.4.3),py,Accepted,100,24744,125,
s651530237,p02791,u345483150,1585592291,Python,Python (3.4.3),py,Accepted,100,24744,122,
s522290816,p02791,u345483150,1585592158,Python,Python (3.4.3),py,Accepted,108,24744,157,
s101311728,p02791,u345483150,1585592079,Python,Python (3.4.3),py,Accepted,117,24744,173,
s493428314,p02791,u641884220,1585586612,C++,C++14 (GCC 5.4.1),cpp,Accepted,60,1024,479,
s257457470,p02791,u045408189,1585582409,Python,Python (3.4.3),py,Wrong Answer,113,24744,135,
s808306765,p02791,u528470578,1585582079,Python,Python (3.4.3),py,Time Limit Exceeded,2104,24744,218,
s620777757,p02791,u528470578,1585581907,Python,Python (3.4.3),py,Time Limit Exceeded,2105,24744,271,
s429652527,p02791,u045408189,1585581823,Python,Python (3.4.3),py,Wrong Answer,119,24744,133,
s514336492,p02791,u437215432,1585570151,Python,Python (3.4.3),py,Accepted,128,24744,200,
s248139847,p02791,u437215432,1585568702,Python,Python (3.4.3),py,Time Limit Exceeded,2104,24744,191,
s575997168,p02791,u903699277,1585566841,Python,Python (3.4.3),py,Accepted,90,24744,208,
s683202272,p02791,u903699277,1585566744,Python,PyPy3 (2.4.0),py,Accepted,258,75344,208,
s936880005,p02791,u420130252,1585566175,C++,C++14 (GCC 5.4.1),cpp,Accepted,19,1024,737,
s024625069,p02791,u420130252,1585565961,C++,C++14 (GCC 5.4.1),cpp,Accepted,19,1024,407,
s170084429,p02791,u420130252,1585565092,C++,C++14 (GCC 5.4.1),cpp,Runtime Error,99,256,729,
s078972770,p02791,u578501242,1585563888,Python,Python (3.4.3),py,Accepted,104,24744,132,
s317552931,p02791,u903699277,1585562775,Python,PyPy3 (2.4.0),py,Time Limit Exceeded,2112,138356,422,
s980158000,p02791,u717037783,1585562753,C++,C++14 (GCC 5.4.1),cpp,Accepted,60,1024,510,
s753566349,p02791,u903699277,1585562606,Python,Python (3.4.3),py,Time Limit Exceeded,2108,24744,422,
s930470587,p02791,u136869985,1585562304,C++,C++14 (GCC 5.4.1),cpp,Accepted,18,1024,406,
s145943535,p02791,u903699277,1585562010,Python,Python (3.4.3),py,Time Limit Exceeded,2104,24744,301,
s683570937,p02791,u534481484,1585560637,Go,Go (1.6),go,Accepted,969,5504,226,
s592332955,p02791,u379692329,1585558810,Python,Python (3.4.3),py,Accepted,109,24744,168,
s079720296,p02791,u977062184,1585557304,C++,C++14 (GCC 5.4.1),cpp,Accepted,76,256,282,
s826257010,p02791,u950901760,1585557132,C++,C++14 (GCC 5.4.1),cpp,Accepted,77,1024,281,
s871396292,p02791,u225020286,1585555983,Python,Python (3.4.3),py,Accepted,90,24744,128,
s357650587,p02791,u977062184,1585555852,C++,C++14 (GCC 5.4.1),cpp,Time Limit Exceeded,2103,1792,394,
s030357071,p02791,u377907412,1585550665,C++,C++14 (GCC 5.4.1),cpp,Accepted,76,256,365,
s793881981,p02791,u782098901,1585523533,C++,C++14 (GCC 5.4.1),cpp,Accepted,19,1024,453,
s089207893,p02791,u346629192,1585521529,C++,C++14 (GCC 5.4.1),cpp,Accepted,78,256,313,
s030731909,p02791,u147331814,1585520556,C++,C++14 (GCC 5.4.1),cpp,Accepted,62,1024,366,
s003993648,p02791,u147331814,1585520366,C++,C++14 (GCC 5.4.1),cpp,Time Limit Exceeded,2103,1024,418,
s834690264,p02791,u369133448,1585518898,Python,Python (3.4.3),py,Accepted,97,24744,125,
s003505101,p02791,u374829922,1585514289,Python,Python (3.4.3),py,Accepted,116,24744,185,
s460717341,p02791,u374829922,1585514204,Python,Python (3.4.3),py,Wrong Answer,111,24744,183,
s357606345,p02791,u374829922,1585514146,Python,Python (3.4.3),py,Wrong Answer,106,24744,175,
s005493115,p02791,u749770850,1585511687,Python,Python (3.4.3),py,Accepted,114,24744,169,
s020988079,p02791,u106181248,1585511440,Python,Python (3.4.3),py,Time Limit Exceeded,2104,24872,455,
s821654058,p02791,u636565374,1585511207,C++,C++14 (GCC 5.4.1),cpp,Accepted,62,1024,1213,
s740722314,p02791,u106181248,1585510884,Python,Python (3.4.3),py,Time Limit Exceeded,2104,24744,429,
s959464936,p02791,u106181248,1585510721,Python,Python (3.4.3),py,Time Limit Exceeded,2104,24744,501,
s112324100,p02791,u877470159,1585509034,Python,PyPy3 (2.4.0),py,Accepted,246,70352,182,
s011528887,p02791,u576434377,1585504669,Java,Java8 (OpenJDK 1.8.0),java,Accepted,212,50080,7675,
s567483548,p02791,u226917791,1585501447,Java,Java8 (OpenJDK 1.8.0),java,Time Limit Exceeded,2110,344052,608,
s253810666,p02791,u867254940,1585501438,Go,Go (1.6),go,Accepted,41,3584,1254,
s873082018,p02791,u867254940,1585500838,Go,Go (1.6),go,Time Limit Exceeded,2107,3584,1322,
s234676328,p02791,u137049451,1585497510,C++,C++14 (GCC 5.4.1),cpp,Time Limit Exceeded,2103,1024,441,
s724893672,p02791,u319569229,1585496307,C++,C++14 (GCC 5.4.1),cpp,Accepted,77,256,487,
s558045449,p02791,u768638812,1585495001,C++,C++14 (GCC 5.4.1),cpp,Accepted,63,1024,314,
s990217558,p02791,u814949325,1585494995,Java,Java8 (OpenJDK 1.8.0),java,Accepted,565,64912,298,
s166808245,p02791,u814949325,1585494776,Java,Java8 (OpenJDK 1.8.0),java,Wrong Answer,565,63228,409,
s054644895,p02791,u018679195,1585494561,C++,C++14 (GCC 5.4.1),cpp,Wrong Answer,61,2420,340,
s756737445,p02791,u029000441,1585494249,Python,Python (3.4.3),py,Accepted,147,17940,190,
s738576787,p02791,u366369712,1585494118,Python,PyPy3 (2.4.0),py,Accepted,238,75472,165,
s230591540,p02791,u029000441,1585493551,Python,Python (3.4.3),py,Wrong Answer,2105,19704,858,
s229692755,p02791,u704658587,1585493447,Python,Python (3.4.3),py,Accepted,177,26012,230,
s568411890,p02791,u029000441,1585493372,Python,PyPy3 (2.4.0),py,Wrong Answer,2108,68316,830,
s315469949,p02791,u704658587,1585492478,Python,Python (3.4.3),py,Wrong Answer,72,24744,222,
s562636345,p02791,u704658587,1585492421,Python,Python (3.4.3),py,Time Limit Exceeded,2104,24744,206,
s316014833,p02791,u704658587,1585491953,Python,Python (3.4.3),py,Time Limit Exceeded,2104,24744,238,
s029848904,p02791,u029000441,1585491605,Python,PyPy3 (2.4.0),py,Wrong Answer,2107,68476,218,
s587669592,p02791,u560481052,1585491519,C++,C++14 (GCC 5.4.1),cpp,Accepted,59,256,2349,
s542741090,p02791,u554781254,1585488750,Python,PyPy3 (2.4.0),py,Accepted,265,75472,284,
s643005558,p02791,u573234244,1585488540,Python,Python (3.4.3),py,Wrong Answer,2104,24744,172,
s174541494,p02791,u573234244,1585488129,Python,Python (3.4.3),py,Time Limit Exceeded,2104,24872,179,
s110937850,p02791,u626353997,1585487824,Java,Java8 (OpenJDK 1.8.0),java,Accepted,584,61404,747,
s015651167,p02791,u573234244,1585487676,Python,Python (3.4.3),py,Wrong Answer,2105,24744,247,
s004770758,p02791,u573234244,1585487581,Python,Python (3.4.3),py,Wrong Answer,2104,24744,245,
s857750654,p02791,u626353997,1585487539,Java,Java8 (OpenJDK 1.8.0),java,Runtime Error,552,62760,666,
s592098141,p02791,u626353997,1585487513,Java,Java8 (OpenJDK 1.8.0),java,Runtime Error,542,62320,666,
s924903945,p02791,u626353997,1585486546,Java,Java8 (OpenJDK 1.8.0),java,Wrong Answer,559,62836,441,
s025126671,p02791,u626353997,1585486094,Java,Java8 (OpenJDK 1.8.0),java,Time Limit Exceeded,2109,84068,634,
s481036116,p02791,u626353997,1585485967,Java,Java8 (OpenJDK 1.8.0),java,Wrong Answer,2109,94228,634,
s781857384,p02791,u326350779,1585484749,C++,C++14 (GCC 5.4.1),cpp,Accepted,60,1024,391,
s422173448,p02791,u484446016,1585476771,C++,C++14 (GCC 5.4.1),cpp,Accepted,66,1024,404,
s714826937,p02791,u484446016,1585476460,C++,C++14 (GCC 5.4.1),cpp,Wrong Answer,2103,1024,413,
s609729589,p02791,u863370423,1585448750,C++,C++14 (GCC 5.4.1),cpp,Accepted,76,256,268,
s172752820,p02791,u205197147,1585448740,C++,C++14 (GCC 5.4.1),cpp,Accepted,77,256,268,
s895535514,p02791,u717943620,1585446957,Go,Go (1.6),go,Accepted,43,7168,2231,
s631143437,p02791,u313970998,1585443485,C++,C++14 (GCC 5.4.1),cpp,Accepted,79,1152,302,
s785012459,p02791,u313970998,1585442315,C++,C++14 (GCC 5.4.1),cpp,Time Limit Exceeded,2103,1024,259,
s626634711,p02791,u305824645,1585437735,C++,C++14 (GCC 5.4.1),cpp,Accepted,63,1024,350,
s858881742,p02791,u756025375,1585433394,C++,C++14 (GCC 5.4.1),cpp,Accepted,21,1024,1052,
s825174320,p02791,u517797706,1585426741,Python,Python (3.4.3),py,Accepted,107,24744,192,
s998270298,p02791,u601082779,1585425808,Scheme,Scheme (Gauche 0.9.3.3),scm,Accepted,110,7136,1652,
s232622055,p02791,u601082779,1585425670,Scheme,Scheme (Gauche 0.9.3.3),scm,Wrong Answer,145,7884,1651,
s077902344,p02791,u576472702,1585425422,C++,C++14 (GCC 5.4.1),cpp,Accepted,60,1024,293,
s729828814,p02791,u056912761,1585425059,C,C (GCC 5.4.1),c,Accepted,22,896,231,
s277820074,p02791,u933129390,1585423991,Python,Python (3.4.3),py,Accepted,91,24744,147,
s606455694,p02791,u023958502,1585423027,C++,C++14 (GCC 5.4.1),cpp,Accepted,65,256,307,
s397937939,p02791,u447096097,1585422634,C++,C++14 (GCC 5.4.1),cpp,Accepted,61,1792,492,
s883330799,p02791,u447096097,1585421502,C++,C++14 (GCC 5.4.1),cpp,Wrong Answer,68,1792,410,
s587220949,p02791,u861722435,1585420465,C++,C++14 (GCC 5.4.1),cpp,Accepted,77,1024,336,
s841687656,p02791,u952094438,1585418748,C++,C++14 (GCC 5.4.1),cpp,Accepted,19,1024,1044,
s498207595,p02791,u563710899,1585415803,C++,C++14 (GCC 5.4.1),cpp,Accepted,79,1024,461,
s139196899,p02791,u211223713,1585414530,C++,C++14 (GCC 5.4.1),cpp,Accepted,76,256,280,
s147404505,p02791,u029000441,1585412308,Python,Python (3.4.3),py,Wrong Answer,2104,17704,218,
s249363094,p02791,u431484963,1585410167,Python,Python (3.4.3),py,Accepted,146,24744,234,
s255101865,p02791,u431484963,1585409857,Python,Python (3.4.3),py,Wrong Answer,2108,24744,260,
s404489082,p02791,u431484963,1585409230,Python,Python (3.4.3),py,Wrong Answer,2104,24744,228,
s440374882,p02791,u120459216,1585408167,C++,C++14 (GCC 5.4.1),cpp,Accepted,63,1792,381,
s674114464,p02791,u120459216,1585408150,C++,C++14 (GCC 5.4.1),cpp,Compile Error,,,17,
s922710704,p02791,u699944218,1585407903,Python,Python (3.4.3),py,Wrong Answer,2104,24744,190,
s198247228,p02791,u314917898,1585406957,C++,C++14 (GCC 5.4.1),cpp,Accepted,62,1152,318,
s815765934,p02791,u309370374,1585406692,Go,Go (1.6),go,Accepted,39,3584,452,
s042657103,p02791,u314917898,1585406120,C++,C++14 (GCC 5.4.1),cpp,Accepted,187,10496,415,
s092820159,p02791,u902918304,1585405130,C++,C++14 (Clang 3.8.0),cpp,Accepted,163,256,273,
s015402157,p02791,u699944218,1585405035,Python,Python (3.4.3),py,Wrong Answer,2105,24744,154,
s580879581,p02791,u699944218,1585404838,Python,Python (3.4.3),py,Wrong Answer,2104,24744,152,
s602670573,p02791,u006403945,1585404085,Rust,Rust (1.15.1),rs,Accepted,14,8444,1421,
s053487184,p02791,u314917898,1585402814,C++,C++14 (GCC 5.4.1),cpp,Time Limit Exceeded,2107,1024,335,
s384093764,p02791,u116038906,1585401726,Python,Python (3.4.3),py,Accepted,137,24744,440,
s237632003,p02791,u116038906,1585401375,Python,Python (3.4.3),py,Time Limit Exceeded,2104,24744,411,
s215029848,p02791,u116038906,1585400298,Python,Python (3.4.3),py,Time Limit Exceeded,2108,24744,187,
s304523844,p02791,u326080192,1585399787,C++,C++14 (GCC 5.4.1),cpp,Accepted,63,1792,347,
s367663450,p02791,u637254885,1585398706,C++,C++14 (GCC 5.4.1),cpp,Accepted,60,1024,391,
s067261846,p02791,u106778233,1585397971,Python,Python (3.4.3),py,Accepted,90,17780,129,
s934563371,p02791,u106778233,1585397854,Python,Python (3.4.3),py,Runtime Error,18,3068,112,
s263297423,p02791,u720721463,1585391853,Python,Python (3.4.3),py,Accepted,129,17940,201,
s212594961,p02791,u036401720,1585391394,C++,C++14 (GCC 5.4.1),cpp,Accepted,61,1792,338,
s056121890,p02791,u036401720,1585391154,C++,C++14 (GCC 5.4.1),cpp,Time Limit Exceeded,2103,1792,368,
s126480615,p02791,u757014735,1585389167,C,C (GCC 5.4.1),c,Accepted,22,1024,236,
s963346644,p02791,u757014735,1585389023,C,C (GCC 5.4.1),c,Wrong Answer,22,896,236,
s230333594,p02791,u102070373,1585387992,C++,C++14 (GCC 5.4.1),cpp,Accepted,61,1024,262,
s815711599,p02791,u996307884,1585386410,C++,C++14 (GCC 5.4.1),cpp,Accepted,20,1792,1003,
s620455054,p02791,u324797063,1585385869,C++,C++14 (GCC 5.4.1),cpp,Accepted,76,1024,392,
s525614899,p02791,u324797063,1585385614,C++,C++14 (GCC 5.4.1),cpp,Time Limit Exceeded,2107,1024,512,
s631699258,p02791,u324797063,1585385225,C++,C++14 (GCC 5.4.1),cpp,Time Limit Exceeded,2107,1024,513,
s732996516,p02791,u324797063,1585385055,C++,C++14 (GCC 5.4.1),cpp,Time Limit Exceeded,2103,1024,537,
s609333564,p02791,u324797063,1585384878,C++,C++14 (GCC 5.4.1),cpp,Time Limit Exceeded,2103,1024,514,
s155291099,p02791,u055459962,1585383016,C++,C++14 (GCC 5.4.1),cpp,Accepted,78,256,517,
s482200486,p02791,u334552723,1585380265,Lisp,Common Lisp (SBCL 1.1.14),l,Accepted,391,57704,158,
s474973108,p02791,u229274530,1585360990,C#,C# (Mono 4.6.2.0),cs,Accepted,92,28124,547,
s385709547,p02791,u731603651,1585359405,Python,Python (3.4.3),py,Accepted,116,24744,166,
s294621448,p02791,u731603651,1585359382,C,C (GCC 5.4.1),c,Compile Error,,,166,
s387071025,p02791,u119148115,1585355068,Python,Python (3.4.3),py,Accepted,115,25768,142,
s765551890,p02791,u286754585,1585350427,Python,Python (3.4.3),py,Accepted,113,26408,142,
s911419858,p02791,u212397344,1585347145,Java,Java8 (OpenJDK 1.8.0),java,Accepted,580,63192,368,
s067773830,p02791,u212397344,1585347125,Java,Java8 (OpenJDK 1.8.0),java,Compile Error,,,363,
s533668366,p02791,u137339784,1585343420,Java,Java8 (OpenJDK 1.8.0),java,Accepted,547,66036,363,
s438029666,p02791,u225020286,1585342070,Python,Python (3.4.3),py,Accepted,121,24744,172,
s794267407,p02791,u225020286,1585341170,Python,Python (3.4.3),py,Wrong Answer,164,26012,194,
s306781597,p02791,u225020286,1585340973,Python,Python (3.4.3),py,Runtime Error,157,24744,175,
s228707192,p02791,u225020286,1585340742,Python,Python (3.4.3),py,Runtime Error,155,24744,175,
s293064687,p02791,u225020286,1585340278,Python,Python (3.4.3),py,Accepted,180,26012,236,
s950908021,p02791,u861020408,1585339862,Python,Python (3.4.3),py,Accepted,176,26012,237,
s726953903,p02791,u861020408,1585339657,Python,Python (3.4.3),py,Time Limit Exceeded,2105,24744,183,
s152743096,p02791,u225020286,1585339625,Python,Python (3.4.3),py,Runtime Error,164,24744,175,
s663681256,p02791,u843433688,1585333884,C++,C++14 (GCC 5.4.1),cpp,Accepted,77,1792,375,
s036986222,p02791,u941274418,1585331919,Java,Java8 (OpenJDK 1.8.0),java,Accepted,558,62844,528,
s442999579,p02791,u769095634,1585331318,Python,Python (3.4.3),py,Accepted,127,25768,235,
s771236697,p02791,u971421535,1585324667,C++,C++14 (GCC 5.4.1),cpp,Accepted,18,256,302,
s069337725,p02791,u971421535,1585324497,C++,C++14 (GCC 5.4.1),cpp,Wrong Answer,18,256,296,
s712387999,p02791,u539281377,1585323998,Python,Python (3.4.3),py,Accepted,160,25988,113,
s178724484,p02791,u539281377,1585323678,Python,Python (3.4.3),py,Accepted,150,24744,154,
s291769491,p02791,u872982453,1585308542,C++,C++14 (GCC 5.4.1),cpp,Accepted,60,1024,423,
s494582470,p02791,u872982453,1585308396,C++,C++14 (GCC 5.4.1),cpp,Compile Error,,,418,
s793998558,p02791,u872982453,1585307420,C++,C++14 (GCC 5.4.1),cpp,Time Limit Exceeded,2103,1024,453,
s300051958,p02791,u900068183,1585306433,C++,C++14 (GCC 5.4.1),cpp,Accepted,61,1024,788,
s088154860,p02791,u668711082,1585303080,C++,C++14 (GCC 5.4.1),cpp,Accepted,60,1024,1766,
s007099140,p02791,u573909039,1585302926,C++,C++14 (GCC 5.4.1),cpp,Accepted,18,256,253,
s420536416,p02791,u554843701,1585293241,C++,C++14 (GCC 5.4.1),cpp,Accepted,19,1024,2173,
s914589730,p02791,u907446975,1585287741,Python,Python (3.4.3),py,Wrong Answer,110,24872,115,
s476245120,p02791,u705878464,1585270776,C++,C++14 (GCC 5.4.1),cpp,Time Limit Exceeded,2103,1024,685,
s732157780,p02791,u848371312,1585270550,C++,C++14 (GCC 5.4.1),cpp,Accepted,77,1792,479,
s920777595,p02791,u848371312,1585270488,C++,C++14 (GCC 5.4.1),cpp,Wrong Answer,79,1792,479,
s617618898,p02791,u848371312,1585268908,C++,C++14 (GCC 5.4.1),cpp,Wrong Answer,77,1792,441,
s816464306,p02791,u575802441,1585263854,C++,C++14 (GCC 5.4.1),cpp,Accepted,62,1024,373,
s450893598,p02791,u273262677,1585262533,C++,C++14 (GCC 5.4.1),cpp,Accepted,78,256,213,
s708376660,p02791,u308919961,1585262439,C++,C++14 (GCC 5.4.1),cpp,Accepted,21,256,285,
s555604302,p02791,u273262677,1585260448,C++,C++14 (GCC 5.4.1),cpp,Time Limit Exceeded,2103,1024,339,
s863404062,p02791,u273262677,1585258267,C++,C++14 (GCC 5.4.1),cpp,Time Limit Exceeded,2103,1024,379,
s159074140,p02791,u765815947,1585249341,C++,C++14 (GCC 5.4.1),cpp,Accepted,63,1024,367,
s802369201,p02791,u928713799,1585246288,C++,C++14 (GCC 5.4.1),cpp,Accepted,21,1792,1233,
s204950112,p02791,u928713799,1585245786,C++,C++14 (GCC 5.4.1),cpp,Time Limit Exceeded,2103,1792,1279,
s896115753,p02791,u928713799,1585245629,C++,C++14 (GCC 5.4.1),cpp,Time Limit Exceeded,2103,1792,1257,
s768679044,p02791,u896847891,1585239942,C++,C++14 (GCC 5.4.1),cpp,Accepted,77,256,238,
s878464069,p02791,u374678351,1585239691,C++,C++14 (Clang 3.8.0),cpp,Time Limit Exceeded,2103,1024,564,
s722163751,p02791,u592378381,1585239687,C++,C++14 (GCC 5.4.1),cpp,Accepted,63,1024,369,
s609932192,p02791,u186729829,1585232231,Python,Python (3.4.3),py,Accepted,150,24744,172,
s307352763,p02791,u186729829,1585231605,Python,Python (3.4.3),py,Time Limit Exceeded,2108,24744,151,
s283409008,p02791,u186729829,1585231466,Python,PyPy3 (2.4.0),py,Time Limit Exceeded,2111,136832,141,
s187281674,p02791,u929582923,1585231077,C++,C++14 (GCC 5.4.1),cpp,Time Limit Exceeded,2103,1024,590,
s975346393,p02791,u151005508,1585231077,Python,Python (3.4.3),py,Accepted,128,24744,169,
s435344179,p02791,u186729829,1585231065,Python,Python (3.4.3),py,Time Limit Exceeded,2104,24744,141,
s252126970,p02791,u151005508,1585230855,Python,Python (3.4.3),py,Time Limit Exceeded,2104,24744,138,
s488655318,p02791,u929582923,1585230843,C++,C++14 (GCC 5.4.1),cpp,Accepted,62,1024,565,
s685022002,p02791,u084320347,1585224264,Python,PyPy3 (2.4.0),py,Accepted,244,75472,186,
s417665468,p02791,u016901717,1585220717,Python,PyPy3 (2.4.0),py,Accepted,270,85712,210,
s401006125,p02791,u907446975,1585213394,Python,Python (3.4.3),py,Wrong Answer,109,24744,115,
s160391706,p02791,u918601425,1585213347,Python,Python (3.4.3),py,Accepted,200,24744,216,
s627681024,p02791,u522656211,1585190911,Java,Java8 (OpenJDK 1.8.0),java,Accepted,482,48764,475,
s982961740,p02791,u123775069,1585184060,C++,C++14 (GCC 5.4.1),cpp,Accepted,61,1792,364,
s204017920,p02791,u845427837,1585177812,Rust,Rust (1.15.1),rs,Accepted,11,8828,313270,
s350264676,p02791,u382890689,1585176708,C++,C++14 (GCC 5.4.1),cpp,Accepted,63,1024,468,
s184454645,p02791,u382890689,1585176157,C++,C++14 (GCC 5.4.1),cpp,Wrong Answer,2103,1024,492,
s984442214,p02791,u079860059,1585175402,C++,C++14 (GCC 5.4.1),cpp,Accepted,77,1024,294,
s668504736,p02791,u079860059,1585175387,C++,C++14 (GCC 5.4.1),cpp,Runtime Error,101,256,294,
s150370731,p02791,u079860059,1585175324,C++,C++14 (GCC 5.4.1),cpp,Wrong Answer,77,1024,294,
s835944629,p02791,u349724238,1585167834,Python,PyPy3 (2.4.0),py,Accepted,286,76240,206,
s387732792,p02791,u349724238,1585167237,Python,PyPy3 (2.4.0),py,Time Limit Exceeded,2115,136996,131,
s588859608,p02791,u349724238,1585166735,Python,PyPy3 (2.4.0),py,Wrong Answer,267,75472,126,
s007060611,p02791,u349724238,1585166669,Python,PyPy3 (2.4.0),py,Wrong Answer,269,75472,125,
s127640615,p02791,u385309449,1585161050,Python,Python (3.4.3),py,Accepted,99,24744,135,
s270374090,p02791,u197078193,1585160761,Python,Python (3.4.3),py,Accepted,160,26012,234,
s453337899,p02791,u872162326,1585159946,Java,Java8 (OpenJDK 1.8.0),java,Accepted,577,62220,511,
s677937787,p02791,u197078193,1585159600,Python,Python (3.4.3),py,Time Limit Exceeded,2104,24744,136,
s440085650,p02791,u458388104,1585153486,Python,PyPy3 (2.4.0),py,Accepted,253,75472,356,
s389902653,p02791,u993642190,1585151960,Python,Python (3.4.3),py,Accepted,173,25768,715,
s333544629,p02791,u993642190,1585151776,Python,Python (3.4.3),py,Wrong Answer,195,25768,713,
s143262600,p02791,u993642190,1585151627,Python,Python (3.4.3),py,Time Limit Exceeded,2104,26012,710,
s533871381,p02791,u839953865,1585150491,C++,C++14 (GCC 5.4.1),cpp,Accepted,18,256,516,
s307767611,p02791,u993642190,1585150261,Python,Python (3.4.3),py,Time Limit Exceeded,2104,24744,395,
s843187571,p02791,u216563808,1585149388,C++,C++14 (GCC 5.4.1),cpp,Accepted,60,1024,558,
s417357325,p02791,u216563808,1585148871,C++,C++14 (GCC 5.4.1),cpp,Time Limit Exceeded,2103,1024,591,
s629362583,p02791,u683078179,1585148284,C++,C++14 (GCC 5.4.1),cpp,Accepted,78,256,240,
s888291826,p02791,u683078179,1585148214,C++,C++14 (GCC 5.4.1),cpp,Wrong Answer,76,256,239,
s679887846,p02791,u216563808,1585147651,C++,C++14 (GCC 5.4.1),cpp,Time Limit Exceeded,2107,1024,586,
s300957858,p02791,u886708442,1585147353,Java,Java8 (OpenJDK 1.8.0),java,Accepted,495,49292,419,
s846497936,p02791,u694014940,1585143893,C++,C++14 (GCC 5.4.1),cpp,Accepted,81,1024,410,
s127818360,p02791,u877937982,1585142297,Rust,Rust (1.15.1),rs,Accepted,9,4352,13855,
s319103848,p02791,u151785909,1585131491,C,C (GCC 5.4.1),c,Accepted,20,128,230,
s427109544,p02791,u112240752,1585129744,C++,C++14 (GCC 5.4.1),cpp,Accepted,61,3328,608,
s936329733,p02791,u112240752,1585129207,C++,C++14 (GCC 5.4.1),cpp,Time Limit Exceeded,2103,1792,516,
s088641886,p02791,u056912761,1585124646,C,C (GCC 5.4.1),c,Wrong Answer,22,896,234,
s744439540,p02791,u056912761,1585124489,C,C (GCC 5.4.1),c,Wrong Answer,22,896,233,
s171858969,p02791,u056912761,1585124454,C,C (GCC 5.4.1),c,Compile Error,,,232,
s250233217,p02791,u056912761,1585124425,C,C (GCC 5.4.1),c,Compile Error,,,230,
s981858266,p02791,u800169017,1585121206,PHP,PHP7 (7.0.15),php,Accepted,53,19060,196,
s038249420,p02791,u061406236,1585121052,Java,Java8 (OpenJDK 1.8.0),java,Accepted,574,80760,1057,
s711015453,p02791,u585510378,1585119302,Java,Java8 (OpenJDK 1.8.0),java,Accepted,219,28884,3611,
s465212415,p02791,u590110823,1585094261,C++,C++14 (GCC 5.4.1),cpp,Accepted,18,1792,1530,
s992435604,p02791,u960080897,1585093995,C++,C++14 (GCC 5.4.1),cpp,Accepted,63,1152,1079,
s545076942,p02791,u766668937,1585089001,C++,C++14 (GCC 5.4.1),cpp,Wrong Answer,58,256,1692,
s715002863,p02791,u766668937,1585088445,C++,C++14 (Clang 3.8.0),cpp,Accepted,164,632,1691,
s536278616,p02791,u104057163,1585088433,C++,C++14 (GCC 5.4.1),cpp,Accepted,18,1792,3437,
s341277621,p02791,u766668937,1585088057,C++,C++14 (GCC 5.4.1),cpp,Wrong Answer,58,256,1691,
s190099916,p02791,u766668937,1585087898,C++,C++14 (GCC 5.4.1),cpp,Wrong Answer,58,256,1691,
s863312184,p02791,u585510378,1585086864,Java,Java8 (OpenJDK 1.8.0),java,Runtime Error,212,45824,3894,
s268629687,p02791,u306950978,1585086182,Python,Python (3.4.3),py,Accepted,108,26012,159,
s441740976,p02791,u306950978,1585086014,Python,Python (3.4.3),py,Time Limit Exceeded,2104,24744,148,
s277566592,p02791,u746428948,1585085737,C++,C++14 (GCC 5.4.1),cpp,Accepted,63,1024,588,
s775703551,p02791,u585510378,1585085008,Java,Java8 (OpenJDK 1.8.0),java,Wrong Answer,553,77656,3870,
s149783879,p02791,u585510378,1585084620,Java,Java8 (OpenJDK 1.8.0),java,Wrong Answer,553,80164,3863,
s153475379,p02791,u872721843,1585081695,C++,C++14 (GCC 5.4.1),cpp,Accepted,62,1024,279,
s841922716,p02791,u998082063,1585081007,Python,Python (3.4.3),py,Accepted,140,26984,494,
s714751819,p02791,u305141544,1585073934,C++,C++14 (GCC 5.4.1),cpp,Accepted,60,1024,343,
s955095361,p02791,u966542724,1585071746,Python,Python (3.4.3),py,Accepted,194,17940,174,
s791754241,p02791,u746428948,1585068812,C++,C++14 (GCC 5.4.1),cpp,Time Limit Exceeded,2103,1792,759,
s939995226,p02791,u746428948,1585068551,C++,C++14 (GCC 5.4.1),cpp,Time Limit Exceeded,2103,1024,755,
s493374483,p02791,u184115330,1585067564,C++,C++14 (GCC 5.4.1),cpp,Accepted,61,1792,934,
s574065420,p02791,u370251182,1585064656,C#,C# (Mono 4.6.2.0),cs,Accepted,111,36048,1270,
s128473146,p02791,u184379003,1585063955,C++,C++14 (GCC 5.4.1),cpp,Accepted,63,1024,358,
s080048867,p02791,u816631826,1585062289,C,C (GCC 5.4.1),c,Accepted,22,896,305,
s695317466,p02791,u247830763,1585061807,Python,Python (3.4.3),py,Runtime Error,17,2940,220,
s676824073,p02791,u486105630,1585061436,Java,Java8 (OpenJDK 1.8.0),java,Accepted,211,47316,1591,
s548154953,p02791,u089230684,1585060720,C,C (GCC 5.4.1),c,Wrong Answer,23,896,269,
s021233265,p02791,u005449294,1585060476,C#,C# (Mono 4.6.2.0),cs,Accepted,111,35676,918,
s258312180,p02791,u005449294,1585060362,C#,C# (Mono 4.6.2.0),cs,Wrong Answer,110,35676,914,
s602401044,p02791,u816631826,1585060207,C,C (GCC 5.4.1),c,Wrong Answer,22,896,254,
s401513455,p02791,u005449294,1585059904,C#,C# (Mono 4.6.2.0),cs,Time Limit Exceeded,2109,33628,886,
s464500984,p02791,u621582427,1585057486,C++,C++14 (GCC 5.4.1),cpp,Accepted,77,1024,403,
s450509117,p02791,u005449294,1585054676,C#,C# (Mono 4.6.2.0),cs,Wrong Answer,2109,35676,1171,
s291903575,p02791,u052394803,1585052990,C++,C++14 (GCC 5.4.1),cpp,Accepted,78,1152,257,
s307285626,p02791,u942915776,1585052165,C++,C++14 (GCC 5.4.1),cpp,Accepted,62,1024,434,
s783927658,p02791,u052394803,1585051954,C++,C++14 (GCC 5.4.1),cpp,Time Limit Exceeded,2103,1024,334,
s162590004,p02791,u062736195,1585046078,Java,Java8 (OpenJDK 1.8.0),java,Accepted,592,84616,427,
s193585554,p02791,u486105630,1585045478,Java,Java8 (OpenJDK 1.8.0),java,Time Limit Exceeded,2109,47516,1791,
s302038879,p02791,u486105630,1585045327,Java,Java8 (OpenJDK 1.8.0),java,Wrong Answer,2109,46956,1765,
s816103063,p02791,u485821416,1585045075,C++,C++14 (GCC 5.4.1),cpp,Accepted,76,256,529,
s009943632,p02791,u469639111,1585044673,C++,C++14 (GCC 5.4.1),cpp,Accepted,77,1024,229,
s543844572,p02791,u485821416,1585044412,C++,C++14 (GCC 5.4.1),cpp,Wrong Answer,77,256,467,
s168542187,p02791,u185403320,1585043729,C++,C++14 (GCC 5.4.1),cpp,Accepted,77,256,294,
s503898008,p02791,u485821416,1585039902,C++,C++14 (GCC 5.4.1),cpp,Wrong Answer,77,256,460,
s237279415,p02791,u485821416,1585039759,C++,C++14 (GCC 5.4.1),cpp,Wrong Answer,76,256,460,
s169368721,p02791,u485821416,1585039152,C++,C++14 (GCC 5.4.1),cpp,Time Limit Exceeded,2103,1024,545,
s012806755,p02791,u688789047,1585029611,C#,C# (Mono 4.6.2.0),cs,Accepted,109,33628,616,
s851630201,p02791,u476305001,1585018516,C++,C++14 (GCC 5.4.1),cpp,Accepted,79,1024,313,
s182337263,p02791,u519180097,1585013441,C++,C++14 (GCC 5.4.1),cpp,Accepted,20,256,339,
s796265642,p02791,u564204618,1585013034,C++,C++14 (GCC 5.4.1),cpp,Accepted,77,256,448,
s559669611,p02791,u915287802,1585000801,C++,C++14 (GCC 5.4.1),cpp,Accepted,325,14336,789,
s361379852,p02791,u763976642,1584999122,C++,C++14 (GCC 5.4.1),cpp,Accepted,61,1024,275,
s455373956,p02791,u223960644,1584998721,C++,C++14 (GCC 5.4.1),cpp,Accepted,60,1792,659,
s220017799,p02791,u282636125,1584996272,C++,C++14 (GCC 5.4.1),cpp,Accepted,77,256,291,
s549045395,p02791,u041513069,1584995405,C++,C++14 (GCC 5.4.1),cpp,Accepted,60,256,460,
s225333707,p02791,u229120147,1584994882,Java,Java8 (OpenJDK 1.8.0),java,Time Limit Exceeded,2109,65244,466,
s189554445,p02791,u966542724,1584991328,Python,Python (3.4.3),py,Wrong Answer,82,17940,109,
s184425803,p02791,u082850638,1584989211,C++,C++14 (GCC 5.4.1),cpp,Accepted,19,1024,499,
s155003992,p02791,u966542724,1584987094,Python,Python (3.4.3),py,Wrong Answer,107,17780,132,
s326192146,p02791,u966542724,1584986921,Python,Python (3.4.3),py,Time Limit Exceeded,2104,16916,178,
s396405757,p02791,u966542724,1584986058,Python,Python (3.4.3),py,Time Limit Exceeded,2105,19512,185,
s939969110,p02791,u416455143,1584985922,C++,C++14 (GCC 5.4.1),cpp,Accepted,77,1024,305,
s853359359,p02791,u416455143,1584985702,C++,C++14 (GCC 5.4.1),cpp,Wrong Answer,77,1024,222,
s196520076,p02791,u966542724,1584985477,Python,Python (3.4.3),py,Wrong Answer,2105,17940,275,
s743897057,p02791,u966542724,1584984817,Python,Python (3.4.3),py,Time Limit Exceeded,2104,17780,178,
s056854591,p02791,u979852867,1584984781,C++,C++14 (GCC 5.4.1),cpp,Accepted,61,1792,534,
s011772071,p02791,u250828304,1584983921,Python,Python (3.4.3),py,Accepted,90,24744,135,
s020489691,p02791,u488884575,1584981627,Python,Python (3.4.3),py,Accepted,91,24744,134,
s840368114,p02791,u545938555,1584976349,C++,C++14 (GCC 5.4.1),cpp,Accepted,67,1024,1643,
s056018853,p02791,u545938555,1584975438,C++,C++14 (GCC 5.4.1),cpp,Time Limit Exceeded,2103,1024,1725,
s131511912,p02791,u771007149,1584974156,Python,Python (3.4.3),py,Accepted,114,24744,167,
s135486019,p02791,u308463793,1584969476,C++,C++14 (GCC 5.4.1),cpp,Accepted,65,1024,541,
s688429543,p02791,u318785595,1584961001,C++,C++14 (GCC 5.4.1),cpp,Accepted,61,1792,601,
s955285784,p02791,u361948770,1584960299,C++,C++14 (GCC 5.4.1),cpp,Accepted,22,1792,479,
s168679047,p02791,u361948770,1584958960,C++,C++14 (GCC 5.4.1),cpp,Time Limit Exceeded,2103,1024,477,
s390948023,p02791,u361948770,1584958879,C++,C++14 (GCC 5.4.1),cpp,Time Limit Exceeded,2103,1024,450,
s969660998,p02791,u361948770,1584958777,C++,C++14 (GCC 5.4.1),cpp,Time Limit Exceeded,2103,1024,494,
s215665748,p02791,u905080613,1584950368,Rust,Rust (1.15.1),rs,Accepted,15,10492,611,
s637129607,p02791,u969848070,1584945305,Python,Python (3.4.3),py,Time Limit Exceeded,2104,24744,175,
s126849628,p02791,u969848070,1584944977,Python,Python (3.4.3),py,Time Limit Exceeded,2104,24744,123,
s563406697,p02791,u969848070,1584944845,Python,Python (3.4.3),py,Wrong Answer,2104,24744,140,
s651347176,p02791,u732304692,1584921102,Nim,Nim (0.13.0),nim,Accepted,31,13824,150,
s869268762,p02791,u944545272,1584920844,C++,C++14 (GCC 5.4.1),cpp,Accepted,18,256,619,
s817727964,p02791,u269522788,1584905934,C++,C++14 (GCC 5.4.1),cpp,Accepted,59,1792,339,
s094372793,p02791,u636614373,1584905640,C#,C# (Mono 4.6.2.0),cs,Accepted,108,34012,3082,
s615141988,p02791,u742960659,1584905354,C#,C# (Mono 4.6.2.0),cs,Accepted,111,31964,639,
s364559121,p02791,u973653506,1584904571,Java,Java8 (OpenJDK 1.8.0),java,Accepted,564,67020,521,
s084258209,p02791,u652081898,1584902244,Python,Python (3.4.3),py,Accepted,107,24744,169,
s803805240,p02791,u652081898,1584902098,Python,Python (3.4.3),py,Time Limit Exceeded,2104,24744,138,
s188812457,p02791,u652081898,1584902023,Python,Python (3.4.3),py,Runtime Error,70,24744,138,
s908189015,p02791,u652081898,1584901940,Python,Python (3.4.3),py,Runtime Error,66,24744,136,
s542244354,p02791,u652081898,1584901673,Python,Python (3.4.3),py,Wrong Answer,71,24744,75,
s262200222,p02791,u634079249,1584901247,Python,Python (3.4.3),py,Accepted,80,20348,404,
s939128930,p02791,u392552629,1584901168,Python,PyPy3 (2.4.0),py,Time Limit Exceeded,2107,72800,966,
s393059407,p02791,u146594935,1584891125,C++,C++14 (GCC 5.4.1),cpp,Accepted,63,1024,345,
s682596851,p02791,u375398641,1584887896,C++,C++14 (GCC 5.4.1),cpp,Accepted,60,1024,366,
s920735820,p02791,u525560003,1584881597,C++,C++14 (GCC 5.4.1),cpp,Accepted,79,1024,342,
s985945743,p02791,u525560003,1584881570,C++,C++14 (GCC 5.4.1),cpp,Compile Error,,,340,
s888969261,p02791,u142209028,1584872617,C++,C++14 (GCC 5.4.1),cpp,Accepted,60,1024,430,
s957971358,p02791,u455757400,1584869907,C++,C++14 (GCC 5.4.1),cpp,Accepted,21,1792,644,
s984317663,p02791,u658325491,1584868586,Python,Python (3.4.3),py,Accepted,104,26012,165,
s469519996,p02791,u275488634,1584862314,C++,C++14 (GCC 5.4.1),cpp,Accepted,78,1792,518,
s707696178,p02791,u275488634,1584861813,C++,C++14 (GCC 5.4.1),cpp,Time Limit Exceeded,2103,1024,605,
s344631064,p02791,u811016253,1584843840,C++,C++14 (GCC 5.4.1),cpp,Accepted,18,1792,512,
s984603092,p02791,u811016253,1584843472,C++,C++14 (GCC 5.4.1),cpp,Wrong Answer,18,1024,460,
s166758617,p02791,u269291896,1584840856,C++,C++14 (GCC 5.4.1),cpp,Accepted,66,2168,413,
s698537929,p02791,u139112865,1584839250,Python,Python (3.4.3),py,Accepted,105,24744,165,
s649537929,p02791,u517724953,1584836828,Python,PyPy3 (2.4.0),py,Accepted,250,75856,153,
s312899360,p02791,u679109729,1584836468,C++,C++14 (GCC 5.4.1),cpp,Accepted,18,1024,529,
s155062578,p02791,u330464428,1584836180,C++,C++14 (GCC 5.4.1),cpp,Accepted,18,1792,12458,
s108445077,p02791,u242196904,1584831372,Python,Python (3.4.3),py,Accepted,108,24744,160,
s748705624,p02791,u607564800,1584827204,C++,C++14 (GCC 5.4.1),cpp,Accepted,60,1024,433,
s529372893,p02791,u607564800,1584826792,C++,C++14 (GCC 5.4.1),cpp,Wrong Answer,62,1024,435,
s515684529,p02791,u459100168,1584826425,Java,Java8 (OpenJDK 1.8.0),java,Accepted,592,86396,534,
s706964066,p02791,u361173382,1584826380,Java,Java8 (OpenJDK 1.8.0),java,Accepted,574,62992,362,
s504014788,p02791,u459100168,1584826217,Java,Java8 (OpenJDK 1.8.0),java,Wrong Answer,581,85268,547,
s093638197,p02791,u459100168,1584826098,Java,Java8 (OpenJDK 1.8.0),java,Wrong Answer,567,65212,567,
s502961276,p02791,u459100168,1584825709,Java,Java8 (OpenJDK 1.8.0),java,Wrong Answer,581,87612,578,
s714505492,p02791,u802371628,1584825587,Ruby,Ruby (2.3.3),rb,Accepted,108,17276,198,
s124690333,p02791,u607564800,1584824196,C++,C++14 (GCC 5.4.1),cpp,Time Limit Exceeded,2103,1792,522,
s956183518,p02791,u802371628,1584823777,Ruby,Ruby (2.3.3),rb,Wrong Answer,2110,44964,335,
s638972353,p02791,u830592648,1584820408,Python,Python (3.4.3),py,Accepted,144,24744,163,
s710800900,p02791,u228402731,1584818754,C++,C++14 (GCC 5.4.1),cpp,Accepted,20,3328,460,
s054938099,p02791,u261886891,1584818671,C++,C++14 (GCC 5.4.1),cpp,Accepted,60,1024,860,
s733444369,p02791,u459100168,1584817202,Java,Java8 (OpenJDK 1.8.0),java,Time Limit Exceeded,2109,66804,602,
s536903347,p02791,u724844363,1584816054,Python,Python (3.4.3),py,Accepted,129,26012,159,
s321693195,p02791,u459100168,1584814315,Java,Java8 (OpenJDK 1.8.0),java,Wrong Answer,578,65556,460,
s425168244,p02791,u002627851,1584812643,C++,C++14 (GCC 5.4.1),cpp,Accepted,18,1024,927,
s107347855,p02791,u059369754,1584810488,C++,C++14 (GCC 5.4.1),cpp,Accepted,18,1792,491,
s269564883,p02791,u858908992,1584808577,Java,Java8 (OpenJDK 1.8.0),java,Accepted,535,64404,426,
s376293573,p02791,u294829559,1584808188,C++,C++14 (GCC 5.4.1),cpp,Accepted,78,256,436,
s804960188,p02791,u495881622,1584803512,C++,C++14 (GCC 5.4.1),cpp,Accepted,78,1024,550,
s624497501,p02791,u743229067,1584803406,TypeScript,TypeScript (2.1.6),ts,Accepted,134,34500,391,
s975845274,p02791,u553987207,1584802991,Python,Python (3.4.3),py,Accepted,89,24744,141,
s266796292,p02791,u553987207,1584802352,Python,Python (3.4.3),py,Time Limit Exceeded,2104,24744,154,
s001257342,p02791,u153621959,1584800615,TypeScript,TypeScript (2.1.6),ts,Accepted,113,22328,385,
s714484312,p02791,u667919388,1584787997,Clojure,Clojure (1.8.0),clj,Time Limit Exceeded,2114,133556,272,
s890876881,p02791,u667919388,1584787579,Clojure,Clojure (1.8.0),clj,Wrong Answer,2114,129612,268,
s766440949,p02791,u667919388,1584786172,Rust,Rust (1.15.1),rs,Accepted,14,8444,589,
s662090089,p02791,u667919388,1584786032,Clojure,Clojure (1.8.0),clj,Runtime Error,1291,65008,605,
s676403542,p02791,u863370423,1584785988,Python,Python (3.4.3),py,Accepted,148,16916,165,
s530626327,p02791,u470286613,1584785975,Python,Python (3.4.3),py,Accepted,90,17940,118,
s135773661,p02791,u018679195,1584785825,Python,Python (3.4.3),py,Time Limit Exceeded,2104,24744,154,
s411287007,p02791,u018679195,1584785773,Python,Python (3.4.3),py,Runtime Error,37,17940,160,
s849022357,p02791,u353919145,1584785655,Python,Python (3.4.3),py,Accepted,161,17940,190,
s817534905,p02791,u816631826,1584785548,Python,Python (3.4.3),py,Wrong Answer,70,17940,150,
s938375977,p02791,u863370423,1584784810,Python,Python (3.4.3),py,Wrong Answer,69,17940,149,
s305107561,p02791,u353919145,1584784543,Python,Python (3.4.3),py,Wrong Answer,59,17940,148,
s274073354,p02791,u353919145,1584783583,Python,Python (3.4.3),py,Accepted,142,17940,194,
s393729729,p02791,u863370423,1584783337,Python,Python (3.4.3),py,Time Limit Exceeded,2104,17780,249,
s397666896,p02791,u863370423,1584783176,Python,Python (3.4.3),py,Wrong Answer,140,17780,165,
s137952329,p02791,u816631826,1584780963,Python,Python (3.4.3),py,Accepted,130,24744,167,
s094346742,p02791,u305199828,1584773802,C++,C++14 (GCC 5.4.1),cpp,Accepted,186,10368,575,
s418623648,p02791,u470286613,1584768350,Python,Python (3.4.3),py,Time Limit Exceeded,2104,24744,128,
s227745175,p02791,u425882033,1584767931,C++,C++14 (GCC 5.4.1),cpp,Accepted,76,256,395,
s894506488,p02791,u073336549,1584766712,C,C (GCC 5.4.1),c,Accepted,22,896,280,
s764312722,p02791,u578871832,1584756930,C++,C++14 (GCC 5.4.1),cpp,Accepted,62,1024,1700,
s911446016,p02791,u327668449,1584756679,Rust,Rust (1.15.1),rs,Accepted,85,59516,1002,
s810613247,p02791,u038410216,1584756024,Python,Python (3.4.3),py,Accepted,137,24744,185,
s515110685,p02791,u729939940,1584752509,Python,Python (3.4.3),py,Accepted,125,24744,150,
s027152653,p02791,u417365712,1584752368,Python,Python (3.4.3),py,Accepted,116,25116,146,
s427178382,p02791,u729939940,1584752326,Python,Python (3.4.3),py,Wrong Answer,113,24744,129,
s891568456,p02791,u743889070,1584750450,C++,C++14 (GCC 5.4.1),cpp,Accepted,19,1792,2009,
s375099005,p02791,u743124029,1584745302,C++,C++14 (GCC 5.4.1),cpp,Accepted,63,1152,424,
s226332304,p02791,u943964167,1584743655,C++,C++14 (GCC 5.4.1),cpp,Accepted,18,1792,514,
s157693053,p02791,u568082675,1584743374,C++,C++14 (GCC 5.4.1),cpp,Accepted,69,2420,775,
s115461839,p02791,u191394596,1584742985,Python,PyPy3 (2.4.0),py,Accepted,250,75472,219,
s599837251,p02791,u943964167,1584742774,C++,C++14 (GCC 5.4.1),cpp,Wrong Answer,19,1920,466,
s550522384,p02791,u943964167,1584742665,C++,C++14 (GCC 5.4.1),cpp,Wrong Answer,18,1792,465,
s210856567,p02791,u856877925,1584740971,C++,C++14 (GCC 5.4.1),cpp,Accepted,60,1024,409,
s209048271,p02791,u450007962,1584739445,C++,C++14 (GCC 5.4.1),cpp,Accepted,78,384,578,
s347812033,p02791,u965436898,1584739398,C++,C++14 (GCC 5.4.1),cpp,Wrong Answer,60,1024,315,
s356595592,p02791,u134181243,1584739082,Nim,Nim (0.13.0),nim,Accepted,34,6016,438,
s935665981,p02791,u194412908,1584738183,C#,C# (Mono 4.6.2.0),cs,Accepted,106,34012,1880,
s748181555,p02791,u965436898,1584737955,C++,C++14 (GCC 5.4.1),cpp,Time Limit Exceeded,2103,256,305,
s097461807,p02791,u134181243,1584737842,Nim,Nim (0.13.0),nim,Time Limit Exceeded,2107,6016,470,
s732795872,p02791,u959682820,1584736529,C++,C++14 (GCC 5.4.1),cpp,Wrong Answer,18,1024,843,
s661559405,p02791,u953110527,1584735696,Python,Python (3.4.3),py,Accepted,113,24744,158,
s433601050,p02791,u634602776,1584735210,Python,Python (3.4.3),py,Wrong Answer,2104,26012,182,
s930979191,p02791,u454557108,1584731746,Python,Python (3.4.3),py,Accepted,149,24744,157,
s520827781,p02791,u586940219,1584729671,C++,C++14 (GCC 5.4.1),cpp,Accepted,31,1024,2526,
s500051138,p02791,u522993719,1584729205,C++,C++14 (GCC 5.4.1),cpp,Accepted,60,1024,307,
s823404773,p02791,u455642216,1584726587,Python,Python (3.4.3),py,Accepted,111,24744,138,
s114908843,p02791,u955627293,1584722923,C++,C++14 (GCC 5.4.1),cpp,Accepted,18,256,591,
s296837950,p02791,u261538386,1584720882,C++,C++14 (GCC 5.4.1),cpp,Accepted,65,2548,642,
s817714397,p02791,u580923688,1584720375,C++,C++14 (GCC 5.4.1),cpp,Accepted,60,1024,566,
s265665057,p02791,u514118270,1584719690,Python,Python (3.4.3),py,Accepted,119,24744,143,
s026266147,p02791,u514118270,1584719647,Python,Python (3.4.3),py,Wrong Answer,86,24744,143,
s589757362,p02791,u514118270,1584719451,Python,Python (3.4.3),py,Wrong Answer,104,24872,129,
s563154902,p02791,u514118270,1584718789,C++,C++14 (GCC 5.4.1),cpp,Compile Error,,,124,
s489559418,p02791,u874815061,1584717188,C++,C++14 (GCC 5.4.1),cpp,Accepted,79,1024,391,
s174885397,p02791,u914330401,1584716545,C++,C++14 (GCC 5.4.1),cpp,Accepted,63,1792,326,
s160020211,p02791,u131944095,1584714705,Python,Python (3.4.3),py,Accepted,111,24744,146,
s917948801,p02791,u131944095,1584714371,Python,Python (3.4.3),py,Time Limit Exceeded,2104,24744,131,
s825065244,p02791,u007070633,1584710274,Haskell,Haskell (GHC 7.10.3),hs,Accepted,919,62076,222,
s148492499,p02791,u489212394,1584708877,C++,C++14 (GCC 5.4.1),cpp,Accepted,59,256,691,
s318562081,p02791,u489212394,1584708777,C++,C++14 (GCC 5.4.1),cpp,Wrong Answer,76,256,693,
s889064169,p02791,u489212394,1584708508,C++,C++14 (GCC 5.4.1),cpp,Time Limit Exceeded,2103,1024,510,
s718224438,p02791,u569322757,1584707205,Perl,Perl (v5.18.2),pl,Accepted,876,52656,225,
s900118953,p02791,u569322757,1584706848,Perl,Perl (v5.18.2),pl,Time Limit Exceeded,2107,52536,228,
s200040988,p02791,u569322757,1584706625,Perl,Perl (v5.18.2),pl,Wrong Answer,2107,122308,274,
s728858714,p02791,u644568755,1584706126,Python,Python (3.4.3),py,Accepted,90,24744,189,
s442414083,p02791,u631755487,1584704805,Python,Python (3.4.3),py,Accepted,90,24744,211,
s773137070,p02791,u904804404,1584702734,Python,PyPy3 (2.4.0),py,Accepted,269,76368,171,
s493843807,p02791,u890331732,1584699610,C++,C++14 (GCC 5.4.1),cpp,Accepted,79,1024,310,
s369705783,p02791,u890331732,1584699549,C++,C++14 (GCC 5.4.1),cpp,Wrong Answer,77,1024,309,
s921992528,p02791,u890331732,1584697994,C++,C++14 (GCC 5.4.1),cpp,Wrong Answer,76,256,233,
s312823699,p02791,u692632484,1584683512,Python,Python (3.4.3),py,Accepted,116,24744,151,
s490532134,p02791,u375746832,1584682729,C++,C++14 (GCC 5.4.1),cpp,Accepted,20,256,281,
s271407653,p02791,u375746832,1584682670,C++,C++14 (GCC 5.4.1),cpp,Wrong Answer,20,128,280,
s929731684,p02791,u154756110,1584672928,C++,C++14 (GCC 5.4.1),cpp,Accepted,60,1024,659,
s794191061,p02791,u631755487,1584660602,Python,Python (3.4.3),py,Time Limit Exceeded,2104,24744,250,
s572769472,p02791,u765758367,1584659246,Python,Python (3.4.3),py,Accepted,118,25252,178,
s896605806,p02791,u449473917,1584658148,Python,PyPy3 (2.4.0),py,Accepted,246,75600,230,
s582168758,p02791,u918571932,1584657712,C++,C++14 (GCC 5.4.1),cpp,Accepted,61,1792,380,
s584187576,p02791,u918571932,1584657241,C++,C++14 (GCC 5.4.1),cpp,Time Limit Exceeded,2103,1024,350,
s346666067,p02791,u111652094,1584657079,Python,Python (3.4.3),py,Accepted,108,24744,147,
s028244651,p02791,u111652094,1584656934,Python,Python (3.4.3),py,Wrong Answer,107,24744,158,
s524442491,p02791,u111652094,1584656835,Python,Python (3.4.3),py,Wrong Answer,103,24744,146,
s810340566,p02791,u870518235,1584655999,Python,Python (3.4.3),py,Accepted,139,19444,249,
s432404947,p02791,u870518235,1584655623,Python,Python (3.4.3),py,Time Limit Exceeded,2105,21000,226,
s242579039,p02791,u635116981,1584655263,C++,C++14 (GCC 5.4.1),cpp,Accepted,19,256,1638,
s470146072,p02791,u520067800,1584637847,Java,Java8 (OpenJDK 1.8.0),java,Accepted,567,81556,631,
s667463173,p02791,u914330401,1584637258,C++,C++14 (GCC 5.4.1),cpp,Accepted,67,1792,356,
s590068425,p02791,u914330401,1584635791,C++,C++14 (GCC 5.4.1),cpp,Time Limit Exceeded,2103,1024,369,
s022847324,p02791,u882209234,1584620745,Python,Python (3.4.3),py,Accepted,109,24744,153,
s210941691,p02791,u895592784,1584614819,Python,Python (3.4.3),py,Accepted,146,24744,162,
s648633913,p02791,u895592784,1584614218,Python,Python (3.4.3),py,Wrong Answer,2104,24744,135,
s328061471,p02791,u895592784,1584613825,Python,Python (3.4.3),py,Time Limit Exceeded,2105,24744,117,
s627085395,p02791,u895592784,1584613456,Python,Python (3.4.3),py,Runtime Error,66,24744,111,
s785985380,p02791,u895592784,1584613406,Python,Python (3.4.3),py,Runtime Error,64,24744,110,
s720585382,p02791,u895592784,1584612862,Python,Python (3.4.3),py,Time Limit Exceeded,2105,24744,113,
s986006196,p02791,u895592784,1584612471,Python,Python (3.4.3),py,Time Limit Exceeded,2104,24744,141,
s312937491,p02791,u979552932,1584605824,Perl,Perl (v5.18.2),pl,Accepted,123,33572,266,
s598202248,p02791,u979552932,1584605553,Perl,Perl (v5.18.2),pl,Time Limit Exceeded,2105,31012,274,
s419780608,p02791,u979552932,1584605103,Perl,Perl (v5.18.2),pl,Time Limit Exceeded,2105,33572,317,
s929002150,p02791,u979552932,1584604989,Perl,Perl (v5.18.2),pl,Time Limit Exceeded,2105,30884,305,
s871922366,p02791,u554650951,1584601698,C++,C++14 (GCC 5.4.1),cpp,Accepted,18,256,991,
s042641296,p02791,u393879608,1584590694,C++,C++14 (GCC 5.4.1),cpp,Accepted,18,256,272,
s668680456,p02791,u393879608,1584590294,C++,C++14 (GCC 5.4.1),cpp,Time Limit Exceeded,2103,1400,410,
s594645964,p02791,u685978216,1584590120,Java,Java8 (OpenJDK 1.8.0),java,Accepted,195,46176,2778,
s969351179,p02791,u685978216,1584590086,Java,Java8 (OpenJDK 1.8.0),java,Runtime Error,82,21204,2776,
s813146016,p02791,u604643778,1584588057,C++,C++14 (GCC 5.4.1),cpp,Accepted,19,1400,504,
s418034103,p02791,u076444486,1584586701,C++,C++14 (GCC 5.4.1),cpp,Accepted,19,1792,461,
s948668832,p02791,u323338590,1584582563,Go,Go (1.6),go,Accepted,951,5504,265,
s081020968,p02791,u323338590,1584582213,Go,Go (1.6),go,Wrong Answer,969,7424,256,
s619546533,p02791,u111064823,1584580059,C++,C++14 (GCC 5.4.1),cpp,Wrong Answer,77,1024,1065,
s131291819,p02791,u029675143,1584576182,C++,C++14 (GCC 5.4.1),cpp,Accepted,79,1024,334,
s730146977,p02791,u297398560,1584576049,C++,C++14 (GCC 5.4.1),cpp,Accepted,18,256,311,
s130035886,p02791,u745852541,1584575870,C++,C++14 (GCC 5.4.1),cpp,Accepted,63,1792,636,
s856844493,p02791,u297398560,1584575796,C++,C++14 (GCC 5.4.1),cpp,Time Limit Exceeded,2103,1024,366,
s192761532,p02791,u291818671,1584572706,Java,Java8 (OpenJDK 1.8.0),java,Accepted,574,90952,546,
s710268690,p02791,u604643778,1584572356,C++,C++14 (GCC 5.4.1),cpp,Time Limit Exceeded,2103,1400,592,
s714128955,p02791,u291818671,1584572151,Java,Java8 (OpenJDK 1.8.0),java,Time Limit Exceeded,2109,66784,645,
s217842553,p02791,u291818671,1584572063,Java,Java8 (OpenJDK 1.8.0),java,Wrong Answer,2109,65964,634,
s032489580,p02791,u291818671,1584572037,Java,Java8 (OpenJDK 1.8.0),java,Compile Error,,,633,
s337309351,p02791,u168017191,1584567628,C++,C++14 (GCC 5.4.1),cpp,Accepted,76,256,259,
s435740512,p02791,u283295031,1584566159,Go,Go (1.6),go,Wrong Answer,957,6016,263,
s758555907,p02791,u135573741,1584562267,C++,C++14 (GCC 5.4.1),cpp,Accepted,78,256,302,
s631541677,p02791,u896417602,1584561866,C++,C++14 (GCC 5.4.1),cpp,Accepted,79,256,486,
s863619621,p02791,u906816230,1584561209,C++,C++14 (GCC 5.4.1),cpp,Accepted,12,256,645,
s671058377,p02791,u577774192,1584560420,C++,C++14 (GCC 5.4.1),cpp,Accepted,60,1024,277,
s651953568,p02791,u098165618,1584559388,Python,Python (3.4.3),py,Time Limit Exceeded,2104,25768,151,
s761357595,p02791,u297195722,1584555394,C++,C++14 (GCC 5.4.1),cpp,Accepted,78,256,335,
s097439246,p02791,u247830763,1584555357,Python,Python (3.4.3),py,Time Limit Exceeded,2104,24744,212,
s280277364,p02791,u247830763,1584555221,Python,Python (3.4.3),py,Runtime Error,17,2940,217,
s397991070,p02791,u297195722,1584554922,C++,C++14 (GCC 5.4.1),cpp,Wrong Answer,76,256,289,
s223636453,p02791,u247830763,1584554870,Python,PyPy3 (2.4.0),py,Time Limit Exceeded,2107,77536,217,
s853861890,p02791,u297195722,1584554854,C++,C++14 (GCC 5.4.1),cpp,Wrong Answer,78,256,280,
s365830613,p02791,u247830763,1584554770,Python,Python (3.4.3),py,Time Limit Exceeded,2104,24744,217,
s021430551,p02791,u759091915,1584553421,C++,C++14 (GCC 5.4.1),cpp,Accepted,67,1024,257,
s745316377,p02791,u200887663,1584552018,Python,Python (3.4.3),py,Accepted,142,24744,232,
s567541456,p02791,u163375557,1584551281,Java,Java8 (OpenJDK 1.8.0),java,Accepted,577,62248,425,
s562215280,p02791,u163375557,1584550916,Java,Java8 (OpenJDK 1.8.0),java,Wrong Answer,580,63284,438,
s810192805,p02791,u163375557,1584550697,Java,Java8 (OpenJDK 1.8.0),java,Wrong Answer,562,62744,424,
s766296902,p02791,u764860452,1584547965,C++,C++14 (GCC 5.4.1),cpp,Accepted,63,1024,375,
s109155191,p02791,u764860452,1584547649,C++,C++14 (GCC 5.4.1),cpp,Wrong Answer,61,1024,312,
s179340338,p02791,u955282280,1584547240,C++,C++14 (GCC 5.4.1),cpp,Accepted,77,1024,307,
s177149035,p02791,u085528265,1584547174,C#,C# (Mono 4.6.2.0),cs,Accepted,107,33628,741,
s770784730,p02791,u955282280,1584547032,C++,C++14 (GCC 5.4.1),cpp,Time Limit Exceeded,2103,1024,338,
s025265992,p02791,u742595961,1584546830,C++,C++14 (GCC 5.4.1),cpp,Accepted,79,256,405,
s371189737,p02791,u434398296,1584545457,C++,C++14 (GCC 5.4.1),cpp,Accepted,60,1792,467,
s552406351,p02791,u600995315,1584543960,Awk,Awk (mawk 1.3.3),awk,Accepted,60,256,53,
s960427267,p02791,u600995315,1584543649,Awk,Awk (mawk 1.3.3),awk,Accepted,80,256,59,
s380364356,p02791,u600995315,1584543329,Nim,Nim (0.13.0),nim,Accepted,31,13824,131,
s790671888,p02791,u483896240,1584541901,Python,Python (3.4.3),py,Accepted,126,24744,168,
s197774115,p02791,u483896240,1584541798,Python,Python (3.4.3),py,Wrong Answer,124,24744,165,
s515488392,p02791,u483896240,1584541620,Python,Python (3.4.3),py,Wrong Answer,136,24744,166,
s026598241,p02791,u483896240,1584541281,Python,Python (3.4.3),py,Time Limit Exceeded,2104,24744,178,
s036394893,p02791,u375746832,1584540080,C++,C++14 (GCC 5.4.1),cpp,Wrong Answer,20,256,282,
s942596164,p02791,u163375557,1584539915,Java,Java8 (OpenJDK 1.8.0),java,Wrong Answer,554,86024,432,
s738746565,p02791,u375746832,1584539879,C++,C++14 (GCC 5.4.1),cpp,Wrong Answer,20,128,281,
s281567926,p02791,u163375557,1584539856,Java,Java8 (OpenJDK 1.8.0),java,Wrong Answer,570,78048,431,
s143199056,p02791,u375746832,1584539716,C++,C++14 (GCC 5.4.1),cpp,Wrong Answer,20,128,281,
s323378416,p02791,u375746832,1584539460,C++,C++14 (GCC 5.4.1),cpp,Wrong Answer,20,128,282,
s314108280,p02791,u375746832,1584538712,C++,C++14 (GCC 5.4.1),cpp,Wrong Answer,22,1400,333,
s201928199,p02791,u375746832,1584536933,C++,C++14 (GCC 5.4.1),cpp,Wrong Answer,23,1400,332,
s784175788,p02791,u978969246,1584531132,Kotlin,Kotlin (1.0.0),kt,Accepted,649,82876,388,
s422820081,p02791,u978969246,1584530134,Kotlin,Kotlin (1.0.0),kt,Wrong Answer,648,82788,293,
s145619290,p02791,u459105164,1584529827,C++,C++14 (GCC 5.4.1),cpp,Accepted,79,256,262,
s107210638,p02791,u148193222,1584528159,C++,C++14 (GCC 5.4.1),cpp,Accepted,77,256,572,
s366831989,p02791,u148193222,1584526750,C++,C++14 (GCC 5.4.1),cpp,Time Limit Exceeded,2103,1024,665,
s013676990,p02791,u740686641,1584504555,C++,C++14 (GCC 5.4.1),cpp,Accepted,77,2944,351,
s796720426,p02791,u361598021,1584499850,C++,C++14 (GCC 5.4.1),cpp,Accepted,77,1024,307,
s555001290,p02791,u361598021,1584499350,C++,C++14 (GCC 5.4.1),cpp,Wrong Answer,77,1024,273,
s156283105,p02791,u361598021,1584498230,C++,C++14 (GCC 5.4.1),cpp,Wrong Answer,77,1024,273,
s763539625,p02791,u460185449,1584493478,Python,PyPy3 (2.4.0),py,Accepted,243,75472,155,
s908338180,p02791,u460185449,1584493393,Python,PyPy3 (2.4.0),py,Wrong Answer,248,75344,152,
s889689084,p02791,u460185449,1584493061,Python,PyPy3 (2.4.0),py,Time Limit Exceeded,2111,137052,131,
s382705483,p02791,u483896240,1584492792,Python,Python (3.4.3),py,Wrong Answer,114,24744,163,
s298744031,p02791,u728279667,1584490164,Nim,Nim (0.13.0),nim,Accepted,31,13824,196,
s041052496,p02791,u728279667,1584489970,Nim,Nim (0.13.0),nim,Wrong Answer,33,15488,217,
s005520454,p02791,u370709193,1584488684,C++,C++14 (GCC 5.4.1),cpp,Accepted,19,1024,326,
s868889219,p02791,u713019978,1584487768,D,D (DMD64 v2.070.1),d,Accepted,37,11408,460,
s593862434,p02791,u783042555,1584487533,C++,C++14 (GCC 5.4.1),cpp,Accepted,77,1024,412,
s148531156,p02791,u283295031,1584487298,Go,Go (1.6),go,Time Limit Exceeded,2108,4992,311,
s764110996,p02791,u798929025,1584486891,Java,Java8 (OpenJDK 1.8.0),java,Accepted,212,46188,2334,
s157247428,p02791,u845686872,1584486229,C++,C++14 (GCC 5.4.1),cpp,Accepted,78,256,745,
s193436722,p02791,u709171232,1584485015,C++,C++14 (GCC 5.4.1),cpp,Accepted,59,1792,415,
s371250513,p02791,u783042555,1584483730,C++,C++14 (GCC 5.4.1),cpp,Time Limit Exceeded,2103,1024,484,
s600997830,p02791,u146309593,1584483101,C++,C++14 (GCC 5.4.1),cpp,Time Limit Exceeded,2103,1024,462,
s813527703,p02791,u273359100,1584479481,C++,C++14 (GCC 5.4.1),cpp,Accepted,18,1024,632,
s745812831,p02791,u324825702,1584479387,C++,C++14 (GCC 5.4.1),cpp,Accepted,59,6016,4765,
s906505270,p02791,u231095456,1584479201,Python,Python (3.4.3),py,Accepted,161,24744,161,
s782863738,p02791,u578003562,1584474584,C++,C++14 (GCC 5.4.1),cpp,Accepted,65,2932,582,
s113762109,p02791,u094532861,1584464409,Crystal,Crystal (0.20.5),cr,Accepted,83,18300,255,
s489165529,p02791,u835805357,1584462620,C++,C++14 (GCC 5.4.1),cpp,Accepted,60,1152,499,
s497703153,p02791,u565476466,1584461358,Python,Python (3.4.3),py,Accepted,112,24744,153,
s075688111,p02791,u565476466,1584460836,Python,Python (3.4.3),py,Wrong Answer,169,27944,255,
s073905601,p02791,u565476466,1584459860,Python,Python (3.4.3),py,Time Limit Exceeded,2104,24744,199,
s235558871,p02791,u606062295,1584451021,C++,C++14 (GCC 5.4.1),cpp,Accepted,59,256,339,
s175558053,p02791,u875407613,1584450822,C++,C++14 (GCC 5.4.1),cpp,Accepted,77,1024,245,
s420965228,p02791,u283088745,1584450465,C++,C++14 (GCC 5.4.1),cpp,Accepted,76,256,168,
s713227684,p02791,u283088745,1584450383,C++,C++14 (GCC 5.4.1),cpp,Compile Error,,,171,
s936432356,p02791,u167898817,1584450262,C++,C++14 (GCC 5.4.1),cpp,Accepted,77,1024,284,
s317296292,p02791,u728318205,1584450045,Python,Python (3.4.3),py,Accepted,110,24744,172,
s336448576,p02791,u167898817,1584449931,C++,C++14 (GCC 5.4.1),cpp,Wrong Answer,77,1024,257,
s090380657,p02791,u167898817,1584449538,C++,C++14 (GCC 5.4.1),cpp,Time Limit Exceeded,2103,1024,307,
s653248306,p02791,u055687468,1584449494,PHP,PHP7 (7.0.15),php,Accepted,61,27120,236,
s414604126,p02791,u167898817,1584449235,C++,C++14 (GCC 5.4.1),cpp,Wrong Answer,77,1024,290,
s036299785,p02791,u167898817,1584449185,C++,C++14 (GCC 5.4.1),cpp,Wrong Answer,77,1024,291,
s192269232,p02791,u728318205,1584449139,Python,Python (3.4.3),py,Time Limit Exceeded,2104,24744,160,
s833675530,p02791,u030246664,1584445633,C++,C++14 (GCC 5.4.1),cpp,Accepted,77,384,242,
s380017348,p02791,u728318205,1584443723,Python,Python (3.4.3),py,Time Limit Exceeded,2104,24744,156,
s698349277,p02791,u498467508,1584443714,Go,Go (1.6),go,Accepted,963,5504,237,
s746275788,p02791,u728318205,1584443479,Python,Python (3.4.3),py,Time Limit Exceeded,2104,24744,172,
s950903024,p02791,u185821641,1584439626,C++,C++14 (GCC 5.4.1),cpp,Accepted,59,256,338,
s540333172,p02791,u900523387,1584437527,C++,C++14 (GCC 5.4.1),cpp,Accepted,77,1024,309,
s983607385,p02791,u682820318,1584430597,C++,C++14 (GCC 5.4.1),cpp,Accepted,60,1024,1341,
s305012296,p02791,u682820318,1584429435,C++,C++14 (GCC 5.4.1),cpp,Accepted,78,256,1340,
s076546907,p02791,u305758815,1584422433,Java,Java8 (OpenJDK 1.8.0),java,Accepted,571,63880,437,
s287162831,p02791,u852449189,1584405377,C++,C++14 (GCC 5.4.1),cpp,Accepted,19,1024,1429,
s173866087,p02791,u985524697,1584402626,C++,C++14 (GCC 5.4.1),cpp,Accepted,60,1024,468,
s504125420,p02791,u985524697,1584401633,C++,C++14 (GCC 5.4.1),cpp,Time Limit Exceeded,2103,1024,598,
s717031418,p02791,u985524697,1584401182,C++,C++14 (GCC 5.4.1),cpp,Time Limit Exceeded,2103,1024,562,
s495811170,p02791,u985524697,1584400746,C++,C++14 (GCC 5.4.1),cpp,Time Limit Exceeded,2103,1024,507,
s276837010,p02791,u985524697,1584400540,C++,C++14 (GCC 5.4.1),cpp,Time Limit Exceeded,2103,1024,503,
s073871973,p02791,u994074033,1584400076,C++,C++14 (GCC 5.4.1),cpp,Accepted,63,1152,614,
s375400477,p02791,u884635005,1584398146,C++,C++14 (GCC 5.4.1),cpp,Accepted,66,1024,621,
s753661164,p02791,u010415482,1584396846,Java,Java8 (OpenJDK 1.8.0),java,Wrong Answer,565,62656,357,
s296922611,p02791,u752220854,1584394384,C++,C++14 (GCC 5.4.1),cpp,Accepted,77,1152,332,
s850735810,p02791,u752220854,1584394333,C++,C++14 (GCC 5.4.1),cpp,Wrong Answer,77,1024,331,
s137730779,p02791,u728894486,1584393526,C++,C++14 (GCC 5.4.1),cpp,Accepted,62,1024,330,
s571760638,p02791,u752220854,1584393384,C++,C++14 (GCC 5.4.1),cpp,Wrong Answer,79,1024,306,
s182111742,p02791,u965642027,1584392725,C,C (GCC 5.4.1),c,Wrong Answer,21,128,259,
s762205899,p02791,u965642027,1584392301,C,C (GCC 5.4.1),c,Wrong Answer,22,256,241,
s930800837,p02791,u965642027,1584391980,C,C (GCC 5.4.1),c,Wrong Answer,22,128,240,
s259678225,p02791,u086503932,1584390083,Python,Python (3.4.3),py,Accepted,154,24744,152,
s068262559,p02791,u086503932,1584389804,Python,PyPy3 (2.4.0),py,Time Limit Exceeded,2108,75472,194,
s583932264,p02791,u086503932,1584389757,Python,Python (3.4.3),py,Time Limit Exceeded,2104,24744,194,
s932843793,p02791,u465760322,1584389017,C++,C++14 (GCC 5.4.1),cpp,Accepted,76,256,973,
s984538138,p02791,u992910889,1584388920,Python,PyPy3 (2.4.0),py,Accepted,244,75472,208,
s900013320,p02791,u992910889,1584388758,Python,Python (3.4.3),py,Time Limit Exceeded,2105,24744,364,
s758948870,p02791,u992910889,1584388303,Python,PyPy3 (2.4.0),py,Time Limit Exceeded,2112,136808,407,
s447896677,p02791,u992910889,1584388269,Python,Python (3.4.3),py,Time Limit Exceeded,2104,24744,407,
s215213490,p02791,u318875010,1584386515,C++,C++14 (GCC 5.4.1),cpp,Accepted,20,256,594,
s785667168,p02791,u804831318,1584386471,C++,C++14 (GCC 5.4.1),cpp,Accepted,128,9600,695,
s781278521,p02791,u753092134,1584385907,Python,Python (3.4.3),py,Wrong Answer,116,26012,192,
s928999443,p02791,u753092134,1584385702,Python,Python (3.4.3),py,Runtime Error,66,24744,191,
s822204100,p02791,u753092134,1584385556,Python,Python (3.4.3),py,Runtime Error,65,24744,200,
s204298388,p02791,u753092134,1584385298,Java,Java7 (OpenJDK 1.7.0),java,Wrong Answer,118,23508,435,
s769262771,p02791,u753092134,1584385263,Java,Java7 (OpenJDK 1.7.0),java,Compile Error,,,434,
s529780479,p02791,u753092134,1584385145,Java,Java7 (OpenJDK 1.7.0),java,Compile Error,,,431,
s926251137,p02791,u753092134,1584385077,Java,Java7 (OpenJDK 1.7.0),java,Wrong Answer,116,22996,462,
s861132647,p02791,u753092134,1584384951,Java,Java7 (OpenJDK 1.7.0),java,Wrong Answer,112,23380,426,
s998682241,p02791,u549588736,1584381483,C++,C++14 (GCC 5.4.1),cpp,Accepted,64,1024,311,
s690880118,p02791,u546074985,1584380379,Python,Python (3.4.3),py,Accepted,133,24744,231,
s017890291,p02791,u549588736,1584378617,C++,C++14 (GCC 5.4.1),cpp,Time Limit Exceeded,2103,1024,350,
s927801695,p02791,u956811090,1584376263,Python,Python (3.4.3),py,Accepted,90,24744,136,
s657075625,p02791,u283088745,1584374665,C++,C++14 (GCC 5.4.1),cpp,Wrong Answer,31,2560,749,
s783289401,p02791,u389007679,1584371978,C++,C++14 (GCC 5.4.1),cpp,Accepted,79,256,329,
s747111229,p02791,u389007679,1584371916,C++,C++14 (GCC 5.4.1),cpp,Wrong Answer,77,384,327,
s224603971,p02791,u259578308,1584369801,C++,C++14 (GCC 5.4.1),cpp,Accepted,60,1024,334,
s502769268,p02791,u259578308,1584369481,C++,C++14 (GCC 5.4.1),cpp,Time Limit Exceeded,2103,1024,434,
s848637394,p02791,u366369712,1584368796,Python,Python (3.4.3),py,Time Limit Exceeded,2104,24436,182,
s525219330,p02791,u185249212,1584368608,Python,PyPy3 (2.4.0),py,Accepted,399,92988,1507,
s366555357,p02791,u344225426,1584367678,Python,Python (3.4.3),py,Accepted,145,24744,149,
s079178039,p02791,u344225426,1584367205,Python,Python (3.4.3),py,Time Limit Exceeded,2108,24744,253,
s837249649,p02791,u728318205,1584366559,Python,PyPy3 (2.4.0),py,Time Limit Exceeded,2112,137064,176,
s609798083,p02791,u366369712,1584366185,Python,Python (3.4.3),py,Wrong Answer,71,17940,143,
s973580431,p02791,u366369712,1584365612,Python,Python (3.4.3),py,Wrong Answer,93,17940,148,
s794875876,p02791,u366369712,1584365123,Python,Python (3.4.3),py,Wrong Answer,89,17940,144,
s934543916,p02791,u366369712,1584364361,Python,Python (3.4.3),py,Time Limit Exceeded,2104,24872,136,
s306895788,p02791,u428138851,1584363966,C++,C++14 (GCC 5.4.1),cpp,Accepted,61,1024,356,
s302680857,p02791,u366369712,1584363523,Python,Python (3.4.3),py,Wrong Answer,110,24744,132,
s655122758,p02791,u390181802,1584363487,Python,Python (3.4.3),py,Accepted,101,19336,196,
s138306923,p02791,u970809473,1584360935,Python,Python (3.4.3),py,Accepted,112,24744,147,
s713302553,p02791,u728318205,1584359831,Python,Python (3.4.3),py,Time Limit Exceeded,2104,24744,176,
s374106940,p02791,u728318205,1584359716,Python,Python (3.4.3),py,Time Limit Exceeded,2104,24744,176,
s607969884,p02791,u428138851,1584355098,C++,C++14 (GCC 5.4.1),cpp,Time Limit Exceeded,2103,1024,378,
s944146833,p02791,u730271001,1584352079,C++,C++14 (GCC 5.4.1),cpp,Accepted,60,1024,805,
s409978129,p02791,u185238542,1584351817,C++,C++14 (GCC 5.4.1),cpp,Accepted,59,256,322,
s229979449,p02791,u369712616,1584350761,Java,Java8 (OpenJDK 1.8.0),java,Accepted,570,75360,513,
s410331790,p02791,u645961531,1584345760,C++,C++14 (GCC 5.4.1),cpp,Accepted,18,256,687,
s372927169,p02791,u503823632,1584317606,C++,C++14 (GCC 5.4.1),cpp,Accepted,19,1024,827,
s246689517,p02791,u687044304,1584316581,Python,Python (3.4.3),py,Accepted,131,24744,317,
s361291327,p02791,u249370632,1584314703,C++,C++14 (GCC 5.4.1),cpp,Accepted,76,256,690,
s737070855,p02791,u313370702,1584313175,Python,Python (3.4.3),py,Accepted,107,24744,244,
s313006303,p02791,u313370702,1584312185,Python,Python (3.4.3),py,Time Limit Exceeded,2108,24744,215,
s433001152,p02791,u313370702,1584311998,Python,Python (3.4.3),py,Time Limit Exceeded,2104,24872,216,
s632371847,p02791,u313370702,1584311663,Python,Python (3.4.3),py,Time Limit Exceeded,2104,24744,240,
s679515697,p02791,u313370702,1584311364,Python,Python (3.4.3),py,Time Limit Exceeded,2104,24744,307,
s050689054,p02791,u313370702,1584311244,Python,Python (3.4.3),py,Time Limit Exceeded,2104,24744,289,
s662927970,p02791,u273496671,1584309626,Python,PyPy3 (2.4.0),py,Accepted,290,77276,221,
s331327158,p02791,u893239355,1584309119,C++,C++14 (GCC 5.4.1),cpp,Accepted,62,1024,420,
s157860283,p02791,u208844959,1584308921,Python,PyPy3 (2.4.0),py,Accepted,264,66540,166,
s081338387,p02791,u273496671,1584308537,Python,PyPy3 (2.4.0),py,Wrong Answer,312,78940,219,
s101115639,p02791,u273496671,1584307843,Python,PyPy3 (2.4.0),py,Wrong Answer,342,79452,252,
s542513832,p02791,u378188810,1584307745,C,C (GCC 5.4.1),c,Accepted,23,1664,650,
s893689409,p02791,u902387200,1584307288,C++,C++14 (GCC 5.4.1),cpp,Accepted,78,256,393,
s505993983,p02791,u273496671,1584307280,Python,PyPy3 (2.4.0),py,Time Limit Exceeded,2107,69212,171,
s041232790,p02791,u273496671,1584307216,Python,PyPy3 (2.4.0),py,Runtime Error,163,38256,130,
s705166434,p02791,u273496671,1584306971,Python,PyPy3 (2.4.0),py,Time Limit Exceeded,2111,89948,208,
s234709549,p02791,u378188810,1584306862,C,C (GCC 5.4.1),c,Time Limit Exceeded,2103,1664,1249,
s758919704,p02791,u902387200,1584306804,C++,C++14 (GCC 5.4.1),cpp,Time Limit Exceeded,2103,1024,474,
s804677361,p02791,u045289115,1584306262,C++,C++14 (GCC 5.4.1),cpp,Accepted,76,256,173,
s416237112,p02791,u323542775,1584304803,C++,C++14 (GCC 5.4.1),cpp,Accepted,60,1152,386,
s981281360,p02791,u728894486,1584303916,C++,C++14 (GCC 5.4.1),cpp,Wrong Answer,62,1024,464,
s746380615,p02791,u207310767,1584301162,C++,C++ (GCC 5.4.1),cpp,Accepted,77,256,665,
s038667737,p02791,u109345819,1584299000,C++,C++14 (GCC 5.4.1),cpp,Accepted,21,1152,547,
s931368447,p02791,u109345819,1584298937,C++,C++14 (GCC 5.4.1),cpp,Compile Error,,,546,
s982218359,p02791,u109345819,1584298876,C++,C++14 (GCC 5.4.1),cpp,Compile Error,,,543,
s018983074,p02791,u109345819,1584298814,C++,C++14 (GCC 5.4.1),cpp,Compile Error,,,531,
s193297724,p02791,u396919477,1584297236,C++,C++14 (GCC 5.4.1),cpp,Accepted,60,1152,996,
s165924655,p02791,u745243184,1584296363,C++,C++14 (GCC 5.4.1),cpp,Accepted,60,1024,388,
s431609592,p02791,u992910889,1584290522,Python,PyPy3 (2.4.0),py,Time Limit Exceeded,2110,137112,417,
s691326470,p02791,u992910889,1584288702,Python,Python (3.4.3),py,Time Limit Exceeded,2104,24744,417,
s063046267,p02791,u129134470,1584288239,C++,C++14 (GCC 5.4.1),cpp,Accepted,60,1792,748,
s179715915,p02791,u624617831,1584283918,Python,Python (3.4.3),py,Accepted,100,24744,289,
s778355667,p02791,u624617831,1584283384,Python,Python (3.4.3),py,Time Limit Exceeded,2104,24744,282,
s011814873,p02791,u868132236,1584256332,C++,C++14 (GCC 5.4.1),cpp,Accepted,76,256,232,
s089184688,p02791,u017415492,1584247198,Python,Python (3.4.3),py,Accepted,99,24792,116,
s580082738,p02791,u017415492,1584247110,Python,Python (3.4.3),py,Wrong Answer,100,24744,116,
s521064843,p02791,u349761723,1584244246,C++,C++14 (GCC 5.4.1),cpp,Accepted,79,1024,303,
s734182692,p02791,u151505386,1584239398,C++,C++14 (GCC 5.4.1),cpp,Accepted,19,1024,855,
s598610459,p02791,u712253494,1584234763,Python,Python (3.4.3),py,Wrong Answer,20,6656,199,
s031383990,p02791,u023762741,1584232686,Python,Python (3.4.3),py,Time Limit Exceeded,2104,26004,272,
s902589653,p02791,u023762741,1584232080,Python,Python (3.4.3),py,Time Limit Exceeded,2104,26004,377,
s990660636,p02791,u177411511,1584231842,Python,Python (3.4.3),py,Accepted,173,25696,314,
s711290902,p02791,u023762741,1584231606,Python,Python (3.4.3),py,Time Limit Exceeded,2104,27028,345,
s649082011,p02791,u023762741,1584231173,Python,Python (3.4.3),py,Time Limit Exceeded,2104,27272,392,
s426804052,p02791,u396919477,1584230958,C++,C++14 (GCC 5.4.1),cpp,Time Limit Exceeded,2103,1024,946,
s057260613,p02791,u023762741,1584230714,Python,Python (3.4.3),py,Time Limit Exceeded,2104,26004,374,
s153759079,p02791,u023762741,1584230435,Python,Python (3.4.3),py,Time Limit Exceeded,2104,27028,232,
s672630707,p02791,u023762741,1584230168,Python,Python (3.4.3),py,Time Limit Exceeded,2105,26004,217,
s749665771,p02791,u494105162,1584229857,Java,Java8 (OpenJDK 1.8.0),java,Accepted,587,66612,509,
s310253502,p02791,u023762741,1584229570,Python,Python (3.4.3),py,Wrong Answer,77,26976,406,
s380796779,p02791,u023762741,1584229509,Python,Python (3.4.3),py,Wrong Answer,73,26976,396,
s970273019,p02791,u770161743,1584229467,C++,C++14 (GCC 5.4.1),cpp,Accepted,60,256,410,
s876638729,p02791,u023762741,1584229440,Python,Python (3.4.3),py,Wrong Answer,73,27028,396,
s422562346,p02791,u770161743,1584229383,C++,C++14 (GCC 5.4.1),cpp,Compile Error,,,409,
s216978886,p02791,u494105162,1584228914,Java,Java8 (OpenJDK 1.8.0),java,Time Limit Exceeded,2109,64272,656,
s453645877,p02791,u023762741,1584228514,Python,Python (3.4.3),py,Wrong Answer,72,27028,386,
s116880408,p02791,u023762741,1584228071,Python,Python (3.4.3),py,Wrong Answer,72,27028,375,
s235870329,p02791,u208403252,1584226610,Rust,Rust (1.15.1),rs,Accepted,14,8700,152070,
s381802899,p02791,u590825760,1584224385,Python,Python (3.4.3),py,Accepted,137,25768,173,
s202126728,p02791,u590825760,1584224353,Python,PyPy3 (2.4.0),py,Accepted,243,75984,173,
s656625829,p02791,u590825760,1584224145,Python,PyPy3 (2.4.0),py,Time Limit Exceeded,2111,136964,141,
s822542067,p02791,u568682546,1584222821,C++,C++14 (GCC 5.4.1),cpp,Accepted,61,256,457,
s191708160,p02791,u477320129,1584221950,Python,Python (3.4.3),py,Accepted,146,27520,741,
s947888973,p02791,u092312410,1584217573,C++,C++14 (GCC 5.4.1),cpp,Accepted,60,1400,503,
s424923959,p02791,u092312410,1584217220,C++,C++14 (GCC 5.4.1),cpp,Time Limit Exceeded,2103,1400,472,
s276060067,p02791,u092312410,1584216310,C++,C++14 (GCC 5.4.1),cpp,Time Limit Exceeded,2103,1524,513,
s524866405,p02791,u545938555,1584215760,C++,C++14 (GCC 5.4.1),cpp,Time Limit Exceeded,2103,1024,1715,
s935383037,p02791,u070595731,1584215566,C++,C++14 (GCC 5.4.1),cpp,Accepted,19,256,807,
s372958366,p02791,u070595731,1584215527,C++,C++14 (GCC 5.4.1),cpp,Wrong Answer,18,256,798,
s916415801,p02791,u070595731,1584215495,C++,C++14 (GCC 5.4.1),cpp,Wrong Answer,19,256,798,
s092811078,p02791,u070595731,1584215439,C++,C++14 (GCC 5.4.1),cpp,Wrong Answer,18,256,799,
s947030855,p02791,u070595731,1584215333,C++,C++14 (GCC 5.4.1),cpp,Wrong Answer,18,764,798,
s727522638,p02791,u094191970,1584214302,Python,Python (3.4.3),py,Accepted,96,24744,204,
s806599049,p02791,u167206842,1584213428,Java,Java8 (OpenJDK 1.8.0),java,Accepted,605,65192,454,
s011338317,p02791,u074372598,1584213253,Python,Python (3.4.3),py,Accepted,90,24744,272,
s119380024,p02791,u092312410,1584212035,C++,C++14 (GCC 5.4.1),cpp,Time Limit Exceeded,2103,1400,630,
s129123837,p02791,u538508087,1584209874,C++,C++14 (GCC 5.4.1),cpp,Accepted,19,1024,529,
s693617958,p02791,u538508087,1584209250,C++,C++14 (GCC 5.4.1),cpp,Time Limit Exceeded,2103,1024,610,
s741183486,p02791,u538508087,1584209051,C++,C++14 (GCC 5.4.1),cpp,Wrong Answer,2103,1024,578,
s584255170,p02791,u651235280,1584208008,C++,C++14 (GCC 5.4.1),cpp,Accepted,79,1792,391,
s591395944,p02791,u455533363,1584207545,Python,Python (3.4.3),py,Accepted,155,24744,183,
s699530618,p02791,u779073299,1584206153,Python,Python (3.4.3),py,Accepted,94,24744,179,
s466864387,p02791,u323045245,1584205889,Python,Python (3.4.3),py,Accepted,106,24744,200,
s742088635,p02791,u998732100,1584203928,C++,C++14 (GCC 5.4.1),cpp,Accepted,77,384,300,
s838596987,p02791,u998732100,1584203329,C++,C++14 (GCC 5.4.1),cpp,Time Limit Exceeded,2103,384,356,
s333575662,p02791,u998732100,1584202860,C++,C++14 (GCC 5.4.1),cpp,Time Limit Exceeded,2103,1280,443,
s088773653,p02791,u998732100,1584202265,C++,C++14 (GCC 5.4.1),cpp,Time Limit Exceeded,2103,1024,441,
s034372986,p02791,u651235280,1584201262,C++,C++14 (GCC 5.4.1),cpp,Time Limit Exceeded,2103,1920,527,
s897275034,p02791,u832459318,1584200075,Python,Python (3.4.3),py,Accepted,116,24744,149,
s302616056,p02791,u272496669,1584198745,C++,C++14 (GCC 5.4.1),cpp,Accepted,19,1792,892,
s037643347,p02791,u955251526,1584198265,Python,Python (3.4.3),py,Accepted,127,24744,143,
s339340408,p02791,u955251526,1584198148,Python,Python (3.4.3),py,Wrong Answer,132,24744,143,
s825015135,p02791,u557565572,1584197109,Python,Python (3.4.3),py,Accepted,115,24872,297,
s466754031,p02791,u669004130,1584195015,C++,C++14 (GCC 5.4.1),cpp,Accepted,59,256,339,
s725581075,p02791,u318859025,1584193102,Python,Python (3.4.3),py,Accepted,105,26012,138,
s432167636,p02791,u318859025,1584192620,Python,Python (3.4.3),py,Time Limit Exceeded,2104,24744,142,
s469000378,p02791,u598501138,1584190124,C++,C++14 (GCC 5.4.1),cpp,Accepted,18,256,617,
s714812136,p02791,u703052130,1584187805,C++,C++14 (GCC 5.4.1),cpp,Accepted,78,256,676,
s195523353,p02791,u199830845,1584186843,Python,Python (3.4.3),py,Accepted,94,17940,184,
s665924064,p02791,u858748695,1584186776,Python,Python (3.4.3),py,Accepted,131,24744,168,
s681612759,p02791,u863717702,1584185141,C++,C++14 (GCC 5.4.1),cpp,Accepted,77,256,421,
s476592389,p02791,u112581208,1584182774,C++,C++14 (Clang 3.8.0),cpp,Accepted,167,1024,868,
s366153623,p02791,u112581208,1584182140,C++,C++14 (Clang 3.8.0),cpp,Time Limit Exceeded,2103,1024,936,
s401318808,p02791,u947382132,1584181472,C++,C++14 (GCC 5.4.1),cpp,Accepted,60,1024,385,
s297744554,p02791,u271934630,1584181050,Rust,Rust (1.15.1),rs,Accepted,38,6396,1666,
s977462496,p02791,u467480147,1584180636,C++,C++14 (GCC 5.4.1),cpp,Accepted,77,256,378,
s911257529,p02791,u139850627,1584178312,Ruby,Ruby (2.3.3),rb,Accepted,116,14984,278,
s442560091,p02791,u139850627,1584178256,Ruby,Ruby (2.3.3),rb,Runtime Error,91,14984,278,
s455308614,p02791,u139850627,1584178084,Ruby,Ruby (2.3.3),rb,Time Limit Exceeded,2108,17436,288,
s904437564,p02791,u139850627,1584177613,Ruby,Ruby (2.3.3),rb,Time Limit Exceeded,2108,18948,306,
s683881800,p02791,u323045245,1584174792,Python,Python (3.4.3),py,Time Limit Exceeded,2104,24744,243,
s776154554,p02791,u323045245,1584173671,Python,Python (3.4.3),py,Wrong Answer,2104,24744,230,
s221507149,p02791,u834832056,1584172205,Python,Python (3.4.3),py,Accepted,92,24744,296,
s269069149,p02791,u271934630,1584171280,Rust,Rust (1.15.1),rs,Time Limit Exceeded,2103,6396,1705,
s146961603,p02791,u271934630,1584170838,Rust,Rust (1.15.1),rs,Time Limit Exceeded,2103,6396,1651,
s431165964,p02791,u413165887,1584169883,Python,Python (3.4.3),py,Accepted,111,24744,148,
s886771775,p02791,u584520839,1584160548,C++,C++14 (GCC 5.4.1),cpp,Accepted,63,1792,324,
s416469851,p02791,u584520839,1584159317,C++,C++14 (GCC 5.4.1),cpp,Wrong Answer,59,1792,300,
s423730630,p02791,u584520839,1584159110,C++,C++14 (GCC 5.4.1),cpp,Wrong Answer,79,1152,282,
s300636586,p02791,u159468591,1584152285,C++,C++14 (GCC 5.4.1),cpp,Accepted,20,1792,545,
s537953992,p02791,u519950235,1584143368,C++,C++14 (GCC 5.4.1),cpp,Accepted,78,1024,1106,
s484200567,p02791,u328471539,1584142975,C++,C++14 (GCC 5.4.1),cpp,Accepted,67,1792,607,
s848324048,p02791,u776056110,1584141972,C++,C++14 (GCC 5.4.1),cpp,Accepted,61,1792,850,
s209405680,p02791,u416773418,1584140538,C++,C++14 (GCC 5.4.1),cpp,Accepted,81,1024,366,
s839671959,p02791,u235745986,1584139330,C++,C++14 (GCC 5.4.1),cpp,Accepted,78,1024,352,
s013315997,p02791,u913256471,1584137088,C++,C++14 (GCC 5.4.1),cpp,Accepted,78,1024,293,
s202742204,p02791,u323045245,1584136989,Python,Python (3.4.3),py,Time Limit Exceeded,2104,24744,248,
s610671927,p02791,u656391577,1584136797,Python,Python (3.4.3),py,Accepted,93,24744,212,
s259735744,p02791,u913256471,1584136793,C++,C++14 (GCC 5.4.1),cpp,Wrong Answer,1,256,263,
s048805772,p02791,u656391577,1584136322,Python,Python (3.4.3),py,Accepted,109,24744,166,
s590634568,p02791,u875543214,1584135141,C++,C++14 (GCC 5.4.1),cpp,Accepted,77,1024,283,
s698622152,p02791,u875543214,1584135040,C++,C++14 (GCC 5.4.1),cpp,Wrong Answer,76,1024,255,
s753369550,p02791,u271934630,1584134799,Rust,Rust (1.15.1),rs,Time Limit Exceeded,2103,6396,1605,
s357863839,p02791,u875543214,1584134593,C++,C++14 (GCC 5.4.1),cpp,Wrong Answer,2103,1024,279,
s563181637,p02791,u371132735,1584134136,Python,Python (3.4.3),py,Accepted,147,24744,172,
s370234616,p02791,u875543214,1584134057,C++,C++14 (GCC 5.4.1),cpp,Wrong Answer,2103,1024,247,
s835687962,p02791,u875543214,1584133958,C++,C++14 (GCC 5.4.1),cpp,Wrong Answer,2103,1024,247,
s537654117,p02791,u706433263,1584133807,Python,Python (3.4.3),py,Accepted,110,24744,140,
s997637597,p02791,u706433263,1584133606,Python,Python (3.4.3),py,Time Limit Exceeded,2108,24744,139,
s427650378,p02791,u446371873,1584132791,Python,Python (3.4.3),py,Accepted,118,24744,153,
s298264480,p02791,u527993431,1584128657,Python,Python (3.4.3),py,Accepted,114,24744,135,
s506115489,p02791,u527993431,1584128152,Python,Python (3.4.3),py,Time Limit Exceeded,2104,24744,138,
s607384019,p02791,u446371873,1584127490,Python,Python (3.4.3),py,Time Limit Exceeded,2105,24744,136,
s878478916,p02791,u446371873,1584127410,Python,Python (3.4.3),py,Runtime Error,66,24744,147,
s395482550,p02791,u446371873,1584127270,Python,Python (3.4.3),py,Time Limit Exceeded,2104,24744,158,
s925895151,p02791,u446371873,1584127055,Python,Python (3.4.3),py,Time Limit Exceeded,2104,24744,158,
s784833599,p02791,u446371873,1584126618,Python,Python (3.4.3),py,Time Limit Exceeded,2104,24744,185,
s849714893,p02791,u869964546,1584124742,C++,C++14 (GCC 5.4.1),cpp,Accepted,64,1792,5973,
s559708929,p02791,u497103679,1584124621,C++,C++14 (GCC 5.4.1),cpp,Accepted,79,256,440,
s273290092,p02791,u497103679,1584124568,C++,C++14 (GCC 5.4.1),cpp,Compile Error,,,442,
s885736608,p02791,u497103679,1584124532,C++,C++14 (GCC 5.4.1),cpp,Compile Error,,,447,
s462253549,p02791,u497103679,1584124469,C++,C++14 (GCC 5.4.1),cpp,Compile Error,,,453,
s657300975,p02791,u068713120,1584122671,C++,C++14 (GCC 5.4.1),cpp,Accepted,77,256,249,
s748374055,p02791,u792719666,1584118433,C++,C++14 (GCC 5.4.1),cpp,Accepted,18,256,1108,
s845333441,p02791,u792719666,1584118392,C++,C++14 (GCC 5.4.1),cpp,Accepted,208,9600,1122,
s909748553,p02791,u792719666,1584118315,C++,C++14 (GCC 5.4.1),cpp,Accepted,213,9600,1122,
s988910534,p02791,u688825490,1584115523,C++,C++14 (GCC 5.4.1),cpp,Accepted,61,1024,546,
s580080620,p02791,u811134583,1584114190,C++,C++14 (GCC 5.4.1),cpp,Accepted,77,1024,283,
s306042126,p02791,u811134583,1584113954,C++,C++14 (GCC 5.4.1),cpp,Wrong Answer,86,1024,309,
s828986155,p02791,u481109482,1584111935,Java,Java8 (OpenJDK 1.8.0),java,Accepted,561,80144,926,
s813325173,p02791,u481109482,1584111911,Java,Java8 (OpenJDK 1.8.0),java,Compile Error,,,925,
s289593225,p02791,u481109482,1584111836,Java,Java8 (OpenJDK 1.8.0),java,Wrong Answer,575,83412,912,
s301922366,p02791,u481109482,1584111788,Java,Java8 (OpenJDK 1.8.0),java,Wrong Answer,565,67276,912,
s797290395,p02791,u196762344,1584110724,C++,C++14 (GCC 5.4.1),cpp,Accepted,18,256,687,
s740435057,p02791,u481109482,1584109506,Java,Java8 (OpenJDK 1.8.0),java,Wrong Answer,571,88100,881,
s375188480,p02791,u655834330,1584108237,Python,Python (3.4.3),py,Accepted,76,24744,275,
s939627955,p02791,u094619686,1584104204,C++,C++14 (GCC 5.4.1),cpp,Accepted,77,1024,312,
s654881786,p02791,u385678999,1584103107,Kotlin,Kotlin (1.0.0),kt,Accepted,650,82892,367,
s867967143,p02791,u454765148,1584101288,C++,C++14 (GCC 5.4.1),cpp,Accepted,77,1024,256,
s415312381,p02791,u506314975,1584100527,C,C (GCC 5.4.1),c,Accepted,22,1024,445,
s967275750,p02791,u027630431,1584070759,C++,C++14 (GCC 5.4.1),cpp,Accepted,77,384,316,
s156080481,p02791,u371385198,1584067060,Python,Python (3.4.3),py,Accepted,130,25940,196,
s992149706,p02791,u371385198,1584066806,Python,Python (3.4.3),py,Time Limit Exceeded,2104,24436,180,
s237515963,p02791,u371385198,1584066586,Python,Python (3.4.3),py,Time Limit Exceeded,2104,25748,198,
s284782874,p02791,u371385198,1584066414,Python,Python (3.4.3),py,Time Limit Exceeded,2104,25328,195,
s591757929,p02791,u371385198,1584066020,Python,Python (3.4.3),py,Wrong Answer,179,25328,253,
s906868878,p02791,u371385198,1584065948,Python,Python (3.4.3),py,Wrong Answer,177,25324,252,
s814633121,p02791,u030879708,1584063616,C++,C++14 (GCC 5.4.1),cpp,Accepted,77,256,329,
s156120036,p02791,u030879708,1584062841,C++,C++14 (GCC 5.4.1),cpp,Wrong Answer,77,256,325,
s597240810,p02791,u507687295,1584061549,C++,C++14 (GCC 5.4.1),cpp,Accepted,61,1792,439,
s535626694,p02791,u616169109,1584054646,Python,Python (3.4.3),py,Accepted,117,24744,178,
s578894088,p02791,u826906931,1584054263,C++,C++14 (Clang 3.8.0),cpp,Accepted,166,888,366,
s246039569,p02791,u446371873,1584054189,Python,Python (3.4.3),py,Runtime Error,17,2940,164,
s805008786,p02791,u826906931,1584053915,C++,C++14 (Clang 3.8.0),cpp,Wrong Answer,167,888,340,
s249698547,p02791,u699111690,1584048756,C++,C++14 (GCC 5.4.1),cpp,Accepted,60,1024,444,
s554685774,p02791,u699111690,1584048682,C++,C++14 (GCC 5.4.1),cpp,Accepted,60,1024,636,
s002391962,p02791,u773265208,1584046398,Python,Python (3.4.3),py,Accepted,107,24744,156,
s560022354,p02791,u412914586,1584045752,C++,C++14 (GCC 5.4.1),cpp,Accepted,19,1024,1413,
s450752806,p02791,u075304271,1584044456,Python,Python (3.4.3),py,Accepted,241,34144,467,
s313836175,p02791,u075304271,1584044330,Python,Python (3.4.3),py,Wrong Answer,331,34144,471,
s503757836,p02791,u699111690,1584044010,C++,C++14 (GCC 5.4.1),cpp,Time Limit Exceeded,2107,1024,590,
s567748158,p02791,u075304271,1584043899,Python,Python (3.4.3),py,Wrong Answer,246,34108,442,
s955829198,p02791,u075304271,1584043851,Python,Python (3.4.3),py,Wrong Answer,521,34140,476,
s926659418,p02791,u075304271,1584043221,Python,Python (3.4.3),py,Wrong Answer,245,34108,442,
s440293267,p02791,u075304271,1584042769,Python,Python (3.4.3),py,Wrong Answer,264,34108,441,
s010499775,p02791,u115819033,1584042220,C++,C++14 (GCC 5.4.1),cpp,Accepted,61,1792,596,
s340379362,p02791,u115819033,1584041979,C++,C++14 (GCC 5.4.1),cpp,Wrong Answer,70,2936,667,
s703260761,p02791,u115819033,1584041420,C++,C++14 (GCC 5.4.1),cpp,Wrong Answer,67,2936,666,
s036039347,p02791,u322297639,1584040692,Python,Python (3.4.3),py,Accepted,107,24744,181,
s324908492,p02791,u263000123,1584040518,C++,C++14 (GCC 5.4.1),cpp,Accepted,78,256,425,
s676059010,p02791,u322297639,1584040227,Python,Python (3.4.3),py,Time Limit Exceeded,2105,24744,172,
s236997732,p02791,u263000123,1584040205,C++,C++14 (GCC 5.4.1),cpp,Time Limit Exceeded,2107,1024,495,
s182412544,p02791,u510552354,1584032355,C++,C++14 (GCC 5.4.1),cpp,Accepted,98,42496,808,
s045411584,p02791,u728473456,1584032250,Python,Python (3.4.3),py,Accepted,139,25124,281,
s551941326,p02791,u728473456,1584032010,Python,Python (3.4.3),py,Time Limit Exceeded,2108,25124,234,
s371008730,p02791,u728473456,1584031688,Python,Python (3.4.3),py,Time Limit Exceeded,2104,24744,177,
s029902264,p02791,u018713014,1584030352,C++,C++14 (GCC 5.4.1),cpp,Accepted,77,1792,635,
s871193520,p02791,u816631826,1584029579,C,C (GCC 5.4.1),c,Accepted,22,896,345,
s485676802,p02791,u863370423,1584029503,C,C (GCC 5.4.1),c,Wrong Answer,22,896,346,
s924581170,p02791,u816631826,1584029393,C,C (GCC 5.4.1),c,Wrong Answer,22,896,347,
s862916305,p02791,u353919145,1584029311,C,C (GCC 5.4.1),c,Runtime Error,100,128,344,
s870493011,p02791,u018679195,1584029098,C,C (GCC 5.4.1),c,Accepted,22,896,326,
s271115283,p02791,u089230684,1584028662,C,C (GCC 5.4.1),c,Accepted,22,896,328,
s851725896,p02791,u089230684,1584028350,C,C (GCC 5.4.1),c,Wrong Answer,22,896,291,
s288792265,p02791,u089230684,1584027739,C,C (GCC 5.4.1),c,Wrong Answer,24,896,321,
s950945081,p02791,u863370423,1584027621,C,C (GCC 5.4.1),c,Wrong Answer,23,896,322,
s068328401,p02791,u958053648,1584027261,Python,Python (3.4.3),py,Accepted,135,24744,120,
s390513146,p02791,u958053648,1584026189,Python,Python (3.4.3),py,Accepted,132,24744,122,
s729040845,p02791,u958053648,1584025632,Python,Python (3.4.3),py,Time Limit Exceeded,2108,24744,114,
s447707564,p02791,u958053648,1584025454,Python,PyPy3 (2.4.0),py,Wrong Answer,2111,135432,135,
s105128056,p02791,u958053648,1584025133,Python,PyPy3 (2.4.0),py,Time Limit Exceeded,2110,136644,114,
s715254468,p02791,u353919145,1584025079,C++,C++14 (GCC 5.4.1),cpp,Accepted,19,1024,1413,
s207923136,p02791,u958053648,1584024919,Python,PyPy3 (2.4.0),py,Time Limit Exceeded,2112,137192,119,
s582855057,p02791,u958053648,1584024784,Python,PyPy3 (2.4.0),py,Time Limit Exceeded,2113,138220,119,
s284480512,p02791,u373047809,1584023208,Python,Python (3.4.3),py,Accepted,145,24872,120,
s444403951,p02791,u545364250,1584020847,C++,C++14 (GCC 5.4.1),cpp,Accepted,60,256,1837,
s436422093,p02791,u030504180,1584020047,C,C (GCC 5.4.1),c,Accepted,22,896,358,
s593250717,p02791,u030504180,1584019968,C,C (GCC 5.4.1),c,Wrong Answer,22,896,360,
s835820992,p02791,u030504180,1584019133,C,C (GCC 5.4.1),c,Wrong Answer,22,896,435,
s994865179,p02791,u030504180,1584019076,C,C (GCC 5.4.1),c,Wrong Answer,39,2176,433,
s184588124,p02791,u433189059,1584010906,C++,C++14 (GCC 5.4.1),cpp,Accepted,66,1024,389,
s176579943,p02791,u464244643,1584004382,Python,Python (3.4.3),py,Accepted,107,25248,336,
s922365017,p02791,u929977034,1584003979,C++,C++14 (GCC 5.4.1),cpp,Accepted,66,1792,1099,
s452519604,p02791,u787005274,1583980541,C++,C++14 (GCC 5.4.1),cpp,Accepted,18,1024,388,
s640912500,p02791,u705296057,1583968421,C++,C++14 (GCC 5.4.1),cpp,Accepted,69,256,1971,
s412238009,p02791,u159663513,1583962524,C++,C++14 (GCC 5.4.1),cpp,Accepted,18,1792,1431,
s625698759,p02791,u159663513,1583962489,C++,C++14 (GCC 5.4.1),cpp,Runtime Error,103,256,1427,
s166196851,p02791,u034323841,1583956011,C,C (GCC 5.4.1),c,Accepted,22,896,276,
s669149226,p02791,u034323841,1583955769,C,C (GCC 5.4.1),c,Accepted,22,896,237,
s962122089,p02791,u034323841,1583955709,C,C (GCC 5.4.1),c,Compile Error,,,237,
s458087558,p02791,u034323841,1583955546,C,C (GCC 5.4.1),c,Accepted,22,896,256,
s125107866,p02791,u034323841,1583955462,C,C (GCC 5.4.1),c,Compile Error,,,251,
s049153199,p02791,u666880357,1583955398,Java,Java8 (OpenJDK 1.8.0),java,Accepted,592,85544,480,
s763871777,p02791,u666880357,1583955211,Java,Java8 (OpenJDK 1.8.0),java,Wrong Answer,547,79440,480,
s389231632,p02791,u666880357,1583955119,Java,Java8 (OpenJDK 1.8.0),java,Wrong Answer,591,67184,458,
s997229022,p02791,u666880357,1583954679,Java,Java8 (OpenJDK 1.8.0),java,Time Limit Exceeded,2109,65188,705,
s543277623,p02791,u645614197,1583954620,Java,Java8 (OpenJDK 1.8.0),java,Runtime Error,2109,89844,466,
s909918789,p02791,u666880357,1583954582,Java,Java8 (OpenJDK 1.8.0),java,Time Limit Exceeded,2109,63820,754,
s047734857,p02791,u165298656,1583954570,Java,Java8 (OpenJDK 1.8.0),java,Wrong Answer,2109,64556,495,
s133163548,p02791,u165298656,1583954481,Java,Java8 (OpenJDK 1.8.0),java,Wrong Answer,2109,86232,522,
s720856416,p02791,u645614197,1583954475,Java,Java8 (OpenJDK 1.8.0),java,Runtime Error,2109,90348,467,
s303029824,p02791,u666880357,1583954440,Java,Java8 (OpenJDK 1.8.0),java,Wrong Answer,2109,85116,754,
s015939806,p02791,u666880357,1583954400,Java,Java8 (OpenJDK 1.8.0),java,Runtime Error,86,22740,785,
s100090433,p02791,u165298656,1583954310,Java,Java8 (OpenJDK 1.8.0),java,Time Limit Exceeded,2109,83980,551,
s972951358,p02791,u666880357,1583954272,Java,Java8 (OpenJDK 1.8.0),java,Time Limit Exceeded,2109,75052,754,
s098546548,p02791,u165298656,1583954246,Java,Java8 (OpenJDK 1.8.0),java,Compile Error,,,552,
s702157267,p02791,u645614197,1583954227,Java,Java8 (OpenJDK 1.8.0),java,Runtime Error,2110,92392,462,
s325115538,p02791,u165298656,1583954039,Java,Java8 (OpenJDK 1.8.0),java,Compile Error,,,503,
s780355242,p02791,u165298656,1583953994,Java,Java8 (OpenJDK 1.8.0),java,Compile Error,,,575,
s793850874,p02791,u645614197,1583953987,Java,Java8 (OpenJDK 1.8.0),java,Runtime Error,2109,90556,450,
s294503807,p02791,u666880357,1583953890,Java,Java8 (OpenJDK 1.8.0),java,Wrong Answer,2109,65804,636,
s504471030,p02791,u645614197,1583953676,Java,Java8 (OpenJDK 1.8.0),java,Runtime Error,2110,87780,451,
s859872899,p02791,u032174114,1583953577,Java,Java8 (OpenJDK 1.8.0),java,Accepted,573,78704,423,
s327525553,p02791,u450832845,1583953436,C++,C++14 (GCC 5.4.1),cpp,Accepted,60,1792,2038,
s139975908,p02791,u645614197,1583953370,Java,Java8 (OpenJDK 1.8.0),java,Runtime Error,2109,87412,451,
s393857556,p02791,u034323841,1583953220,C,C (GCC 5.4.1),c,Runtime Error,98,256,235,
s671913435,p02791,u450832845,1583952943,C++,C++14 (GCC 5.4.1),cpp,Runtime Error,148,1152,2038,
s011752183,p02791,u034323841,1583952664,C,C (GCC 5.4.1),c,Runtime Error,104,256,238,
s882465437,p02791,u034323841,1583952486,C,C (GCC 5.4.1),c,Runtime Error,103,256,235,
s709109485,p02791,u034323841,1583952404,C,C (GCC 5.4.1),c,Runtime Error,106,256,239,
s089102078,p02791,u034323841,1583952343,C,C (GCC 5.4.1),c,Runtime Error,100,256,224,
s956327032,p02791,u770077083,1583952213,Python,Python (3.4.3),py,Accepted,89,24744,144,
s186377576,p02791,u770077083,1583951951,Python,Python (3.4.3),py,Time Limit Exceeded,2104,24744,238,
s288649758,p02791,u034323841,1583950166,C,C (GCC 5.4.1),c,Runtime Error,106,256,259,
s686326154,p02791,u112324182,1583949620,Python,Python (3.4.3),py,Time Limit Exceeded,2104,24744,163,
s281880884,p02791,u112324182,1583948326,Python,Python (3.4.3),py,Wrong Answer,280,24744,322,
s976315608,p02791,u112324182,1583947638,Python,Python (3.4.3),py,Wrong Answer,2104,26012,318,
s681374256,p02791,u112324182,1583947187,Python,Python (3.4.3),py,Time Limit Exceeded,2104,24744,227,
s633223142,p02791,u112324182,1583947139,Python,Python (3.4.3),py,Time Limit Exceeded,2104,24744,215,
s740230382,p02791,u100280611,1583945751,C++,C++14 (GCC 5.4.1),cpp,Accepted,77,256,555,
s188020763,p02791,u103208639,1583945503,Python,Python (3.4.3),py,Accepted,108,24744,148,
s140892604,p02791,u136090046,1583944618,C++,C++14 (GCC 5.4.1),cpp,Accepted,60,1024,983,
s601899691,p02791,u213143275,1583944209,C++,C++14 (GCC 5.4.1),cpp,Accepted,60,1792,393,
s461457546,p02791,u067983636,1583943292,Python,Python (3.4.3),py,Accepted,79,24292,362,
s145556520,p02791,u225474226,1583941882,C++,C++14 (GCC 5.4.1),cpp,Accepted,81,1792,452,
s975933349,p02791,u514894322,1583938723,Python,Python (3.4.3),py,Accepted,94,24744,134,
s781154269,p02791,u154898295,1583938555,Java,Java8 (OpenJDK 1.8.0),java,Accepted,583,62860,338,
s253361068,p02791,u154898295,1583938438,Java,Java8 (OpenJDK 1.8.0),java,Compile Error,,,330,
s194465440,p02791,u154898295,1583938343,Java,Java8 (OpenJDK 1.8.0),java,Wrong Answer,589,63892,330,
s088104114,p02791,u154898295,1583938314,Java,Java8 (OpenJDK 1.8.0),java,Compile Error,,,329,
s542304394,p02791,u363005934,1583930912,C++,C++14 (GCC 5.4.1),cpp,Accepted,77,256,261,
s425913301,p02791,u610752387,1583930262,C++,C++14 (GCC 5.4.1),cpp,Accepted,65,1024,769,
s047230174,p02791,u550913048,1583925486,C++,C++14 (GCC 5.4.1),cpp,Accepted,76,256,713,
s035809568,p02791,u622570247,1583914478,C++,C++14 (GCC 5.4.1),cpp,Accepted,77,256,324,
s253146984,p02791,u147808483,1583904005,C++,C++14 (GCC 5.4.1),cpp,Time Limit Exceeded,2103,1024,329,
s434987401,p02791,u273132396,1583902699,C++,C++14 (GCC 5.4.1),cpp,Accepted,66,1792,578,
s647471134,p02791,u783419265,1583902038,C++,C++14 (GCC 5.4.1),cpp,Accepted,19,1024,368,
s897701216,p02791,u104886851,1583890698,Ruby,Ruby (2.3.3),rb,Accepted,172,19196,120,
s276232243,p02791,u104886851,1583889778,Ruby,Ruby (2.3.3),rb,Time Limit Exceeded,2108,19204,175,
s405311675,p02791,u707960254,1583885760,Python,PyPy3 (2.4.0),py,Accepted,243,75472,163,
s925847603,p02791,u138597672,1583881216,C++,C++14 (GCC 5.4.1),cpp,Accepted,59,1792,711,
s456085026,p02791,u138597672,1583880967,C++,C++14 (GCC 5.4.1),cpp,Wrong Answer,77,1024,711,
s513812744,p02791,u138597672,1583880736,C++,C++14 (GCC 5.4.1),cpp,Time Limit Exceeded,2103,1024,743,
s485754120,p02791,u420345622,1583879883,C++,C++14 (GCC 5.4.1),cpp,Accepted,77,256,275,
s328991352,p02791,u420345622,1583879759,C++,C++14 (GCC 5.4.1),cpp,Compile Error,,,275,
s983251888,p02791,u420345622,1583879722,C++,C++14 (GCC 5.4.1),cpp,Compile Error,,,274,
s622981097,p02791,u420345622,1583879586,C++,C++14 (GCC 5.4.1),cpp,Wrong Answer,76,256,254,
s755689822,p02791,u420345622,1583879494,C++,C++14 (GCC 5.4.1),cpp,Wrong Answer,1,256,237,
s855292190,p02791,u368579103,1583879354,Python,Python (3.4.3),py,Accepted,110,24744,173,
s710737194,p02791,u130900604,1583878591,Python,Python (3.4.3),py,Accepted,89,24744,142,
s620697832,p02791,u523383024,1583875932,C++,C++14 (GCC 5.4.1),cpp,Accepted,60,1024,699,
s608260306,p02791,u638033979,1583875742,Python,Python (3.4.3),py,Accepted,105,25768,146,
s626404623,p02791,u523383024,1583875518,C++,C++14 (GCC 5.4.1),cpp,Time Limit Exceeded,2103,1024,670,
s251355925,p02791,u009414205,1583875104,C++,C++14 (GCC 5.4.1),cpp,Accepted,62,1024,1248,
s511069094,p02791,u523383024,1583874739,C++,C++14 (GCC 5.4.1),cpp,Time Limit Exceeded,2103,1024,728,
s854330501,p02791,u559424030,1583874597,C++,C++14 (GCC 5.4.1),cpp,Accepted,77,256,350,
s465912644,p02791,u287500079,1583872215,Python,PyPy3 (2.4.0),py,Accepted,372,102092,1006,
s296365939,p02791,u662185644,1583872113,C,C (GCC 5.4.1),c,Accepted,24,128,327,
s164582494,p02791,u287500079,1583871981,Python,Python (3.4.3),py,Time Limit Exceeded,2104,27188,1009,
s579522324,p02791,u287500079,1583871945,Python,PyPy3 (2.4.0),py,Time Limit Exceeded,2110,103884,1009,
s696101516,p02791,u662185644,1583871656,C,C (GCC 5.4.1),c,Wrong Answer,23,128,347,
s971158384,p02791,u287500079,1583871269,Python,PyPy3 (2.4.0),py,Time Limit Exceeded,2112,150516,887,
s957365420,p02791,u559424030,1583871191,C++,C++14 (GCC 5.4.1),cpp,Wrong Answer,78,256,327,
s228779945,p02791,u678167152,1583865928,Python,Python (3.4.3),py,Accepted,109,24744,162,
s398338900,p02791,u069273180,1583861570,Python,Python (3.4.3),py,Accepted,104,24744,172,
s050835697,p02791,u331360010,1583861494,C++,C++14 (GCC 5.4.1),cpp,Accepted,13,1152,8298,
s703692049,p02791,u069273180,1583861445,Python,Python (3.4.3),py,Runtime Error,17,2940,165,
s840269770,p02791,u069273180,1583861357,Python,Python (3.4.3),py,Runtime Error,17,2940,164,
s232893041,p02791,u069273180,1583861318,Python,Python (3.4.3),py,Runtime Error,17,2940,164,
s123489932,p02791,u069273180,1583861294,Python,Python (3.4.3),py,Runtime Error,17,2940,164,
s434394725,p02791,u578871832,1583860469,C++,C++14 (GCC 5.4.1),cpp,Time Limit Exceeded,2103,1024,476,
s739908182,p02791,u578871832,1583860281,C++,C++14 (GCC 5.4.1),cpp,Time Limit Exceeded,2103,1024,499,
s686990104,p02791,u028906014,1583852758,C++,C++14 (GCC 5.4.1),cpp,Accepted,61,1024,343,
s341285085,p02791,u580873239,1583846957,Python,Python (3.4.3),py,Accepted,115,24744,171,
s756701038,p02791,u580873239,1583846646,Python,Python (3.4.3),py,Time Limit Exceeded,2104,24744,146,
s484298853,p02791,u107273037,1583846365,C++,C++14 (GCC 5.4.1),cpp,Accepted,79,384,281,
s967500336,p02791,u803167461,1583846354,C++,C++14 (GCC 5.4.1),cpp,Accepted,60,1792,786,
s808422721,p02791,u580873239,1583846143,Python,Python (3.4.3),py,Time Limit Exceeded,2104,24744,225,
s525567715,p02791,u107273037,1583845822,C++,C++14 (GCC 5.4.1),cpp,Wrong Answer,76,256,275,
s419793276,p02791,u107273037,1583845776,C++,C++14 (GCC 5.4.1),cpp,Wrong Answer,1,256,257,
s817380607,p02791,u473077512,1583845024,C++,C++14 (GCC 5.4.1),cpp,Accepted,77,1024,388,
s521070074,p02791,u473077512,1583844280,C++,C++14 (GCC 5.4.1),cpp,Wrong Answer,77,1024,281,
s753222936,p02791,u227176034,1583841251,C++,C++14 (GCC 5.4.1),cpp,Accepted,63,1024,334,
s791328343,p02791,u735175408,1583840282,Python,Python (3.4.3),py,Accepted,106,24744,149,
s348636521,p02791,u227176034,1583839863,C++,C++14 (GCC 5.4.1),cpp,Time Limit Exceeded,2103,384,289,
s705487894,p02791,u821262411,1583837971,Python,Python (3.4.3),py,Accepted,135,24744,155,
s208561145,p02791,u676010686,1583837322,C++,C++14 (GCC 5.4.1),cpp,Accepted,20,256,258,
s854052836,p02791,u258108378,1583835928,C++,C++14 (GCC 5.4.1),cpp,Accepted,78,256,714,
s221509419,p02791,u664907598,1583835003,Python,Python (3.4.3),py,Accepted,126,24744,195,
s351538530,p02791,u664907598,1583834899,Python,Python (3.4.3),py,Time Limit Exceeded,2105,24744,189,
s463555599,p02791,u096616343,1583834739,Python,Python (3.4.3),py,Accepted,107,24744,170,
s410374349,p02791,u258108378,1583833657,C++,C++14 (GCC 5.4.1),cpp,Time Limit Exceeded,2103,1024,626,
s216187877,p02791,u987346383,1583833258,C++,C++14 (GCC 5.4.1),cpp,Accepted,76,256,287,
s582390867,p02791,u987346383,1583832838,C++,C++14 (GCC 5.4.1),cpp,Time Limit Exceeded,2103,1024,443,
s310247942,p02791,u337328703,1583822315,C++,C++14 (GCC 5.4.1),cpp,Accepted,18,256,440,
s410889580,p02791,u448258717,1583804192,Go,Go (1.6),go,Accepted,40,3584,659,
s379266314,p02791,u545385408,1583798451,C++,C++14 (GCC 5.4.1),cpp,Accepted,61,3328,304,
s086052717,p02791,u545385408,1583798278,C++,C++14 (GCC 5.4.1),cpp,Time Limit Exceeded,2107,3328,297,
s029046328,p02791,u211631457,1583798278,C++,C++14 (GCC 5.4.1),cpp,Accepted,19,256,340,
s559259442,p02791,u021548497,1583797860,Python,Python (3.4.3),py,Accepted,119,26012,186,
s020142928,p02791,u021548497,1583797104,Python,Python (3.4.3),py,Wrong Answer,139,25768,176,
s612830813,p02791,u178536051,1583797060,C++,C++14 (GCC 5.4.1),cpp,Accepted,61,3328,505,
s356636709,p02791,u178536051,1583796606,C++,C++14 (GCC 5.4.1),cpp,Time Limit Exceeded,2103,1792,711,
s773475924,p02791,u448258717,1583796181,Go,Go (1.6),go,Accepted,111,6144,1050,
s335968025,p02791,u178536051,1583796178,C++,C++14 (GCC 5.4.1),cpp,Time Limit Exceeded,2103,1792,597,
s002934615,p02791,u178536051,1583795936,C++,C++14 (GCC 5.4.1),cpp,Time Limit Exceeded,2109,1792,592,
s384796582,p02791,u770009793,1583794502,C++,C++14 (GCC 5.4.1),cpp,Accepted,19,1024,649,
s919890585,p02791,u112317104,1583793029,Python,Python (3.4.3),py,Accepted,103,24744,210,
s026929335,p02791,u526459074,1583792763,C++,C++14 (GCC 5.4.1),cpp,Accepted,61,1792,513,
s718703562,p02791,u526459074,1583791754,C++,C++14 (GCC 5.4.1),cpp,Time Limit Exceeded,2103,1024,475,
s842902287,p02791,u073983440,1583791135,C++,C++14 (GCC 5.4.1),cpp,Accepted,60,1152,743,
s279861438,p02791,u480138356,1583788725,Python,Python (3.4.3),py,Accepted,128,25696,331,
s831462725,p02791,u415370212,1583788057,C,C (Clang 3.8.0),c,Accepted,22,1024,281,
s775233819,p02791,u471342385,1583787883,C++,C++14 (GCC 5.4.1),cpp,Accepted,79,256,255,
s857589454,p02791,u471342385,1583787781,C++,C++14 (GCC 5.4.1),cpp,Wrong Answer,77,256,254,
s259875885,p02791,u204536668,1583786304,C++,C++14 (GCC 5.4.1),cpp,Accepted,60,1400,367,
s360510153,p02791,u793868662,1583785087,Python,PyPy3 (2.4.0),py,Accepted,245,75600,266,
s246971350,p02791,u038815010,1583784262,Python,PyPy3 (2.4.0),py,Accepted,240,75472,134,
s840804956,p02791,u038815010,1583783883,Python,PyPy3 (2.4.0),py,Wrong Answer,253,75600,154,
s433092106,p02791,u886176172,1583782738,C++,C++14 (GCC 5.4.1),cpp,Accepted,77,256,430,
s303521270,p02791,u646818123,1583782042,Python,Python (3.4.3),py,Accepted,113,24872,262,
s725475876,p02791,u216772548,1583780788,C++,C++14 (GCC 5.4.1),cpp,Accepted,76,768,816,
s776869088,p02791,u181295070,1583780114,Python,Python (3.4.3),py,Accepted,104,24744,148,
s033638198,p02791,u181668771,1583778005,Python,Python (3.4.3),py,Accepted,104,24744,161,
s232354797,p02791,u011996008,1583771759,Java,Java8 (OpenJDK 1.8.0),java,Accepted,565,63996,324,
s945954395,p02791,u872959410,1583769193,Haskell,Haskell (GHC 7.10.3),hs,Accepted,880,36220,216,
s449919653,p02791,u777028980,1583768992,Python,Python (3.4.3),py,Accepted,103,24744,144,
s996909567,p02791,u074609562,1583767880,C++,C++14 (GCC 5.4.1),cpp,Accepted,19,1024,778,
s504186127,p02791,u132284227,1583761596,C#,C# (Mono 4.6.2.0),cs,Accepted,111,35676,529,
s066488780,p02791,u132284227,1583761490,C#,C# (Mono 4.6.2.0),cs,Wrong Answer,105,31580,528,
s298772236,p02791,u132284227,1583761100,C#,C# (Mono 4.6.2.0),cs,Time Limit Exceeded,2113,52796,532,
s264941623,p02791,u669306082,1583750844,C++,C++14 (GCC 5.4.1),cpp,Accepted,60,1792,1052,
s501943878,p02791,u537359793,1583730868,C++,C++14 (GCC 5.4.1),cpp,Accepted,79,256,1565,
s424376049,p02791,u948521599,1583714604,Python,Python (3.4.3),py,Accepted,116,24744,162,
s919560569,p02791,u948521599,1583714544,Python,Python (3.4.3),py,Runtime Error,18,3060,164,
s515190364,p02791,u740626584,1583712637,C++,C++14 (GCC 5.4.1),cpp,Accepted,77,256,319,
s370184503,p02791,u148551245,1583712282,Rust,Rust (1.15.1),rs,Accepted,37,6396,4334,
s235713039,p02791,u459004628,1583711101,C++,C++ (Clang 3.8.0),cpp,Accepted,166,1024,378,
s304646944,p02791,u896726004,1583711028,Python,Python (3.4.3),py,Accepted,116,24744,271,
s775010588,p02791,u417589709,1583707826,Python,Python (3.4.3),py,Accepted,113,25768,145,
s256058133,p02791,u017271745,1583707527,C++,C++14 (GCC 5.4.1),cpp,Accepted,19,1792,943,
s525840337,p02791,u123745130,1583705392,Python,Python (3.4.3),py,Accepted,148,24744,137,
s436794343,p02791,u123745130,1583705320,Python,Python (3.4.3),py,Accepted,169,24744,199,
s764578030,p02791,u804733539,1583702159,Python,Python (3.4.3),py,Accepted,144,24744,192,
s796242658,p02791,u804733539,1583701799,Python,Python (3.4.3),py,Time Limit Exceeded,2104,24744,176,
s339013182,p02791,u804733539,1583701564,Python,Python (3.4.3),py,Wrong Answer,2104,24744,144,
s513335827,p02791,u804733539,1583700886,Python,Python (3.4.3),py,Time Limit Exceeded,2104,24744,171,
s016331827,p02791,u592248346,1583696348,C,C (GCC 5.4.1),c,Accepted,22,128,248,
s124461595,p02791,u592248346,1583696022,C,C (GCC 5.4.1),c,Wrong Answer,22,896,225,
s395972859,p02791,u418586397,1583693193,C#,C# (Mono 4.6.2.0),cs,Accepted,109,36420,660,
s746486199,p02791,u832871520,1583693135,Python,Python (3.4.3),py,Accepted,91,24744,125,
s689831673,p02791,u832871520,1583692576,Python,Python (3.4.3),py,Time Limit Exceeded,2104,24744,174,
s052517204,p02791,u275316733,1583692149,Go,Go (1.6),go,Accepted,39,2048,757,
s290680267,p02791,u894555185,1583683659,C++,C++14 (GCC 5.4.1),cpp,Accepted,66,1152,490,
s048552846,p02791,u894555185,1583683572,C++,C++14 (GCC 5.4.1),cpp,Runtime Error,99,1024,490,
s889086737,p02791,u073731976,1583682886,C++,C++14 (GCC 5.4.1),cpp,Accepted,18,256,371,
s686226743,p02791,u817421755,1583681933,Rust,Rust (1.15.1),rs,Accepted,13,6396,644,
s202256752,p02791,u033208015,1583676780,C++,C++14 (GCC 5.4.1),cpp,Time Limit Exceeded,2103,1792,572,
s617342402,p02791,u852798899,1583671845,Python,Python (3.4.3),py,Accepted,131,24744,182,
s760017236,p02791,u852798899,1583671419,Python,Python (3.4.3),py,Time Limit Exceeded,2108,24744,198,
s306485993,p02791,u680851063,1583663512,Python,Python (3.4.3),py,Accepted,144,24744,135,
s257439868,p02791,u680851063,1583663402,Python,Python (3.4.3),py,Accepted,147,24744,165,
s739071212,p02791,u680851063,1583663282,Python,Python (3.4.3),py,Time Limit Exceeded,2104,24744,154,
s981496246,p02791,u680851063,1583662973,Python,Python (3.4.3),py,Time Limit Exceeded,2108,24744,144,
s088235811,p02791,u957316029,1583629778,C++,C++14 (GCC 5.4.1),cpp,Accepted,61,1400,514,
s406090669,p02791,u759726213,1583626373,Python,Python (3.4.3),py,Accepted,131,24744,229,
s021450073,p02791,u956253216,1583622118,C,C (GCC 5.4.1),c,Wrong Answer,22,896,328,
s018399481,p02791,u951654902,1583621864,C++,C++14 (GCC 5.4.1),cpp,Wrong Answer,78,1024,327,
s136895633,p02791,u951654902,1583620567,C++,C++14 (GCC 5.4.1),cpp,Wrong Answer,77,1024,326,
s712182376,p02791,u826998403,1583619760,C++,C++14 (GCC 5.4.1),cpp,Accepted,18,256,689,
s005218775,p02791,u491462774,1583619426,Python,Python (3.4.3),py,Accepted,112,24744,156,
s528139875,p02791,u491462774,1583618475,Python,Python (3.4.3),py,Time Limit Exceeded,2104,24744,160,
s919474136,p02791,u491462774,1583618051,Python,Python (3.4.3),py,Time Limit Exceeded,2104,24744,160,
s911833046,p02791,u491462774,1583617769,Python,Python (3.4.3),py,Time Limit Exceeded,2108,24744,159,
s176771772,p02791,u491462774,1583616966,Python,Python (3.4.3),py,Time Limit Exceeded,2104,24744,143,
s661148560,p02791,u491462774,1583616850,Python,Python (3.4.3),py,Time Limit Exceeded,2104,24744,172,
s417555091,p02791,u373735169,1583610717,C++,C++14 (GCC 5.4.1),cpp,Time Limit Exceeded,2103,1024,410,
s695865247,p02791,u487023207,1583610247,Rust,Rust (1.15.1),rs,Accepted,55,6396,681,
s952481916,p02791,u399819590,1583601758,C++,C++14 (GCC 5.4.1),cpp,Accepted,59,256,344,
s211422634,p02791,u214864255,1583601678,C++,C++14 (GCC 5.4.1),cpp,Accepted,78,1024,358,
s633618605,p02791,u550949279,1583599836,C++,C++14 (GCC 5.4.1),cpp,Accepted,65,1024,2639,
s716505562,p02791,u891518152,1583599231,Python,PyPy3 (2.4.0),py,Accepted,241,75472,263,
s473218571,p02791,u731886385,1583598656,C++,C++14 (GCC 5.4.1),cpp,Accepted,79,1024,320,
s714641934,p02791,u489302942,1583596973,C++,C++14 (GCC 5.4.1),cpp,Accepted,77,256,338,
s227015938,p02791,u489302942,1583596557,C++,C++14 (GCC 5.4.1),cpp,Time Limit Exceeded,2103,1024,380,
s779122932,p02791,u933052354,1583594434,C++,C++14 (GCC 5.4.1),cpp,Accepted,77,256,675,
s131479347,p02791,u180029567,1583591183,C++,C++14 (GCC 5.4.1),cpp,Accepted,76,1024,249,
s605249755,p02791,u180029567,1583590796,C++,C++14 (GCC 5.4.1),cpp,Time Limit Exceeded,2103,1024,340,
s396927210,p02791,u180029567,1583590666,C++,C++14 (GCC 5.4.1),cpp,Time Limit Exceeded,2107,1024,332,
s465183139,p02791,u188827677,1583589010,Python,Python (3.4.3),py,Accepted,109,24744,138,
s057468645,p02791,u274599728,1583586387,Python,Python (3.4.3),py,Accepted,111,24744,243,
s296612602,p02791,u187453157,1583584374,C++,C++14 (GCC 5.4.1),cpp,Accepted,60,1024,2806,
s108932860,p02791,u965681409,1583584151,C,C (GCC 5.4.1),c,Accepted,24,896,269,
s977821856,p02791,u965681409,1583583811,C,C (GCC 5.4.1),c,Wrong Answer,24,896,264,
s692555102,p02791,u757030836,1583570625,Python,Python (3.4.3),py,Accepted,140,24744,178,
s640916592,p02791,u136029702,1583569837,C++,C++14 (GCC 5.4.1),cpp,Accepted,62,1024,366,
s126210061,p02791,u136029702,1583569372,C++,C++14 (GCC 5.4.1),cpp,Time Limit Exceeded,2103,1024,439,
s221017631,p02791,u734640269,1583547502,C++,C++14 (GCC 5.4.1),cpp,Accepted,63,1024,303,
s934532017,p02791,u771167374,1583546566,Python,Python (3.4.3),py,Accepted,107,24744,154,
s442825199,p02791,u771167374,1583545714,Python,Python (3.4.3),py,Wrong Answer,2104,24744,123,
s872232245,p02791,u367534053,1583537999,C++,C++14 (GCC 5.4.1),cpp,Accepted,19,1024,413,
s256157780,p02791,u367534053,1583537539,C++,C++14 (GCC 5.4.1),cpp,Wrong Answer,18,1024,407,
s526759396,p02791,u367534053,1583537416,C++,C++14 (GCC 5.4.1),cpp,Wrong Answer,18,1024,406,
s713376344,p02791,u105100688,1583536857,C++,C++14 (GCC 5.4.1),cpp,Accepted,64,1024,394,
s119610246,p02791,u557282438,1583528174,Python,Python (3.4.3),py,Accepted,124,24744,181,
s002450133,p02791,u298152049,1583528067,Go,Go (1.6),go,Accepted,981,5504,207,
s380862459,p02791,u557282438,1583527989,Python,Python (3.4.3),py,Time Limit Exceeded,2104,24744,161,
s499368091,p02791,u455266724,1583521795,C++,C++14 (GCC 5.4.1),cpp,Accepted,61,1024,410,
s806856781,p02791,u412659798,1583521030,C++,C++14 (GCC 5.4.1),cpp,Accepted,60,1024,442,
s908818182,p02791,u412659798,1583520527,C++,C++14 (GCC 5.4.1),cpp,Time Limit Exceeded,2103,1024,499,
s537755616,p02791,u651109406,1583519129,Python,Python (3.4.3),py,Accepted,107,24744,161,
s014152255,p02791,u069315118,1583517311,C++,C++14 (GCC 5.4.1),cpp,Accepted,77,1024,777,
s348664897,p02791,u340494803,1583507103,Python,Python (3.4.3),py,Accepted,107,24872,146,
s382315155,p02791,u437727817,1583504437,Python,Python (3.4.3),py,Runtime Error,169,24744,167,
s766159550,p02791,u923270446,1583503952,Python,Python (3.4.3),py,Time Limit Exceeded,2104,24744,142,
s398674170,p02791,u923270446,1583502848,Python,PyPy3 (2.4.0),py,Time Limit Exceeded,2108,77536,142,
s891330453,p02791,u923270446,1583502790,Python,Python (3.4.3),py,Time Limit Exceeded,2105,24744,142,
s954817968,p02791,u395202850,1583500386,Python,Python (3.4.3),py,Accepted,113,24744,208,
s131151970,p02791,u398942100,1583495107,C++,C++14 (GCC 5.4.1),cpp,Accepted,18,256,4202,
s162384542,p02791,u437727817,1583491232,Python,Python (3.4.3),py,Wrong Answer,2105,24744,163,
s066319344,p02791,u797572808,1583486659,Python,Python (3.4.3),py,Accepted,155,25768,215,
s056338897,p02791,u797572808,1583486257,Python,Python (3.4.3),py,Time Limit Exceeded,2104,25768,210,
s349204376,p02791,u797572808,1583485942,Python,Python (3.4.3),py,Time Limit Exceeded,2104,25768,239,
s886561087,p02791,u890753765,1583470246,C++,C++14 (GCC 5.4.1),cpp,Accepted,79,1024,349,
s383171989,p02791,u890753765,1583470197,C++,C++14 (GCC 5.4.1),cpp,Runtime Error,137,640,349,
s386653599,p02791,u834223340,1583464311,C++,C++14 (GCC 5.4.1),cpp,Accepted,78,1024,347,
s755163932,p02791,u018679195,1583463960,C++,C++14 (Clang 3.8.0),cpp,Accepted,166,256,363,
s339753519,p02791,u748738547,1583463917,C++,C++14 (GCC 5.4.1),cpp,Accepted,78,256,379,
s564139299,p02791,u442877951,1583460051,Python,Python (3.4.3),py,Accepted,146,24744,168,
s356380745,p02791,u442877951,1583459818,Python,Python (3.4.3),py,Time Limit Exceeded,2104,24744,185,
s578369683,p02791,u442877951,1583459544,Python,Python (3.4.3),py,Time Limit Exceeded,2104,24744,181,
s340981786,p02791,u442877951,1583458649,Python,Python (3.4.3),py,Wrong Answer,121,24744,152,
s353764012,p02791,u307622233,1583458623,Python,Python (3.4.3),py,Accepted,268,34156,187,
s943769207,p02791,u375681664,1583457628,Python,Python (3.4.3),py,Time Limit Exceeded,2104,24744,170,
s207508084,p02791,u307622233,1583457548,Python,Python (3.4.3),py,Time Limit Exceeded,2108,34148,179,
s898302934,p02791,u712284046,1583457091,Python,Python (3.4.3),py,Accepted,112,24744,193,
s242071877,p02791,u712284046,1583456538,Python,Python (3.4.3),py,Time Limit Exceeded,2104,24744,219,
s943336920,p02791,u521364030,1583455724,C++,C++14 (GCC 5.4.1),cpp,Accepted,19,1024,376,
s343591946,p02791,u712284046,1583453895,Python,Python (3.4.3),py,Time Limit Exceeded,2104,24744,172,
s244248066,p02791,u307622233,1583452977,Python,Python (3.4.3),py,Time Limit Exceeded,2104,24744,156,
s064574722,p02791,u191484928,1583449469,C++,C++14 (GCC 5.4.1),cpp,Accepted,60,1792,622,
s407461383,p02791,u309370374,1583448774,Go,Go (1.6),go,Accepted,983,4992,269,
s548646074,p02791,u191484928,1583447339,C++,C++14 (GCC 5.4.1),cpp,Wrong Answer,77,1024,494,
s319013399,p02791,u043048943,1583447174,Python,PyPy3 (2.4.0),py,Accepted,237,71132,662,
s291866351,p02791,u191484928,1583446093,C++,C++14 (GCC 5.4.1),cpp,Time Limit Exceeded,2103,1024,513,
s244652051,p02791,u568555377,1583443190,Java,Java7 (OpenJDK 1.7.0),java,Accepted,497,62464,349,
s003764361,p02791,u491256431,1583441100,C++,C++14 (GCC 5.4.1),cpp,Accepted,77,256,1407,
s711166399,p02791,u793565199,1583440908,Python,PyPy3 (2.4.0),py,Accepted,260,81488,152,
s536195405,p02791,u425758699,1583440824,C++,C++14 (GCC 5.4.1),cpp,Accepted,66,1792,383,
s184163409,p02791,u452687818,1583440745,C++,C++14 (GCC 5.4.1),cpp,Accepted,79,1024,277,
s228027700,p02791,u793565199,1583440742,Python,PyPy3 (2.4.0),py,Wrong Answer,258,81360,151,
s420031328,p02791,u943070796,1583440670,C++,C++14 (GCC 5.4.1),cpp,Accepted,21,1792,5713,
s926324897,p02791,u452687818,1583440669,C++,C++14 (GCC 5.4.1),cpp,Wrong Answer,79,1024,277,
s597715580,p02791,u793565199,1583440665,Python,PyPy3 (2.4.0),py,Runtime Error,199,68592,133,
s264210357,p02791,u452687818,1583440607,C++,C++14 (GCC 5.4.1),cpp,Wrong Answer,79,1024,279,
s260900610,p02791,u793565199,1583440452,Python,PyPy3 (2.4.0),py,Wrong Answer,210,71168,117,
s449053236,p02791,u308954011,1583440443,C++,C++14 (GCC 5.4.1),cpp,Accepted,77,256,296,
s330319629,p02791,u308954011,1583440307,C++,C++14 (GCC 5.4.1),cpp,Accepted,76,256,296,
s652555351,p02791,u452687818,1583440283,C++,C++14 (GCC 5.4.1),cpp,Wrong Answer,79,1024,249,
s994421502,p02791,u441250130,1583438967,C++,C++14 (GCC 5.4.1),cpp,Accepted,62,1024,603,
s812130438,p02791,u151994289,1583438260,C++,C++14 (GCC 5.4.1),cpp,Accepted,77,256,287,
s317305755,p02791,u957436147,1583437865,C++,C++14 (GCC 5.4.1),cpp,Accepted,90,256,297,
s596561762,p02791,u422692699,1583437561,C++,C++14 (GCC 5.4.1),cpp,Accepted,64,1920,447,
s792875424,p02791,u809967037,1583437391,C++,C++14 (GCC 5.4.1),cpp,Accepted,18,1792,5685,
s860236869,p02791,u060936992,1583434446,C++,C++ (GCC 5.4.1),cpp,Accepted,78,1792,472,
s921568571,p02791,u389577910,1583432160,C++,C++14 (GCC 5.4.1),cpp,Accepted,77,256,300,
s456093444,p02791,u389577910,1583430489,C++,C++14 (GCC 5.4.1),cpp,Time Limit Exceeded,2103,1024,458,
s114426975,p02791,u389577910,1583430351,C++,C++14 (GCC 5.4.1),cpp,Time Limit Exceeded,2103,1024,457,
s274453957,p02791,u028906014,1583423712,C++,C++14 (GCC 5.4.1),cpp,Time Limit Exceeded,2103,1792,410,
s285490317,p02791,u028906014,1583423661,C++,C++14 (GCC 5.4.1),cpp,Time Limit Exceeded,2103,1792,418,
s831612804,p02791,u028906014,1583423540,C++,C++14 (GCC 5.4.1),cpp,Time Limit Exceeded,2103,1024,385,
s371207419,p02791,u028906014,1583423467,C++,C++14 (GCC 5.4.1),cpp,Time Limit Exceeded,2103,1024,385,
s963194662,p02791,u028906014,1583423402,C++,C++14 (GCC 5.4.1),cpp,Time Limit Exceeded,2103,1024,381,
s511957791,p02791,u310211339,1583423045,C++,C++14 (GCC 5.4.1),cpp,Accepted,27,4224,1195,
s865593018,p02791,u028906014,1583422727,C++,C++14 (GCC 5.4.1),cpp,Wrong Answer,2103,1024,381,
s532073595,p02791,u314877220,1583422696,Python,Python (3.4.3),py,Accepted,110,24744,268,
s029451499,p02791,u028906014,1583422634,C++,C++14 (GCC 5.4.1),cpp,Wrong Answer,2103,1024,382,
s820658590,p02791,u028906014,1583422531,C++,C++14 (GCC 5.4.1),cpp,Wrong Answer,2103,1024,378,
s705984362,p02791,u028906014,1583422153,C++,C++14 (GCC 5.4.1),cpp,Wrong Answer,2103,1024,378,
s713370155,p02791,u314877220,1583421624,Python,Python (3.4.3),py,Time Limit Exceeded,2104,24872,216,
s097000790,p02791,u378153116,1583421503,Python,PyPy3 (2.4.0),py,Accepted,262,75536,218,
s685925825,p02791,u314877220,1583421420,Python,Python (3.4.3),py,Time Limit Exceeded,2104,24744,290,
s818246957,p02791,u565149926,1583416515,C++,C++14 (GCC 5.4.1),cpp,Accepted,79,256,276,
s826880539,p02791,u388783188,1583416395,OCaml,OCaml (4.02.3),ml,Accepted,56,6016,260,
s015317701,p02791,u565149926,1583415972,C++,C++14 (GCC 5.4.1),cpp,Wrong Answer,76,256,269,
s815873304,p02791,u388783188,1583415734,Scheme,Scheme (Gauche 0.9.3.3),scm,Accepted,122,10364,310,
s673322966,p02791,u636605529,1583413760,C++,C++ (GCC 5.4.1),cpp,Accepted,60,1792,355,
s361463215,p02791,u636605529,1583413679,C++,C++ (GCC 5.4.1),cpp,Wrong Answer,60,1792,353,
s507020404,p02791,u636605529,1583413603,C++,C++ (GCC 5.4.1),cpp,Compile Error,,,353,
s789838545,p02791,u636605529,1583413541,C++,C++ (GCC 5.4.1),cpp,Compile Error,,,352,
s724244999,p02791,u388783188,1583413116,Haskell,Haskell (GHC 7.10.3),hs,Accepted,12,4348,569,
s737359579,p02791,u841599623,1583412846,Python,Python (3.4.3),py,Accepted,108,24744,198,
s057923421,p02791,u776439373,1583401603,C++,C++14 (GCC 5.4.1),cpp,Accepted,77,1024,292,
s188282601,p02791,u776439373,1583400520,C++,C++14 (GCC 5.4.1),cpp,Time Limit Exceeded,2103,1024,299,
s052679168,p02791,u238940874,1583399344,Python,Python (3.4.3),py,Accepted,105,24744,144,
s556297794,p02791,u893063840,1583391561,Python,Python (3.4.3),py,Accepted,126,24744,149,
s076374280,p02791,u893063840,1583391483,Python,Python (3.4.3),py,Wrong Answer,126,24744,146,
s257892682,p02791,u405307017,1583372827,C++,C++14 (GCC 5.4.1),cpp,Accepted,18,256,848,
s740187165,p02791,u405307017,1583372355,C++,C++14 (GCC 5.4.1),cpp,Time Limit Exceeded,2103,1024,914,
s549869404,p02791,u405307017,1583371183,C++,C++14 (GCC 5.4.1),cpp,Time Limit Exceeded,2103,1792,1055,
s754826944,p02791,u692131329,1583366614,C++,C++14 (GCC 5.4.1),cpp,Accepted,77,1024,354,
s550226732,p02791,u494505800,1583362112,C++,C++14 (GCC 5.4.1),cpp,Accepted,66,1024,306,
s471723664,p02791,u770486670,1583358468,C++,C++14 (GCC 5.4.1),cpp,Accepted,62,1024,371,
s618421843,p02791,u651257341,1583355128,Kotlin,Kotlin (1.0.0),kt,Time Limit Exceeded,2111,80816,465,
s386824644,p02791,u975879124,1583354986,C++,C++14 (GCC 5.4.1),cpp,Accepted,77,1024,305,
s157730732,p02791,u476488060,1583353910,C++,C++14 (GCC 5.4.1),cpp,Accepted,61,3328,612,
s568830363,p02791,u931698099,1583353740,C++,C++14 (GCC 5.4.1),cpp,Accepted,19,1024,485,
s064996841,p02791,u277556971,1583352661,C++,C++14 (GCC 5.4.1),cpp,Accepted,45,5120,2538,
s150163298,p02791,u595952233,1583351691,Python,Python (3.4.3),py,Accepted,158,24744,240,
s998657112,p02791,u595952233,1583351657,Python,Python (3.4.3),py,Runtime Error,69,24744,240,
s759366332,p02791,u595952233,1583351430,Python,Python (3.4.3),py,Time Limit Exceeded,2108,24744,193,
s066350934,p02791,u841599623,1583351319,Python,Python (3.4.3),py,Time Limit Exceeded,2104,24744,228,
s079966477,p02791,u162893962,1583350336,Python,Python (3.4.3),py,Accepted,99,24744,159,
s988601003,p02791,u162893962,1583350081,Python,Python (3.4.3),py,Accepted,133,26012,166,
s367220058,p02791,u804831318,1583349830,C++,C++14 (GCC 5.4.1),cpp,Accepted,112,9600,878,
s590870390,p02791,u931624197,1583345197,C++,C++14 (GCC 5.4.1),cpp,Accepted,77,1792,323,
s960341866,p02791,u318875010,1583342438,C++,C++14 (GCC 5.4.1),cpp,Accepted,26,3448,558,
s305603927,p02791,u674052742,1583341687,Python,Python (3.4.3),py,Accepted,107,24780,259,
s996751682,p02791,u674052742,1583341395,Python,Python (3.4.3),py,Wrong Answer,101,24776,266,
s397387432,p02791,u117734686,1583340164,C++,C++14 (GCC 5.4.1),cpp,Accepted,77,256,962,
s679559892,p02791,u432098488,1583339569,Python,Python (3.4.3),py,Accepted,114,24744,150,
s433073070,p02791,u432098488,1583339361,Python,Python (3.4.3),py,Time Limit Exceeded,2105,24744,191,
s180842760,p02791,u087468647,1583332582,C++,C++14 (GCC 5.4.1),cpp,Accepted,77,1024,420,
s058147775,p02791,u087468647,1583332023,C++,C++14 (GCC 5.4.1),cpp,Time Limit Exceeded,2103,1024,494,
s929819029,p02791,u623391301,1583328259,C++,C++14 (GCC 5.4.1),cpp,Accepted,61,1024,292,
s384781999,p02791,u924180046,1583327712,Rust,Rust (1.15.1),rs,Accepted,39,10620,1721,
s095520490,p02791,u541786453,1583325763,C++,C++14 (GCC 5.4.1),cpp,Accepted,77,1024,274,
s150811815,p02791,u265359795,1583324072,C++,C++14 (GCC 5.4.1),cpp,Accepted,60,1792,353,
s404703375,p02791,u265359795,1583323531,C++,C++14 (GCC 5.4.1),cpp,Wrong Answer,61,1792,340,
s205784444,p02791,u265359795,1583323044,C++,C++14 (GCC 5.4.1),cpp,Wrong Answer,64,1792,340,
s596555948,p02791,u887700001,1583318967,C++,C++ (GCC 5.4.1),cpp,Accepted,20,256,214,
s178523629,p02791,u997215522,1583317496,C++,C++14 (GCC 5.4.1),cpp,Accepted,61,1792,556,
s349244784,p02791,u366959492,1583317189,Python,PyPy3 (2.4.0),py,Accepted,253,75472,158,
s965779759,p02791,u860546679,1583316645,C++,C++14 (GCC 5.4.1),cpp,Accepted,76,1024,311,
s140094813,p02791,u997215522,1583316588,C++,C++14 (GCC 5.4.1),cpp,Time Limit Exceeded,2103,1024,429,
s999686299,p02791,u997215522,1583316134,C++,C++14 (GCC 5.4.1),cpp,Time Limit Exceeded,2103,1024,429,
s299240960,p02791,u547671064,1583286532,Java,Java8 (OpenJDK 1.8.0),java,Accepted,586,65580,434,
s552107450,p02791,u547671064,1583286051,Java,Java8 (OpenJDK 1.8.0),java,Time Limit Exceeded,2109,65248,646,
s280739577,p02791,u547671064,1583285989,Java,Java8 (OpenJDK 1.8.0),java,Time Limit Exceeded,2113,63564,650,
s103060561,p02791,u547671064,1583285969,Java,Java8 (OpenJDK 1.8.0),java,Compile Error,,,649,
s552802202,p02791,u547671064,1583285907,Java,Java8 (OpenJDK 1.8.0),java,Time Limit Exceeded,2109,64924,644,
s842621612,p02791,u547671064,1583283498,Java,Java8 (OpenJDK 1.8.0),java,Time Limit Exceeded,2109,64076,504,
s601804638,p02791,u547671064,1583282965,Java,Java8 (OpenJDK 1.8.0),java,Time Limit Exceeded,2109,64588,496,
s137050986,p02791,u434747175,1583282908,C++,C++14 (GCC 5.4.1),cpp,Accepted,78,256,845,
s764621252,p02791,u608965386,1583280998,C++,C++14 (GCC 5.4.1),cpp,Accepted,60,1024,1876,
s037255794,p02791,u547167033,1583280835,Python,PyPy3 (2.4.0),py,Accepted,248,75600,140,
s171931586,p02791,u663767599,1583280126,Python,Python (3.4.3),py,Accepted,93,24744,178,
s115144836,p02791,u387120391,1583276890,C++,C++14 (GCC 5.4.1),cpp,Accepted,19,1024,447,
s704252676,p02791,u109191542,1583275365,C++,C++14 (GCC 5.4.1),cpp,Accepted,64,3328,437,
s992928123,p02791,u109191542,1583275207,C++,C++14 (GCC 5.4.1),cpp,Wrong Answer,60,3328,412,
s842308866,p02791,u812874294,1583272832,C++,C++14 (GCC 5.4.1),cpp,Accepted,60,1920,411,
s454155316,p02791,u812874294,1583272055,C++,C++14 (GCC 5.4.1),cpp,Time Limit Exceeded,2103,1792,470,
s864177914,p02791,u297109012,1583269924,C++,C++14 (GCC 5.4.1),cpp,Accepted,79,256,366,
s829586502,p02791,u547671064,1583266475,Java,Java8 (OpenJDK 1.8.0),java,Time Limit Exceeded,2109,65712,493,
s503732744,p02791,u547671064,1583265914,Java,Java8 (OpenJDK 1.8.0),java,Wrong Answer,2109,87724,965,
s681667231,p02791,u547671064,1583265684,Java,Java8 (OpenJDK 1.8.0),java,Wrong Answer,2109,64352,978,
s735912639,p02791,u547671064,1583265199,Java,Java8 (OpenJDK 1.8.0),java,Wrong Answer,2109,62072,938,
s674522408,p02791,u547671064,1583264826,Java,Java8 (OpenJDK 1.8.0),java,Compile Error,,,1008,
s635404026,p02791,u343463670,1583264620,C++,C++14 (GCC 5.4.1),cpp,Accepted,76,256,335,
s817292184,p02791,u547671064,1583263456,Java,Java8 (OpenJDK 1.8.0),java,Wrong Answer,2109,63260,1104,
s454785449,p02791,u547671064,1583263370,Java,Java8 (OpenJDK 1.8.0),java,Wrong Answer,2109,63896,1104,
s677518355,p02791,u547671064,1583263162,Java,Java8 (OpenJDK 1.8.0),java,Time Limit Exceeded,2109,65424,1105,
s085248034,p02791,u547671064,1583262960,Java,Java8 (OpenJDK 1.8.0),java,Time Limit Exceeded,2109,64332,1092,
s534873035,p02791,u547671064,1583262695,Java,Java8 (OpenJDK 1.8.0),java,Time Limit Exceeded,2109,64944,1092,
s913614865,p02791,u547671064,1583262472,Java,Java8 (OpenJDK 1.8.0),java,Time Limit Exceeded,2109,65992,738,
s194957476,p02791,u547671064,1583261508,Java,Java8 (OpenJDK 1.8.0),java,Time Limit Exceeded,2109,84612,1068,
s452333352,p02791,u547671064,1583260493,Java,Java8 (OpenJDK 1.8.0),java,Time Limit Exceeded,2109,84264,714,
s664050702,p02791,u547671064,1583259977,Java,Java8 (OpenJDK 1.8.0),java,Time Limit Exceeded,2109,84532,717,
s815955856,p02791,u547671064,1583258361,Java,Java8 (OpenJDK 1.8.0),java,Time Limit Exceeded,2109,64984,526,
s476936841,p02791,u011062360,1583257649,Python,Python (3.4.3),py,Accepted,147,24744,227,
s298996284,p02791,u011062360,1583257141,Python,Python (3.4.3),py,Time Limit Exceeded,2105,26012,315,
s242993761,p02791,u084938560,1583252373,C++,C++14 (GCC 5.4.1),cpp,Wrong Answer,66,1024,411,
s289833920,p02791,u084938560,1583252267,C++,C++14 (GCC 5.4.1),cpp,Wrong Answer,60,1152,397,
s546011724,p02791,u084938560,1583252192,C++,C++14 (GCC 5.4.1),cpp,Compile Error,,,391,
s163352441,p02791,u084938560,1583252129,C++,C++14 (GCC 5.4.1),cpp,Compile Error,,,391,
s403428511,p02791,u084938560,1583251992,C++,C++14 (GCC 5.4.1),cpp,Compile Error,,,390,
s717881632,p02791,u084938560,1583251815,C++,C++14 (GCC 5.4.1),cpp,Compile Error,,,383,
s333036019,p02791,u084938560,1583251753,C++,C++14 (GCC 5.4.1),cpp,Compile Error,,,381,
s771322470,p02791,u084938560,1583251661,C++,C++14 (GCC 5.4.1),cpp,Compile Error,,,357,
s909783507,p02791,u547671064,1583246662,Java,Java8 (OpenJDK 1.8.0),java,Time Limit Exceeded,2109,80192,439,
s077940670,p02791,u547671064,1583246640,Java,Java8 (OpenJDK 1.8.0),java,Compile Error,,,444,
s509161105,p02791,u547671064,1583246387,Java,Java8 (OpenJDK 1.8.0),java,Time Limit Exceeded,2109,64872,471,
s675134195,p02791,u027519288,1583242880,C,C (GCC 5.4.1),c,Accepted,22,896,246,
s978382340,p02791,u027519288,1583242481,C,C (GCC 5.4.1),c,Time Limit Exceeded,2103,384,303,
s392306730,p02791,u027519288,1583242144,C,C (GCC 5.4.1),c,Time Limit Exceeded,2103,896,299,
s938774603,p02791,u027519288,1583241287,C,C (GCC 5.4.1),c,Wrong Answer,2103,896,276,
s666275514,p02791,u027519288,1583241180,C,C (GCC 5.4.1),c,Wrong Answer,2103,896,258,
s628117858,p02791,u996731299,1583241099,Python,Python (3.4.3),py,Accepted,112,24744,157,
s487094366,p02791,u826189900,1583241053,C++,C++14 (GCC 5.4.1),cpp,Accepted,60,1024,339,
s345208974,p02791,u075749669,1583239194,C++,C++14 (GCC 5.4.1),cpp,Accepted,61,1400,428,
s349419957,p02791,u037276799,1583225885,C++,C++14 (GCC 5.4.1),cpp,Accepted,60,1024,721,
s637589596,p02791,u871303155,1583216870,Python,Python (3.4.3),py,Accepted,114,24744,413,
s659160853,p02791,u131411061,1583212816,Python,Python (3.4.3),py,Accepted,88,24596,800,
s889152521,p02791,u131411061,1583212635,Python,Python (3.4.3),py,Time Limit Exceeded,2104,25992,697,
s704165053,p02791,u131411061,1583212311,Python,Python (3.4.3),py,Time Limit Exceeded,2104,25992,670,
s721515189,p02791,u131411061,1583212225,Python,Python (3.4.3),py,Runtime Error,17,2940,669,
s444500013,p02791,u131411061,1583212067,Python,Python (3.4.3),py,Time Limit Exceeded,2104,25992,615,
s810635127,p02791,u131411061,1583210648,Python,Python (3.4.3),py,Time Limit Exceeded,2104,26012,567,
s781035860,p02791,u131411061,1583210626,Python,PyPy3 (2.4.0),py,Time Limit Exceeded,2112,138896,567,
s434524522,p02791,u131411061,1583210462,Python,PyPy3 (2.4.0),py,Time Limit Exceeded,2112,137568,484,
s187270095,p02791,u131411061,1583210443,Python,Python (3.4.3),py,Time Limit Exceeded,2104,24744,484,
s644110180,p02791,u131411061,1583210394,Python,Python (3.4.3),py,Wrong Answer,2104,24744,515,
s064201530,p02791,u131411061,1583210281,Python,Python (3.4.3),py,Time Limit Exceeded,2104,26012,498,
s467407207,p02791,u131411061,1583209952,Python,Python (3.4.3),py,Time Limit Exceeded,2104,24744,351,
s441788495,p02791,u131411061,1583209842,Python,Python (3.4.3),py,Wrong Answer,2108,24744,560,
s751861918,p02791,u131411061,1583209807,Python,Python (3.4.3),py,Wrong Answer,2104,24744,560,
s229582208,p02791,u131411061,1583209730,Python,PyPy3 (2.4.0),py,Time Limit Exceeded,2108,77420,482,
s931409235,p02791,u131411061,1583209671,Python,PyPy3 (2.4.0),py,Wrong Answer,2108,77464,450,
s291510957,p02791,u131411061,1583209596,Python,PyPy3 (2.4.0),py,Wrong Answer,2107,77412,352,
s185916714,p02791,u131411061,1583209419,Python,PyPy3 (2.4.0),py,Time Limit Exceeded,2108,75472,351,
s466127907,p02791,u131411061,1583209013,Python,Python (3.4.3),py,Time Limit Exceeded,2104,24744,350,
s338381547,p02791,u131411061,1583208854,Python,Python (3.4.3),py,Time Limit Exceeded,2104,24744,328,
s673437724,p02791,u011716617,1583208355,C++,C++14 (GCC 5.4.1),cpp,Accepted,60,1024,329,
s888241316,p02791,u353919145,1583201217,C++,C++14 (GCC 5.4.1),cpp,Accepted,78,256,284,
s229809524,p02791,u072932377,1583193987,C++,C++14 (GCC 5.4.1),cpp,Accepted,19,1024,626,
s944595173,p02791,u111600809,1583193914,C++,C++14 (GCC 5.4.1),cpp,Accepted,61,256,913,
s495375476,p02791,u518206537,1583191088,Python,Python (3.4.3),py,Accepted,108,24744,155,
s893358145,p02791,u922018373,1583188006,C++,C++14 (GCC 5.4.1),cpp,Accepted,60,1024,693,
s010972934,p02791,u733811860,1583185145,Kotlin,Kotlin (1.0.0),kt,Accepted,646,77364,325,
s995188885,p02791,u477855214,1583184230,C++,C++14 (GCC 5.4.1),cpp,Accepted,78,1024,851,
s792030134,p02791,u952491523,1583183042,Python,Python (3.4.3),py,Accepted,88,24872,169,
s375417787,p02791,u192154323,1583181838,Python,Python (3.4.3),py,Accepted,107,24744,181,
s096319122,p02791,u192154323,1583178474,Python,Python (3.4.3),py,Wrong Answer,119,24744,181,
s159742053,p02791,u665598835,1583170370,C++,C++14 (GCC 5.4.1),cpp,Accepted,78,256,355,
s115686641,p02791,u751409274,1583166423,C++,C++14 (GCC 5.4.1),cpp,Accepted,60,1024,585,
s572776927,p02791,u578096004,1583160550,C#,C# (Mono 4.6.2.0),cs,Accepted,110,35548,793,
s476823919,p02791,u578096004,1583160129,C#,C# (Mono 4.6.2.0),cs,Time Limit Exceeded,2109,49868,892,
s064771021,p02791,u613931538,1583159569,C++,C++14 (GCC 5.4.1),cpp,Accepted,77,1024,530,
s191109702,p02791,u578096004,1583159331,C#,C# (Mono 4.6.2.0),cs,Time Limit Exceeded,2109,34012,1092,
s539364752,p02791,u578096004,1583158898,C#,C# (Mono 4.6.2.0),cs,Time Limit Exceeded,2108,35676,978,
s329803391,p02791,u063676601,1583156974,C++,C++14 (GCC 5.4.1),cpp,Accepted,63,1024,359,
s320981419,p02791,u951980350,1583153689,Python,Python (3.4.3),py,Accepted,119,25768,169,
s365133530,p02791,u951980350,1583153170,Python,Python (3.4.3),py,Wrong Answer,124,25768,140,
s371119780,p02791,u951980350,1583153135,Python,Python (3.4.3),py,Wrong Answer,121,24744,141,
s857580886,p02791,u088895504,1583139016,C++,C++14 (GCC 5.4.1),cpp,Accepted,79,1024,319,
s242009592,p02791,u274175583,1583135788,C++,C++14 (GCC 5.4.1),cpp,Accepted,63,1024,817,
s966723340,p02791,u274175583,1583135374,C++,C++14 (GCC 5.4.1),cpp,Wrong Answer,63,1024,822,
s449567382,p02791,u274175583,1583134572,C++,C++14 (GCC 5.4.1),cpp,Wrong Answer,60,1024,781,
s614787767,p02791,u447305329,1583120962,C,C (GCC 5.4.1),c,Accepted,22,896,363,
s035669675,p02791,u447305329,1583119620,C,C (GCC 5.4.1),c,Wrong Answer,22,896,255,
s163327113,p02791,u959625800,1583109653,C++,C++14 (GCC 5.4.1),cpp,Accepted,77,1024,327,
s983442817,p02791,u959625800,1583109554,C++,C++14 (GCC 5.4.1),cpp,Wrong Answer,79,1152,328,
s033953640,p02791,u047150897,1583093837,C++,C++14 (GCC 5.4.1),cpp,Accepted,77,256,251,
s327310005,p02791,u799215419,1583092120,Python,Python (3.4.3),py,Accepted,130,24744,204,
s794021842,p02791,u245299791,1583091650,Python,Python (3.4.3),py,Accepted,112,24744,140,
s809198060,p02791,u182146635,1583091392,C++,C++14 (GCC 5.4.1),cpp,Accepted,60,1024,319,
s684427564,p02791,u245299791,1583089383,Python,Python (3.4.3),py,Wrong Answer,113,24744,114,
s755688681,p02791,u799215419,1583086277,Python,Python (3.4.3),py,Wrong Answer,127,24744,188,
s309114713,p02791,u907525511,1583085791,C++,C++14 (GCC 5.4.1),cpp,Accepted,76,256,366,
s382999283,p02791,u907525511,1583085727,C++,C++14 (GCC 5.4.1),cpp,Wrong Answer,78,256,365,
s228365638,p02791,u868237899,1583084318,C++,C++14 (GCC 5.4.1),cpp,Accepted,78,256,371,
s653330050,p02791,u868237899,1583083880,C++,C++14 (GCC 5.4.1),cpp,Time Limit Exceeded,2103,512,397,
s056339354,p02791,u868237899,1583083668,C++,C++14 (GCC 5.4.1),cpp,Time Limit Exceeded,2103,1024,418,
s549394079,p02791,u416458858,1583083569,C++,C++ (Clang 3.8.0),cpp,Accepted,167,1792,827,
s819145772,p02791,u416458858,1583083315,C++,C++ (Clang 3.8.0),cpp,Time Limit Exceeded,2103,1280,855,
s391831501,p02791,u416458858,1583082393,C++,C++ (Clang 3.8.0),cpp,Time Limit Exceeded,2107,1024,401,
s895531756,p02791,u107639613,1583079106,Python,PyPy3 (2.4.0),py,Accepted,246,75472,170,
s141613950,p02791,u114641312,1583076928,Python,Python (3.4.3),py,Accepted,326,33024,407,
s991650579,p02791,u792510026,1583074808,C++,C++14 (GCC 5.4.1),cpp,Time Limit Exceeded,2103,1024,369,
s159136355,p02791,u792510026,1583073757,C++,C++14 (GCC 5.4.1),cpp,Wrong Answer,79,1024,318,
s287287533,p02791,u811612390,1583073686,C++,C++14 (GCC 5.4.1),cpp,Accepted,76,256,315,
s277672456,p02791,u954659213,1583073589,C++,C++14 (GCC 5.4.1),cpp,Accepted,19,1024,576,
s073016709,p02791,u188827677,1583073548,Python,Python (3.4.3),py,Accepted,91,24744,125,
s268844663,p02791,u601825761,1583073490,C++,C++14 (GCC 5.4.1),cpp,Accepted,19,1792,768,
s396113698,p02791,u954659213,1583072526,C++,C++14 (GCC 5.4.1),cpp,Wrong Answer,19,1024,563,
s545204798,p02791,u151625340,1583068010,Python,PyPy3 (2.4.0),py,Accepted,261,75472,175,
s964917008,p02791,u729911058,1583064519,Ruby,Ruby (2.3.3),rb,Accepted,107,18564,220,
s315086543,p02791,u729911058,1583064287,Ruby,Ruby (2.3.3),rb,Wrong Answer,107,18564,220,
s288946287,p02791,u356754940,1583064280,C++,C++14 (GCC 5.4.1),cpp,Accepted,62,1792,953,
s638942306,p02791,u729911058,1583063934,Ruby,Ruby (2.3.3),rb,Time Limit Exceeded,2109,19076,206,
s941031632,p02791,u597374218,1583061403,Python,Python (3.4.3),py,Accepted,115,24744,162,
s202459711,p02791,u483150383,1583060103,C#,C# (Mono 4.6.2.0),cs,Accepted,98,31452,757,
s138683906,p02791,u356754940,1583056218,C++,C++14 (GCC 5.4.1),cpp,Time Limit Exceeded,2103,1792,977,
s002998071,p02791,u974935538,1583052724,Python,Python (3.4.3),py,Accepted,97,24744,157,
s939591315,p02791,u974935538,1583052588,Python,Python (3.4.3),py,Wrong Answer,112,24744,191,
s872885914,p02791,u929107645,1583052526,C++,C++14 (GCC 5.4.1),cpp,Accepted,79,1024,256,
s655942010,p02791,u929107645,1583052494,C++,C++14 (GCC 5.4.1),cpp,Wrong Answer,78,1024,254,
s450099076,p02791,u974935538,1583052418,Python,Python (3.4.3),py,Wrong Answer,110,24744,181,
s058424858,p02791,u974935538,1583052355,Python,Python (3.4.3),py,Wrong Answer,110,24744,183,
s742805135,p02791,u974935538,1583052227,Python,Python (3.4.3),py,Runtime Error,108,24744,168,
s239328181,p02791,u974935538,1583052147,Python,Python (3.4.3),py,Wrong Answer,110,24744,168,
s824679617,p02791,u422592877,1583049936,C++,C++14 (GCC 5.4.1),cpp,Accepted,78,1024,570,
s345616270,p02791,u830975307,1583046677,C++,C++14 (GCC 5.4.1),cpp,Accepted,18,256,747,
s927704628,p02791,u540698208,1583044682,Python,Python (3.4.3),py,Accepted,89,24744,156,
s784478837,p02791,u540698208,1583044399,Python,Python (3.4.3),py,Time Limit Exceeded,2104,24744,228,
s336967238,p02791,u814265211,1583043759,Python,Python (3.4.3),py,Accepted,115,24744,165,
s254167738,p02791,u814265211,1583043667,Python,Python (3.4.3),py,Wrong Answer,121,25768,163,
s351667173,p02791,u025501820,1583036064,Python,Python (3.4.3),py,Accepted,163,24744,230,
s100525398,p02791,u084938560,1583025971,C++,C++14 (GCC 5.4.1),cpp,Wrong Answer,2103,1024,414,
s075763690,p02791,u084938560,1583025925,C++,C++14 (GCC 5.4.1),cpp,Compile Error,,,414,
s747354063,p02791,u084938560,1583025829,C++,C++14 (GCC 5.4.1),cpp,Compile Error,,,414,
s374948998,p02791,u666957185,1583021431,Haskell,Haskell (GHC 7.10.3),hs,Accepted,19,4348,1096,
s241982036,p02791,u816631826,1583020382,C++,C++14 (GCC 5.4.1),cpp,Accepted,77,1024,310,
s825383726,p02791,u839830822,1583020353,C++,C++14 (GCC 5.4.1),cpp,Accepted,77,1024,310,
s670755242,p02791,u697968316,1583019861,Python,Python (3.4.3),py,Accepted,117,24744,173,
s289656411,p02791,u312666261,1583019608,Python,Python (3.4.3),py,Accepted,109,24744,209,
s577494417,p02791,u312666261,1583019577,Python,PyPy3 (2.4.0),py,Accepted,245,75472,209,
s195195531,p02791,u697968316,1583019233,Python,Python (3.4.3),py,Time Limit Exceeded,2104,24744,194,
s869543703,p02791,u312666261,1583018959,Python,PyPy3 (2.4.0),py,Time Limit Exceeded,2108,77408,210,
s457757909,p02791,u312666261,1583018910,Python,Python (3.4.3),py,Time Limit Exceeded,2104,24744,210,
s587454438,p02791,u049931175,1583016090,C++,C++ (GCC 5.4.1),cpp,Accepted,21,1024,270,
s713640853,p02791,u226082503,1583015900,Python,PyPy3 (2.4.0),py,Accepted,256,76880,173,
s336180320,p02791,u226082503,1583015673,Python,PyPy3 (2.4.0),py,Time Limit Exceeded,2112,136644,149,
s441604070,p02791,u671267423,1583014148,C++,C++14 (GCC 5.4.1),cpp,Accepted,19,1024,789,
s632014922,p02791,u671267423,1583013415,C++,C++14 (GCC 5.4.1),cpp,Wrong Answer,19,1792,791,
s705908017,p02791,u671267423,1583012519,C++,C++14 (GCC 5.4.1),cpp,Wrong Answer,19,1024,773,
s665124909,p02791,u671267423,1583012254,C++,C++14 (GCC 5.4.1),cpp,Time Limit Exceeded,2103,1024,844,
s128439913,p02791,u964763428,1583010435,C++,C++14 (GCC 5.4.1),cpp,Accepted,61,1152,551,
s774115543,p02791,u310042769,1583010079,C++,C++ (GCC 5.4.1),cpp,Accepted,12,256,637,
s151768224,p02791,u634046173,1583006683,Python,Python (3.4.3),py,Accepted,113,24744,164,
s198137648,p02791,u634046173,1583006311,Python,Python (3.4.3),py,Accepted,126,24744,224,
s602928838,p02791,u634046173,1583006249,Python,Python (3.4.3),py,Accepted,136,24744,361,
s849353336,p02791,u634046173,1583005897,Python,Python (3.4.3),py,Wrong Answer,2104,26012,332,
s548405888,p02791,u634046173,1583005680,Python,Python (3.4.3),py,Wrong Answer,2104,24744,316,
s463208069,p02791,u634046173,1583005137,Python,Python (3.4.3),py,Time Limit Exceeded,2104,24744,239,
s431099045,p02791,u634046173,1583005091,Python,Python (3.4.3),py,Wrong Answer,2104,32900,271,
s960494061,p02791,u549438788,1583004411,C++,C++14 (GCC 5.4.1),cpp,Accepted,77,384,267,
s022511086,p02791,u194225526,1583001222,Java,Java8 (OpenJDK 1.8.0),java,Accepted,484,49544,645,
s562284110,p02791,u194225526,1583000701,Java,Java8 (OpenJDK 1.8.0),java,Wrong Answer,456,49260,587,
s901866403,p02791,u571003347,1583000489,Ruby,Ruby (2.3.3),rb,Accepted,97,15236,173,
s656048919,p02791,u642330639,1582997565,C++,C++14 (GCC 5.4.1),cpp,Accepted,18,1024,460,
s864471722,p02791,u075575942,1582997552,C++,C++14 (GCC 5.4.1),cpp,Wrong Answer,78,256,330,
s935018603,p02791,u071574528,1582997027,C++,C++14 (Clang 3.8.0),cpp,Accepted,168,1024,459,
s570331987,p02791,u075575942,1582996997,C++,C++14 (GCC 5.4.1),cpp,Time Limit Exceeded,2103,1400,454,
s438893423,p02791,u201928947,1582995682,Python,Python (3.4.3),py,Accepted,109,24744,150,
s047408627,p02791,u201928947,1582995214,Python,Python (3.4.3),py,Time Limit Exceeded,2104,24744,136,
s827816308,p02791,u071574528,1582994727,C++,C++14 (Clang 3.8.0),cpp,Time Limit Exceeded,2103,1024,477,
s263475517,p02791,u071574528,1582994444,C++,C++14 (Clang 3.8.0),cpp,Time Limit Exceeded,2103,1792,535,
s842234947,p02791,u201928947,1582993960,Python,Python (3.4.3),py,Time Limit Exceeded,2104,24744,167,
s245340293,p02791,u952090000,1582993506,C++,C++14 (GCC 5.4.1),cpp,Accepted,79,1024,293,
s411103538,p02791,u952090000,1582993178,C++,C++14 (GCC 5.4.1),cpp,Wrong Answer,2103,1024,295,
s301058720,p02791,u779216084,1582991767,C++,C++14 (GCC 5.4.1),cpp,Accepted,60,1024,327,
s382693894,p02791,u779216084,1582991724,C++,C++14 (GCC 5.4.1),cpp,Compile Error,,,327,
s555521178,p02791,u779216084,1582991627,C++,C++14 (GCC 5.4.1),cpp,Compile Error,,,327,
s137937183,p02791,u071574528,1582990682,C++,C++14 (Clang 3.8.0),cpp,Time Limit Exceeded,2103,1024,513,
s419337572,p02791,u934868410,1582983637,Python,Python (3.4.3),py,Accepted,214,26012,182,
s746551124,p02791,u067604172,1582980724,Go,Go (1.6),go,Accepted,38,2048,401,
s080530707,p02791,u067604172,1582980411,Go,Go (1.6),go,Wrong Answer,38,2048,409,
s953791237,p02791,u170650966,1582979832,C++,C++14 (GCC 5.4.1),cpp,Accepted,63,1024,949,
s938409625,p02791,u067604172,1582979796,Go,Go (1.6),go,Accepted,959,7684,236,
s893524942,p02791,u067604172,1582979407,Go,Go (1.6),go,Wrong Answer,950,4992,244,
s241256507,p02791,u628581330,1582979297,Python,Python (3.4.3),py,Accepted,91,24744,173,
s031582086,p02791,u170650966,1582978751,C++,C++14 (GCC 5.4.1),cpp,Time Limit Exceeded,2103,1024,1062,
s372096542,p02791,u170650966,1582977183,C++,C++14 (GCC 5.4.1),cpp,Time Limit Exceeded,2103,1024,1005,
s223572261,p02791,u018679195,1582965453,C++,C++14 (GCC 5.4.1),cpp,Time Limit Exceeded,2103,1024,1215,
s415276079,p02791,u126905253,1582963712,Java,Java8 (OpenJDK 1.8.0),java,Accepted,481,50244,538,
s279738268,p02791,u126905253,1582962210,Java,Java8 (OpenJDK 1.8.0),java,Time Limit Exceeded,2109,51532,633,
s815720023,p02791,u101079650,1582961682,Java,Java8 (OpenJDK 1.8.0),java,Accepted,580,83292,384,
s871136436,p02791,u729703601,1582957633,C++,C++14 (GCC 5.4.1),cpp,Accepted,61,1024,314,
s564626892,p02791,u089230684,1582946125,C++,C++14 (GCC 5.4.1),cpp,Accepted,21,1152,312,
s892418416,p02791,u820224016,1582945935,C++,C++14 (GCC 5.4.1),cpp,Accepted,60,1024,216,
s387705500,p02791,u196520288,1582945331,C++,C++14 (GCC 5.4.1),cpp,Accepted,20,896,316,
s104047630,p02791,u486122973,1582944202,C++,C++14 (Clang 3.8.0),cpp,Accepted,167,1024,428,
s129432465,p02791,u930737792,1582941007,C++,C++14 (GCC 5.4.1),cpp,Accepted,65,1528,355,
s035067913,p02791,u734640269,1582940595,C++,C++14 (GCC 5.4.1),cpp,Accepted,21,1024,365,
s503880992,p02791,u734640269,1582940011,C++,C++14 (GCC 5.4.1),cpp,Wrong Answer,43,1408,218,
s143746758,p02791,u555091608,1582938158,C++,C++14 (GCC 5.4.1),cpp,Accepted,143,9600,273,
s947630208,p02791,u353919145,1582937956,C++,C++14 (GCC 5.4.1),cpp,Accepted,62,1024,349,
s916058279,p02791,u555091608,1582937648,C++,C++14 (GCC 5.4.1),cpp,Time Limit Exceeded,2103,1024,305,
s090658290,p02791,u127063317,1582937612,C++,C++14 (GCC 5.4.1),cpp,Accepted,18,256,724,
s293747082,p02791,u127063317,1582937562,C++,C++14 (GCC 5.4.1),cpp,Accepted,76,384,681,
s233280853,p02791,u127063317,1582937448,C++,C++14 (GCC 5.4.1),cpp,Accepted,60,1792,701,
s182047261,p02791,u127063317,1582937408,C++,C++14 (GCC 5.4.1),cpp,Wrong Answer,59,1792,702,
s323914733,p02791,u127063317,1582937343,C++,C++14 (GCC 5.4.1),cpp,Wrong Answer,1,256,691,
s886286730,p02791,u995610127,1582929108,C++,C++14 (GCC 5.4.1),cpp,Accepted,18,256,336,
s289427081,p02791,u017603316,1582928780,Python,PyPy3 (2.4.0),py,Accepted,242,75344,198,
s076072170,p02791,u017603316,1582928407,Python,PyPy3 (2.4.0),py,Time Limit Exceeded,2116,136636,174,
s208389457,p02791,u355424095,1582925532,C++,C++14 (GCC 5.4.1),cpp,Accepted,78,1792,439,
s530689086,p02791,u729703601,1582925362,C++,C++14 (GCC 5.4.1),cpp,Wrong Answer,61,1024,269,
s446857054,p02791,u729703601,1582924752,C++,C++14 (GCC 5.4.1),cpp,Time Limit Exceeded,2103,1024,340,
s409854705,p02791,u187516587,1582919458,Python,Python (3.4.3),py,Accepted,94,24744,178,
s523542525,p02791,u196254124,1582915969,C++,C++14 (GCC 5.4.1),cpp,Accepted,60,1792,320,
s531573121,p02791,u196254124,1582915938,C++,C++14 (GCC 5.4.1),cpp,Runtime Error,131,1024,320,
s807236773,p02791,u366381207,1582909375,C++,C++14 (GCC 5.4.1),cpp,Accepted,58,256,483,
s548180202,p02791,u809967037,1582909055,C++,C++14 (GCC 5.4.1),cpp,Accepted,18,1792,4695,
s168185251,p02791,u355424095,1582908772,C++,C++14 (GCC 5.4.1),cpp,Time Limit Exceeded,2103,1280,402,
s328620283,p02791,u118340517,1582907686,C++,C++14 (GCC 5.4.1),cpp,Accepted,61,1024,818,
s491341641,p02791,u118340517,1582907593,C++,C++14 (GCC 5.4.1),cpp,Compile Error,,,816,
s239248438,p02791,u211286909,1582907219,C++,C++14 (GCC 5.4.1),cpp,Accepted,63,1024,322,
s249474892,p02791,u368078055,1582906065,Java,Java8 (OpenJDK 1.8.0),java,Accepted,217,43732,2051,
s612324678,p02791,u914330401,1582904708,C++,C++14 (GCC 5.4.1),cpp,Accepted,60,1024,323,
s769733713,p02791,u914330401,1582904547,C++,C++14 (GCC 5.4.1),cpp,Time Limit Exceeded,2103,1024,327,
s069136592,p02791,u566556562,1582904485,C++,C++14 (GCC 5.4.1),cpp,Accepted,130,10496,533,
s812588036,p02791,u663101675,1582904334,Python,Python (3.4.3),py,Accepted,110,24744,173,
s651338640,p02791,u914330401,1582903597,C++,C++14 (GCC 5.4.1),cpp,Time Limit Exceeded,2103,1024,406,
s770032176,p02791,u566556562,1582903134,C++,C++14 (GCC 5.4.1),cpp,Time Limit Exceeded,2103,1792,634,
s135282345,p02791,u782278807,1582893348,C#,C# (Mono 4.6.2.0),cs,Accepted,109,33628,2932,
s896864212,p02791,u163501259,1582892333,Python,Python (3.4.3),py,Accepted,107,24744,143,
s715679957,p02791,u606693908,1582890408,Go,Go (1.6),go,Accepted,980,5504,217,
s939595109,p02791,u606693908,1582890312,Go,Go (1.6),go,Wrong Answer,981,5504,217,
s391128158,p02791,u978252828,1582888469,C++,C++14 (GCC 5.4.1),cpp,Accepted,59,256,793,
s690444784,p02791,u349444371,1582885274,Python,Python (3.4.3),py,Accepted,105,24872,276,
s404285203,p02791,u349444371,1582884274,Python,Python (3.4.3),py,Time Limit Exceeded,2104,26968,118,
s873205526,p02791,u714120941,1582881218,C++,C++14 (GCC 5.4.1),cpp,Accepted,77,3328,550,
s991389716,p02791,u848148267,1582864402,C++,C++14 (GCC 5.4.1),cpp,Accepted,59,1024,374,
s063732848,p02791,u419510160,1582854664,C++,C++14 (GCC 5.4.1),cpp,Accepted,21,1024,365,
s984198015,p02791,u372102441,1582851475,Python,Python (3.4.3),py,Accepted,92,25992,447,
s484033300,p02791,u372102441,1582851365,Python,Python (3.4.3),py,Accepted,92,24772,400,
s529980270,p02791,u372102441,1582851184,C,C (GCC 5.4.1),c,Accepted,22,896,418,
s075014557,p02791,u372102441,1582851149,Python,Python (3.4.3),py,Runtime Error,17,2940,418,
s211104321,p02791,u372102441,1582850229,Python,Python (3.4.3),py,Accepted,126,24744,343,
s599045032,p02791,u232462132,1582841091,C++,C++14 (GCC 5.4.1),cpp,Accepted,60,1024,321,
s067790555,p02791,u121595121,1582838958,Java,Java8 (OpenJDK 1.8.0),java,Accepted,428,60432,977,
s843766433,p02791,u121595121,1582837035,Java,Java8 (OpenJDK 1.8.0),java,Time Limit Exceeded,2109,60228,1306,
s109759532,p02791,u121595121,1582836851,Java,Java8 (OpenJDK 1.8.0),java,Time Limit Exceeded,2109,62888,1314,
s262111551,p02791,u121595121,1582836826,Java,Java8 (OpenJDK 1.8.0),java,Compile Error,,,2650,
s302939009,p02791,u494904817,1582824012,C++,C++14 (GCC 5.4.1),cpp,Accepted,58,256,306,
s929182715,p02791,u494904817,1582823692,C++,C++14 (GCC 5.4.1),cpp,Wrong Answer,58,256,299,
s804466431,p02791,u494904817,1582823647,C++,C++14 (GCC 5.4.1),cpp,Wrong Answer,76,256,304,
s536580057,p02791,u486302165,1582823342,C++,C++14 (GCC 5.4.1),cpp,Accepted,78,256,307,
s683238253,p02791,u486302165,1582823060,C++,C++14 (GCC 5.4.1),cpp,Wrong Answer,79,256,293,
s669865458,p02791,u729285002,1582822767,C++,C++14 (GCC 5.4.1),cpp,Accepted,60,1024,407,
s591319345,p02791,u615662061,1582815278,C++,C++14 (GCC 5.4.1),cpp,Accepted,61,1024,338,
s511055443,p02791,u615662061,1582814913,C++,C++14 (GCC 5.4.1),cpp,Time Limit Exceeded,2103,1024,366,
s951788391,p02791,u003019316,1582814302,C++,C++14 (GCC 5.4.1),cpp,Accepted,62,1024,272,
s695219125,p02791,u485821416,1582814293,C++,C++14 (GCC 5.4.1),cpp,Time Limit Exceeded,2103,1024,597,
s761587008,p02791,u615662061,1582813795,C++,C++14 (GCC 5.4.1),cpp,Time Limit Exceeded,2103,1024,368,
s515878695,p02791,u274635633,1582813719,Python,Python (3.4.3),py,Accepted,113,24744,156,
s576356470,p02791,u274635633,1582813305,Python,Python (3.4.3),py,Time Limit Exceeded,2104,24744,137,
s133491533,p02791,u274635633,1582812807,Python,Python (3.4.3),py,Time Limit Exceeded,2104,24744,120,
s490649000,p02791,u613960672,1582810307,C++,C++14 (GCC 5.4.1),cpp,Accepted,67,1024,392,
s832575466,p02791,u485821416,1582806771,C++,C++14 (GCC 5.4.1),cpp,Wrong Answer,60,1024,409,
s874048973,p02791,u056083754,1582796410,Ruby,Ruby (2.3.3),rb,Accepted,106,15236,135,
s149582407,p02791,u374103100,1582795401,Python,PyPy3 (2.4.0),py,Accepted,246,75472,511,
s688077855,p02791,u137912513,1582794218,Python,Python (3.4.3),py,Time Limit Exceeded,2104,24436,211,
s065300417,p02791,u137912513,1582793173,Python,PyPy3 (2.4.0),py,Time Limit Exceeded,2110,136836,170,
s732207454,p02791,u137912513,1582793052,Python,Python (3.4.3),py,Time Limit Exceeded,2104,24436,170,
s103252302,p02791,u137912513,1582792874,Python,Python (3.4.3),py,Time Limit Exceeded,2104,24744,133,
s612012145,p02791,u293989573,1582768084,C++,C++14 (GCC 5.4.1),cpp,Accepted,67,1024,328,
s940307915,p02791,u353919145,1582767431,C++,C++14 (GCC 5.4.1),cpp,Accepted,21,1024,290,
s582737076,p02791,u089230684,1582766806,C++,C++14 (GCC 5.4.1),cpp,Wrong Answer,21,1024,304,
s243562757,p02791,u770661341,1582764777,Python,Python (3.4.3),py,Accepted,144,25116,102,
s363345574,p02791,u770661341,1582763572,Python,Python (3.4.3),py,Wrong Answer,111,25116,134,
s989396133,p02791,u770661341,1582763127,Python,Python (3.4.3),py,Wrong Answer,109,25116,105,
s571110778,p02791,u770661341,1582763059,Python,Python (3.4.3),py,Wrong Answer,115,25116,104,
s614851947,p02791,u697386253,1582761137,Python,Python (3.4.3),py,Accepted,104,24744,167,
s325143779,p02791,u709751610,1582758561,C++,C++14 (GCC 5.4.1),cpp,Accepted,66,1024,625,
s272699947,p02791,u407416173,1582758266,C++,C++14 (GCC 5.4.1),cpp,Accepted,60,1024,328,
s510164158,p02791,u407416173,1582758238,C++,C++14 (GCC 5.4.1),cpp,Wrong Answer,60,1024,325,
s689586440,p02791,u833080506,1582757925,C++,C++14 (GCC 5.4.1),cpp,Accepted,67,1792,394,
s483052645,p02791,u833080506,1582757653,C++,C++14 (GCC 5.4.1),cpp,Time Limit Exceeded,2103,1792,482,
s696770683,p02791,u491539020,1582755962,C++,C++14 (GCC 5.4.1),cpp,Wrong Answer,2103,1024,388,
s564758392,p02791,u697559326,1582755570,Python,Python (3.4.3),py,Accepted,92,26012,162,
s587954331,p02791,u699458609,1582753678,C++,C++14 (GCC 5.4.1),cpp,Accepted,77,256,257,
s247632268,p02791,u217627525,1582753451,Python,Python (3.4.3),py,Accepted,110,24744,146,
s956499827,p02791,u217627525,1582753392,Python,Python (3.4.3),py,Runtime Error,71,24744,146,
s854996255,p02791,u422903328,1582751872,Go,Go (1.6),go,Accepted,936,7808,491,
s018818302,p02791,u422903328,1582751251,Go,Go (1.6),go,Time Limit Exceeded,2108,7040,503,
s473750645,p02791,u763249708,1582751215,Python,Python (3.4.3),py,Accepted,113,24744,170,
s130483718,p02791,u422903328,1582751055,Go,Go (1.6),go,Time Limit Exceeded,2108,4992,449,
s212431821,p02791,u723711163,1582750821,Python,Python (3.4.3),py,Accepted,96,24744,154,
s072697277,p02791,u422903328,1582750603,Go,Go (1.6),go,Time Limit Exceeded,2108,4992,422,
s051483872,p02791,u924373338,1582748489,C++,C++14 (GCC 5.4.1),cpp,Accepted,19,1024,691,
s895483540,p02791,u924373338,1582747477,C++,C++14 (GCC 5.4.1),cpp,Wrong Answer,19,1024,632,
s931372775,p02791,u461336793,1582747441,C++,C++14 (GCC 5.4.1),cpp,Accepted,18,1792,1876,
s975126618,p02791,u924373338,1582747074,C++,C++14 (GCC 5.4.1),cpp,Time Limit Exceeded,2103,1024,657,
s894147278,p02791,u353919145,1582746249,C++,C++14 (GCC 5.4.1),cpp,Accepted,89,9600,1086,
s232548943,p02791,u360892275,1582746219,C++,C++14 (GCC 5.4.1),cpp,Accepted,88,9600,1086,
s244955455,p02791,u127194462,1582744424,C++,C++14 (GCC 5.4.1),cpp,Accepted,62,1024,340,
s015978324,p02791,u360892275,1582742755,C++,C++14 (GCC 5.4.1),cpp,Time Limit Exceeded,2103,512,1233,
s786103899,p02791,u253551050,1582741455,C,C (GCC 5.4.1),c,Wrong Answer,2103,896,331,
s302235846,p02791,u763249708,1582741203,Python,Python (3.4.3),py,Wrong Answer,134,24744,170,
s119952706,p02791,u763249708,1582741110,Python,Python (3.4.3),py,Wrong Answer,93,24744,164,
s411800993,p02791,u238991589,1582740528,C++,C++14 (GCC 5.4.1),cpp,Accepted,18,256,360,
s335684792,p02791,u238991589,1582740417,C++,C++14 (GCC 5.4.1),cpp,Wrong Answer,18,256,332,
s128201915,p02791,u763249708,1582740044,Python,Python (3.4.3),py,Wrong Answer,99,24744,162,
s260025084,p02791,u238991589,1582739980,C++,C++14 (GCC 5.4.1),cpp,Accepted,25,1024,540,
s786899332,p02791,u353919145,1582739152,C++,C++14 (GCC 5.4.1),cpp,Accepted,18,256,1215,
s948081338,p02791,u816631826,1582734096,C++,C++14 (GCC 5.4.1),cpp,Accepted,77,1024,382,
s202445842,p02791,u774202056,1582732714,C++,C++14 (GCC 5.4.1),cpp,Accepted,60,1792,248,
s885750548,p02791,u000212387,1582732305,C++,C++14 (GCC 5.4.1),cpp,Accepted,77,1024,484,
s875463377,p02791,u743614777,1582731693,Pascal,Pascal (FPC 2.6.2),pas,Accepted,26,256,176,
s059581738,p02791,u440161695,1582728309,Python,Python (3.4.3),py,Accepted,112,26012,143,
s025425603,p02791,u559196406,1582726634,Python,Python (3.4.3),py,Accepted,105,24744,179,
s037915580,p02791,u319345083,1582726425,Python,Python (3.4.3),py,Accepted,139,24744,219,
s157082612,p02791,u319345083,1582726018,Python,Python (3.4.3),py,Time Limit Exceeded,2104,24744,153,
s983365287,p02791,u113081402,1582723759,C++,C++14 (GCC 5.4.1),cpp,Accepted,77,1152,409,
s680342643,p02791,u113081402,1582723554,C++,C++14 (GCC 5.4.1),cpp,Wrong Answer,77,1024,381,
s532408916,p02791,u421091367,1582722458,C,C (GCC 5.4.1),c,Time Limit Exceeded,2103,896,498,
s895737409,p02791,u421091367,1582722324,C,C (GCC 5.4.1),c,Time Limit Exceeded,2103,896,541,
s060987651,p02791,u421091367,1582722222,C,C (GCC 5.4.1),c,Time Limit Exceeded,2103,896,587,
s530342565,p02791,u421091367,1582720870,C,C (GCC 5.4.1),c,Time Limit Exceeded,2103,896,685,
s467207753,p02791,u758223800,1582720491,C,C (Clang 3.8.0),c,Accepted,22,896,456,
s812944070,p02791,u071730284,1582720484,C++,C++14 (GCC 5.4.1),cpp,Accepted,19,1792,23805,
s220020822,p02791,u421091367,1582720397,C,C (GCC 5.4.1),c,Time Limit Exceeded,2103,896,617,
s517053429,p02791,u758223800,1582719654,C,C (Clang 3.8.0),c,Wrong Answer,2103,896,499,
s822589120,p02791,u133936772,1582718555,Python,Python (3.4.3),py,Accepted,89,17940,89,
s081819339,p02791,u010708243,1582718177,C++,C++14 (GCC 5.4.1),cpp,Accepted,63,1024,375,
s217962249,p02791,u375212600,1582716513,C++,C++14 (GCC 5.4.1),cpp,Accepted,18,256,347,
s551258374,p02791,u375212600,1582715773,C++,C++14 (GCC 5.4.1),cpp,Wrong Answer,28,3328,471,
s786538675,p02791,u375212600,1582715299,C++,C++14 (GCC 5.4.1),cpp,Wrong Answer,28,3328,459,
s903607713,p02791,u236433947,1582713086,C++,C++14 (GCC 5.4.1),cpp,Accepted,78,256,3568,
s083875659,p02791,u917013605,1582711515,C++,C++14 (GCC 5.4.1),cpp,Accepted,63,1400,982,
s011969634,p02791,u296590735,1582710420,C++,C++14 (GCC 5.4.1),cpp,Time Limit Exceeded,2103,1024,324,
s877118189,p02791,u296590735,1582710380,C++,C++14 (GCC 5.4.1),cpp,Wrong Answer,2103,1024,364,
s674992366,p02791,u546641746,1582702465,C++,C++14 (GCC 5.4.1),cpp,Accepted,62,1024,1711,
s647375311,p02791,u816631826,1582696254,C++,C++14 (GCC 5.4.1),cpp,Accepted,60,1024,1306,
s017324595,p02791,u018679195,1582692272,C++,C++14 (GCC 5.4.1),cpp,Accepted,18,256,277,
s678498255,p02791,u581187895,1582683296,Python,Python (3.4.3),py,Accepted,144,20348,358,
s241046729,p02791,u270272336,1582675504,C++,C++14 (GCC 5.4.1),cpp,Accepted,60,1400,383,
s233530240,p02791,u646118499,1582674243,C,C (GCC 5.4.1),c,Accepted,22,896,344,
s440580606,p02791,u816631826,1582673305,C++,C++14 (GCC 5.4.1),cpp,Wrong Answer,61,2420,549,
s889279481,p02791,u073396193,1582673256,Java,Java8 (OpenJDK 1.8.0),java,Wrong Answer,578,84744,650,
s654099084,p02791,u018679195,1582673166,C++,C++14 (GCC 5.4.1),cpp,Wrong Answer,60,2420,548,
s797318104,p02791,u018679195,1582672915,C++,C++14 (GCC 5.4.1),cpp,Wrong Answer,61,2420,475,
s847813145,p02791,u089230684,1582672651,C++,C++14 (GCC 5.4.1),cpp,Runtime Error,128,1024,416,
s064063505,p02791,u018679195,1582670492,C++,C++14 (GCC 5.4.1),cpp,Accepted,77,1024,1199,
s269085645,p02791,u297625842,1582670450,C++,C++14 (GCC 5.4.1),cpp,Accepted,77,1024,1199,
s098621445,p02791,u769026191,1582669858,C++,C++14 (GCC 5.4.1),cpp,Accepted,76,1024,472,
s757565285,p02791,u300457253,1582669584,Python,Python (3.4.3),py,Accepted,100,24744,152,
s750695412,p02791,u008902840,1582669474,C++,C++14 (GCC 5.4.1),cpp,Accepted,78,1024,349,
s935360883,p02791,u554506843,1582667410,C++,C++14 (GCC 5.4.1),cpp,Accepted,79,256,305,
s312011543,p02791,u988076584,1582666940,C++,C++14 (GCC 5.4.1),cpp,Accepted,60,1024,691,
s246358004,p02791,u863370423,1582666146,C++,C++14 (GCC 5.4.1),cpp,Accepted,76,1024,291,
s579110113,p02791,u353919145,1582665603,C++,C++14 (GCC 5.4.1),cpp,Wrong Answer,76,1024,253,
s775494702,p02791,u493440196,1582665354,C++,C++14 (GCC 5.4.1),cpp,Accepted,77,256,255,
s736968120,p02791,u321163853,1582662049,Python,Python (3.4.3),py,Time Limit Exceeded,2104,24744,270,
s876366160,p02791,u321163853,1582661899,Python,Python (3.4.3),py,Wrong Answer,2104,24744,255,
s716135774,p02791,u321163853,1582661385,Python,Python (3.4.3),py,Wrong Answer,2105,24744,251,
s985727626,p02791,u362560965,1582660227,Python,PyPy3 (2.4.0),py,Accepted,238,75472,167,
s902526085,p02791,u738224173,1582659158,C++,C++14 (GCC 5.4.1),cpp,Accepted,77,1024,293,
s376786770,p02791,u619197965,1582658924,Julia,Julia (0.5.0),jl,Accepted,430,126596,372,
s175919537,p02791,u414732171,1582658053,Ruby,Ruby (2.3.3),rb,Accepted,116,16516,235,
s583645530,p02791,u414732171,1582657854,Ruby,Ruby (2.3.3),rb,Wrong Answer,110,16516,217,
s387315131,p02791,u414732171,1582657342,Ruby,Ruby (2.3.3),rb,Wrong Answer,112,16516,212,
s762686074,p02791,u738224173,1582657330,C++,C++14 (GCC 5.4.1),cpp,Time Limit Exceeded,2103,1024,299,
s604570911,p02791,u414732171,1582657018,Ruby,Ruby (2.3.3),rb,Wrong Answer,114,16516,213,
s277797187,p02791,u173574510,1582656210,Java,Java8 (OpenJDK 1.8.0),java,Accepted,328,48128,2291,
s434994290,p02791,u173574510,1582655835,Java,Java8 (OpenJDK 1.8.0),java,Time Limit Exceeded,2113,43096,2223,
s361339654,p02791,u173574510,1582654955,Java,Java8 (OpenJDK 1.8.0),java,Time Limit Exceeded,2109,47364,2067,
s906769374,p02791,u173574510,1582654112,Java,Java8 (OpenJDK 1.8.0),java,Time Limit Exceeded,2109,46756,2068,
s504562838,p02791,u344125947,1582651105,C++,C++14 (GCC 5.4.1),cpp,Accepted,60,1024,603,
s101536524,p02791,u917013605,1582646750,C++,C++14 (GCC 5.4.1),cpp,Time Limit Exceeded,2103,640,916,
s875447203,p02791,u917013605,1582646661,C++,C++14 (GCC 5.4.1),cpp,Wrong Answer,62,1400,946,
s438652735,p02791,u917013605,1582646193,C++,C++14 (GCC 5.4.1),cpp,Time Limit Exceeded,2103,1792,924,
s865712285,p02791,u801120804,1582642932,C++,C++14 (GCC 5.4.1),cpp,Accepted,77,1024,273,
s785128501,p02791,u344125947,1582640762,C++,C++14 (GCC 5.4.1),cpp,Accepted,176,11136,1227,
s768135287,p02791,u962509514,1582639326,Haskell,Haskell (GHC 7.10.3),hs,Accepted,18,4348,385,
s349780512,p02791,u247576416,1582636615,C++,C++14 (GCC 5.4.1),cpp,Accepted,63,1024,360,
s891708722,p02791,u273010357,1582635988,Python,Python (3.4.3),py,Accepted,98,24744,139,
s721948864,p02791,u273010357,1582635198,Python,Python (3.4.3),py,Time Limit Exceeded,2104,24744,180,
s339782596,p02791,u964987395,1582632208,C++,C++14 (GCC 5.4.1),cpp,Accepted,77,1024,396,
s033612131,p02791,u751032540,1582631692,C++,C++14 (GCC 5.4.1),cpp,Accepted,63,1024,388,
s944252376,p02791,u863370423,1582631466,C++,C++14 (GCC 5.4.1),cpp,Accepted,21,256,294,
s282851571,p02791,u964987395,1582630924,C++,C++14 (GCC 5.4.1),cpp,Time Limit Exceeded,2103,1024,425,
s275121866,p02791,u863370423,1582625537,C++,C++14 (GCC 5.4.1),cpp,Accepted,76,384,218,
s888058366,p02791,u409878193,1582625154,C++,C++14 (GCC 5.4.1),cpp,Accepted,78,256,198,
s973384095,p02791,u018679195,1582624771,C++,C++14 (GCC 5.4.1),cpp,Accepted,20,256,360,
s978260689,p02791,u978260507,1582621564,C++,C++14 (GCC 5.4.1),cpp,Accepted,60,1024,915,
s446174362,p02791,u596612094,1582621242,C,C (GCC 5.4.1),c,Wrong Answer,22,896,382,
s075085835,p02791,u596612094,1582621129,C,C (GCC 5.4.1),c,Wrong Answer,22,896,349,
s372318763,p02791,u596612094,1582620985,C,C (GCC 5.4.1),c,Wrong Answer,2103,896,306,
s156811032,p02791,u596612094,1582620952,C,C (GCC 5.4.1),c,Compile Error,,,305,
s938915390,p02791,u816631826,1582619982,C++,C++14 (GCC 5.4.1),cpp,Accepted,63,1024,959,
s760216900,p02791,u518703962,1582613662,Java,Java8 (OpenJDK 1.8.0),java,Accepted,533,64752,382,
s764567543,p02791,u137509255,1582613084,C++,C++14 (GCC 5.4.1),cpp,Accepted,19,256,373,
s260772575,p02791,u518703962,1582612615,Java,Java8 (OpenJDK 1.8.0),java,Wrong Answer,569,65088,382,
s203274684,p02791,u137509255,1582612587,C++,C++14 (GCC 5.4.1),cpp,Wrong Answer,20,1024,457,
s217068975,p02791,u137509255,1582612519,C++,C++14 (GCC 5.4.1),cpp,Wrong Answer,19,1024,461,
s427824397,p02791,u518703962,1582611886,Java,Java8 (OpenJDK 1.8.0),java,Time Limit Exceeded,2109,83188,429,
s508041732,p02791,u216432913,1582609459,C++,C++14 (GCC 5.4.1),cpp,Accepted,79,256,398,
s572524249,p02791,u216432913,1582609148,C++,C++14 (GCC 5.4.1),cpp,Wrong Answer,2103,1792,702,
s880198975,p02791,u888734843,1582609123,C,C (GCC 5.4.1),c,Accepted,20,128,280,
s128211119,p02791,u216432913,1582608931,C++,C++14 (GCC 5.4.1),cpp,Wrong Answer,2103,1792,683,
s511198527,p02791,u265250376,1582595342,C++,C++14 (GCC 5.4.1),cpp,Accepted,20,1024,418,
s434490464,p02791,u964299793,1582583395,Python,Python (3.4.3),py,Accepted,147,24744,151,
s206213240,p02791,u665260792,1582583361,C++,C++14 (GCC 5.4.1),cpp,Accepted,77,1024,365,
s915633717,p02791,u367965715,1582581057,Python,Python (3.4.3),py,Accepted,101,25768,177,
s109208089,p02791,u158131514,1582580872,Julia,Julia (0.5.0),jl,Accepted,879,169856,285,
s941291057,p02791,u098510720,1582577262,C++,C++14 (GCC 5.4.1),cpp,Accepted,20,1024,6752,
s972126852,p02791,u098510720,1582577190,C++,C++14 (GCC 5.4.1),cpp,Compile Error,,,6740,
s474516486,p02791,u098510720,1582577174,Python,Python (3.4.3),py,Runtime Error,17,2940,6740,
s850165308,p02791,u759726213,1582575673,Python,Python (3.4.3),py,Wrong Answer,2104,36520,255,
s791335387,p02791,u759726213,1582575315,Python,Python (3.4.3),py,Time Limit Exceeded,2104,24744,139,
s441424719,p02791,u767543103,1582574445,C++,C++14 (GCC 5.4.1),cpp,Accepted,59,1792,4334,
s231026290,p02791,u015187377,1582572015,Python,PyPy3 (2.4.0),py,Accepted,243,75472,136,
s880896425,p02791,u428948252,1582568383,C++,C++14 (GCC 5.4.1),cpp,Accepted,82,1024,314,
s679647466,p02791,u232019618,1582568079,Java,Java8 (OpenJDK 1.8.0),java,Accepted,571,64824,384,
s777445425,p02791,u439577424,1582567494,C++,C++14 (GCC 5.4.1),cpp,Wrong Answer,63,1152,285,
s743864432,p02791,u439577424,1582565986,C++,C++14 (GCC 5.4.1),cpp,Wrong Answer,61,1024,286,
s989983670,p02791,u190761897,1582565854,C++,C++14 (GCC 5.4.1),cpp,Accepted,63,1152,632,
s588978223,p02791,u625547654,1582564716,C++,C++14 (GCC 5.4.1),cpp,Accepted,60,1400,420,
s219307858,p02791,u729844615,1582564041,C++,C++14 (GCC 5.4.1),cpp,Accepted,18,256,243,
s022182432,p02791,u039040288,1582560653,C++,C++14 (GCC 5.4.1),cpp,Accepted,18,256,243,
s236612078,p02791,u625547654,1582560491,C++,C++14 (GCC 5.4.1),cpp,Wrong Answer,66,1400,408,
s724358179,p02791,u562550538,1582559191,Python,Python (3.4.3),py,Accepted,110,24744,160,
s299179158,p02791,u562550538,1582558871,Python,Python (3.4.3),py,Wrong Answer,2104,24744,201,
s411246483,p02791,u032437757,1582558378,C++,C++14 (GCC 5.4.1),cpp,Time Limit Exceeded,2103,1024,427,
s613454504,p02791,u854685063,1582558356,Python,Python (3.4.3),py,Accepted,140,25252,709,
s702233020,p02791,u032437757,1582558229,C++,C++14 (GCC 5.4.1),cpp,Time Limit Exceeded,2103,1024,519,
s632369811,p02791,u854685063,1582558092,Python,Python (3.4.3),py,Time Limit Exceeded,2104,25252,677,
s365460785,p02791,u854685063,1582557757,Python,Python (3.4.3),py,Time Limit Exceeded,2104,25252,738,
s961955934,p02791,u562550538,1582557500,Python,Python (3.4.3),py,Time Limit Exceeded,2104,24744,207,
s852031426,p02791,u562550538,1582557404,Python,Python (3.4.3),py,Wrong Answer,100,24744,185,
s856061813,p02791,u032437757,1582557252,C++,C++14 (GCC 5.4.1),cpp,Wrong Answer,2103,256,503,
s266171019,p02791,u562550538,1582557061,Python,Python (3.4.3),py,Runtime Error,17,2940,199,
s428964125,p02791,u609814378,1582555446,Python,Python (3.4.3),py,Accepted,113,24744,162,
s285882760,p02791,u609814378,1582554573,Python,Python (3.4.3),py,Time Limit Exceeded,2108,26012,253,
s252004525,p02791,u458798873,1582554244,C++,C++14 (GCC 5.4.1),cpp,Accepted,19,1920,825,
s743058260,p02791,u652569315,1582550133,Python,Python (3.4.3),py,Accepted,155,24744,139,
s532655339,p02791,u519761526,1582550096,C++,C++14 (GCC 5.4.1),cpp,Accepted,60,1792,1105,
s695557635,p02791,u519761526,1582549122,C++,C++14 (GCC 5.4.1),cpp,Time Limit Exceeded,2103,1792,1262,
s696813095,p02791,u063676601,1582543542,C++,C++14 (GCC 5.4.1),cpp,Time Limit Exceeded,2103,1024,401,
s526123984,p02791,u120691615,1582543373,Python,Python (3.4.3),py,Accepted,128,24744,155,
s692306372,p02791,u063676601,1582543301,C++,C++14 (GCC 5.4.1),cpp,Time Limit Exceeded,2103,1024,358,
s994206547,p02791,u063676601,1582543199,C++,C++14 (GCC 5.4.1),cpp,Time Limit Exceeded,2103,1024,369,
s615051094,p02791,u063676601,1582541747,C++,C++14 (GCC 5.4.1),cpp,Wrong Answer,2103,1024,364,
s768967812,p02791,u297477387,1582541652,C++,C++14 (GCC 5.4.1),cpp,Accepted,76,256,291,
s850913143,p02791,u648033567,1582541597,C++,C++14 (GCC 5.4.1),cpp,Accepted,19,1024,437,
s027498603,p02791,u648033567,1582541244,C++,C++14 (GCC 5.4.1),cpp,Wrong Answer,18,1024,339,
s376729894,p02791,u648033567,1582540849,C++,C++14 (GCC 5.4.1),cpp,Wrong Answer,18,1024,329,
s950091523,p02791,u044916426,1582539059,Go,Go (1.6),go,Wrong Answer,40,3584,641,
s917415829,p02791,u043150661,1582534872,Kotlin,Kotlin (1.0.0),kt,Accepted,658,82568,450,
s719281615,p02791,u078316894,1582534799,Python,Python (3.4.3),py,Accepted,110,24744,203,
s569103714,p02791,u027685417,1582528582,Python,Python (3.4.3),py,Accepted,124,24744,177,
s493982425,p02791,u447305329,1582508508,C,C (GCC 5.4.1),c,Wrong Answer,22,896,253,
s234035833,p02791,u842789193,1582496191,C++,C++14 (GCC 5.4.1),cpp,Accepted,79,256,217,
s518118409,p02791,u842789193,1582496058,C++,C++14 (GCC 5.4.1),cpp,Accepted,60,1400,303,
s149235619,p02791,u842789193,1582495704,C++,C++14 (GCC 5.4.1),cpp,Time Limit Exceeded,2107,1400,344,
s512597056,p02791,u458798873,1582495414,C++,C++14 (GCC 5.4.1),cpp,Wrong Answer,18,1792,783,
s146263377,p02791,u660351670,1582493105,C++,C++14 (GCC 5.4.1),cpp,Accepted,78,1024,345,
s719141909,p02791,u156164653,1582490901,C++,C++14 (GCC 5.4.1),cpp,Accepted,60,1024,357,
s140254326,p02791,u156164653,1582490338,C++,C++14 (GCC 5.4.1),cpp,Time Limit Exceeded,2103,1024,407,
s828768595,p02791,u655110382,1582484203,Python,Python (3.4.3),py,Accepted,96,25768,149,
s376061767,p02791,u475885263,1582483252,C++,C++14 (GCC 5.4.1),cpp,Accepted,60,1792,653,
s773077358,p02791,u248571244,1582482040,C++,C++14 (GCC 5.4.1),cpp,Accepted,77,1024,389,
s077279865,p02791,u741890588,1582479685,C++,C++14 (GCC 5.4.1),cpp,Accepted,60,1024,306,
s453110847,p02791,u912048901,1582478237,C++,C++14 (GCC 5.4.1),cpp,Accepted,60,1792,363,
s850726525,p02791,u912048901,1582478084,C++,C++14 (GCC 5.4.1),cpp,Wrong Answer,59,1792,382,
s243962379,p02791,u912048901,1582478019,C++,C++14 (GCC 5.4.1),cpp,Wrong Answer,60,1792,383,
s317464481,p02791,u912048901,1582477725,C++,C++14 (GCC 5.4.1),cpp,Time Limit Exceeded,2103,1792,440,
s839545640,p02791,u726124338,1582474018,C++,C++ (GCC 5.4.1),cpp,Compile Error,,,713,
s833869704,p02791,u940053699,1582473185,F#,F# (Mono 4.0),fs,Accepted,127,32088,557,
s605459290,p02791,u018372223,1582471215,C++,C++14 (GCC 5.4.1),cpp,Accepted,60,1024,307,
s504410963,p02791,u018372223,1582470908,C++,C++14 (GCC 5.4.1),cpp,Wrong Answer,383,1280,310,
s837611769,p02791,u018372223,1582470685,C++,C++14 (GCC 5.4.1),cpp,Wrong Answer,66,1024,307,
s131864714,p02791,u387720785,1582470582,C,C (GCC 5.4.1),c,Wrong Answer,22,896,578,
s008419993,p02791,u018372223,1582470544,C++,C++14 (GCC 5.4.1),cpp,Time Limit Exceeded,2107,1024,315,
s754759063,p02791,u387720785,1582470388,C,C (GCC 5.4.1),c,Wrong Answer,23,1024,539,
s817045497,p02791,u387720785,1582469940,C,C (GCC 5.4.1),c,Wrong Answer,23,896,540,
s024401900,p02791,u387720785,1582469298,C,C (GCC 5.4.1),c,Wrong Answer,23,896,479,
s754974401,p02791,u387720785,1582469227,C,C (GCC 5.4.1),c,Wrong Answer,23,896,480,
s584330369,p02791,u086056891,1582468226,Python,Python (3.4.3),py,Accepted,129,24744,155,
s987938539,p02791,u648009244,1582463539,C++,C++14 (GCC 5.4.1),cpp,Accepted,61,1792,419,
s807190952,p02791,u504103417,1582461803,C++,C++14 (GCC 5.4.1),cpp,Accepted,78,1792,456,
s279727626,p02791,u387720785,1582456388,C,C (GCC 5.4.1),c,Wrong Answer,22,896,366,
s250806503,p02791,u760868074,1582452819,Rust,Rust (1.15.1),rs,Accepted,37,6396,4451,
s115720020,p02791,u188827677,1582452261,Python,Python (3.4.3),py,Accepted,95,24744,130,
s482111487,p02791,u493130708,1582447314,Python,PyPy3 (2.4.0),py,Accepted,254,70668,1159,
s316769823,p02791,u198858287,1582446138,C,C (Clang 3.8.0),c,Accepted,22,896,530,
s769828460,p02791,u198858287,1582445379,C,C (Clang 3.8.0),c,Time Limit Exceeded,2103,896,703,
s831381163,p02791,u557668939,1582436305,Ruby,Ruby (2.3.3),rb,Accepted,100,15228,118,
s048346671,p02791,u557668939,1582436022,Ruby,Ruby (2.3.3),rb,Wrong Answer,96,15228,115,
s260477689,p02791,u388927326,1582435302,Fortran,Fortran (gfortran v4.8.4),f,Accepted,52,1536,287,
s822730263,p02791,u143851964,1582416108,Python,Python (3.4.3),py,Accepted,111,25768,157,
s850296762,p02791,u109191542,1582414085,C++,C++14 (GCC 5.4.1),cpp,Compile Error,,,340,
s432308303,p02791,u109191542,1582413904,C++,C++14 (GCC 5.4.1),cpp,Compile Error,,,339,
s375302883,p02791,u220293451,1582410236,C++,C++14 (GCC 5.4.1),cpp,Accepted,12,1024,2344,
s080278291,p02791,u864752370,1582405321,JavaScript,JavaScript (node.js v5.12),js,Accepted,122,33580,309,
s370207912,p02791,u864752370,1582405091,JavaScript,JavaScript (node.js v5.12),js,Wrong Answer,109,33464,288,
s866050849,p02791,u864752370,1582405069,JavaScript,JavaScript (node.js v5.12),js,Wrong Answer,236,33464,308,
s113993290,p02791,u329874011,1582404998,C++,C++14 (GCC 5.4.1),cpp,Accepted,62,1024,331,
s876277241,p02791,u864752370,1582404958,JavaScript,JavaScript (node.js v5.12),js,Runtime Error,239,23136,285,
s729378608,p02791,u329874011,1582404798,C++,C++14 (GCC 5.4.1),cpp,Wrong Answer,61,1152,330,
s274907919,p02791,u864752370,1582404581,JavaScript,JavaScript (node.js v5.12),js,Wrong Answer,110,33592,271,
s777778363,p02791,u864752370,1582404146,JavaScript,JavaScript (node.js v5.12),js,Wrong Answer,729,33464,270,
s902788993,p02791,u864752370,1582404053,JavaScript,JavaScript (node.js v5.12),js,Runtime Error,177,20936,269,
s062548130,p02791,u329874011,1582403781,C++,C++14 (GCC 5.4.1),cpp,Time Limit Exceeded,2103,1024,422,
s997024048,p02791,u375718534,1582402627,C++,C++14 (GCC 5.4.1),cpp,Wrong Answer,76,256,2032,
s703131521,p02791,u375718534,1582401667,C++,C++14 (GCC 5.4.1),cpp,Time Limit Exceeded,2103,1024,2213,
s826197868,p02791,u943004959,1582400407,C++,C++14 (GCC 5.4.1),cpp,Accepted,20,1792,1105,
s589130446,p02791,u889326464,1582400175,Ruby,Ruby (2.3.3),rb,Accepted,104,16156,159,
s308834360,p02791,u687204015,1582396498,C++,C++14 (GCC 5.4.1),cpp,Accepted,19,1024,685,
s962245328,p02791,u265506056,1582393507,Python,Python (3.4.3),py,Accepted,116,24744,137,
s196927183,p02791,u219831209,1582393444,C++,C++14 (GCC 5.4.1),cpp,Accepted,78,256,295,
s854975584,p02791,u265506056,1582393245,Python,Python (3.4.3),py,Time Limit Exceeded,2104,26012,231,
s525368697,p02791,u265506056,1582393189,Python,Python (3.4.3),py,Wrong Answer,2104,26012,248,
s086246351,p02791,u265506056,1582393174,Python,Python (3.4.3),py,Wrong Answer,2104,26012,248,
s582660403,p02791,u219831209,1582392267,C++,C++14 (GCC 5.4.1),cpp,Wrong Answer,76,384,293,
s536450770,p02791,u219831209,1582391867,C++,C++14 (GCC 5.4.1),cpp,Time Limit Exceeded,2103,384,398,
s565006572,p02791,u258983581,1582391796,C++,C++14 (GCC 5.4.1),cpp,Accepted,36,6384,3269,
s720239795,p02791,u076830785,1582391726,C++,C++14 (GCC 5.4.1),cpp,Accepted,62,1024,325,
s565485811,p02791,u902361509,1582391628,Python,Python (3.4.3),py,Time Limit Exceeded,2105,25768,171,
s984239294,p02791,u219831209,1582391505,C++,C++ (GCC 5.4.1),cpp,Compile Error,,,401,
s863294014,p02791,u902361509,1582390988,Python,Python (3.4.3),py,Wrong Answer,126,25768,162,
s392686119,p02791,u332591228,1582390974,C#,C# (Mono 4.6.2.0),cs,Accepted,109,36220,4999,
s196849075,p02791,u138273120,1582390379,C++,C++14 (GCC 5.4.1),cpp,Accepted,61,1024,348,
s901426586,p02791,u902361509,1582390025,Python,Python (3.4.3),py,Time Limit Exceeded,2104,25768,216,
s555682444,p02791,u328294851,1582389028,Ruby,Ruby (2.3.3),rb,Accepted,113,16516,339,
s853705849,p02791,u729939940,1582386075,Python,Python (3.4.3),py,Accepted,91,26012,133,
s392699835,p02791,u652760628,1582384866,C++,C++14 (GCC 5.4.1),cpp,Accepted,78,256,660,
s629143925,p02791,u263220374,1582383836,C++,C++14 (GCC 5.4.1),cpp,Accepted,63,1024,339,
s848080235,p02791,u263220374,1582383474,C++,C++14 (GCC 5.4.1),cpp,Time Limit Exceeded,2103,1024,389,
s969251743,p02791,u799236543,1582383014,Go,Go (1.6),go,Accepted,54,10240,2346,
s667510601,p02791,u799236543,1582382965,Go,Go (1.6),go,Accepted,278,13056,2337,
s576305868,p02791,u504800764,1582382744,C++,C++14 (GCC 5.4.1),cpp,Accepted,18,256,394,
s354700530,p02791,u155881803,1582382727,Java,Java8 (OpenJDK 1.8.0),java,Accepted,593,64924,470,
s575498908,p02791,u799236543,1582382542,Go,Go (1.6),go,Accepted,1023,16128,1128,
s403760116,p02791,u155881803,1582382202,Java,Java8 (OpenJDK 1.8.0),java,Time Limit Exceeded,2109,65712,462,
s817031633,p02791,u303739137,1582378365,Python,Python (3.4.3),py,Accepted,108,24744,151,
s365115210,p02791,u469953228,1582375594,C,C (GCC 5.4.1),c,Accepted,25,896,233,
s637841677,p02791,u902774407,1582375499,Ruby,Ruby (2.3.3),rb,Accepted,182,20868,233,
s929741267,p02791,u902774407,1582375131,Ruby,Ruby (2.3.3),rb,Wrong Answer,185,20868,230,
s721865450,p02791,u799236543,1582371538,Go,Go (1.6),go,Time Limit Exceeded,2108,16128,750,
s064317515,p02791,u799236543,1582370954,Go,Go (1.6),go,Time Limit Exceeded,2108,15872,574,
s913269639,p02791,u210827208,1582370560,Python,Python (3.4.3),py,Accepted,107,24744,138,
s923866382,p02791,u799236543,1582370474,Go,Go (1.6),go,Time Limit Exceeded,2108,17408,393,
s028000207,p02791,u799236543,1582369482,Go,Go (1.6),go,Time Limit Exceeded,2108,16128,324,
s286844923,p02791,u799236543,1582369301,Go,Go (1.6),go,Time Limit Exceeded,2108,15496,353,
s635433609,p02791,u799236543,1582368324,Go,Go (1.6),go,Wrong Answer,998,4992,413,
s574987778,p02791,u799236543,1582368114,Go,Go (1.6),go,Wrong Answer,1012,4992,426,
s559179443,p02791,u955125992,1582362758,Python,Python (3.4.3),py,Accepted,113,24744,171,
s713465584,p02791,u959524814,1582360521,C,C (GCC 5.4.1),c,Accepted,22,896,455,
s723172606,p02791,u845152373,1582359699,Python,Python (3.4.3),py,Accepted,132,24744,242,
s172748074,p02791,u582486901,1582359320,C#,C# (Mono 4.6.2.0),cs,Accepted,108,32092,2717,
s667409654,p02791,u822725754,1582348097,C,C (GCC 5.4.1),c,Accepted,22,896,432,
s065707689,p02791,u393077661,1582345001,C++,C++14 (GCC 5.4.1),cpp,Accepted,76,1024,231,
s787483267,p02791,u148555958,1582335156,C++,C++14 (GCC 5.4.1),cpp,Accepted,77,256,459,
s135996778,p02791,u056977516,1582334798,Python,Python (3.4.3),py,Accepted,127,25892,775,
s023302284,p02791,u383226932,1582333639,Rust,Rust (1.15.1),rs,Accepted,13,8700,154214,
s958736656,p02791,u114233208,1582330129,Python,Python (3.4.3),py,Time Limit Exceeded,2104,24596,250,
s834752521,p02791,u920340928,1582329568,Python,Python (3.4.3),py,Time Limit Exceeded,2104,24744,166,
s840744988,p02791,u114233208,1582329530,Python,Python (3.4.3),py,Wrong Answer,143,23572,191,
s603370071,p02791,u920340928,1582329382,Python,Python (3.4.3),py,Time Limit Exceeded,2104,24744,319,
s633002641,p02791,u920340928,1582328081,Python,Python (3.4.3),py,Time Limit Exceeded,2104,24744,228,
s484731719,p02791,u450292714,1582325659,Python,Python (3.4.3),py,Wrong Answer,164,25768,165,
s564995011,p02791,u231455327,1582324382,C++,C++14 (GCC 5.4.1),cpp,Accepted,60,1024,369,
s859278717,p02791,u778265178,1582323967,C++,C++14 (GCC 5.4.1),cpp,Accepted,60,1792,404,
s554323073,p02791,u993622994,1582323693,Python,Python (3.4.3),py,Time Limit Exceeded,2104,24744,275,
s042238857,p02791,u231455327,1582323463,C++,C++14 (GCC 5.4.1),cpp,Wrong Answer,60,1024,334,
s094350304,p02791,u848007850,1582322939,C++,C++14 (GCC 5.4.1),cpp,Accepted,28,1792,463,
s945457135,p02791,u231455327,1582321796,C++,C++14 (GCC 5.4.1),cpp,Wrong Answer,60,1024,261,
s405170627,p02791,u635358463,1582321714,C++,C++14 (GCC 5.4.1),cpp,Accepted,79,256,339,
s438636647,p02791,u231455327,1582321667,C++,C++14 (GCC 5.4.1),cpp,Wrong Answer,66,1024,262,
s176922865,p02791,u639340617,1582317152,Python,Python (3.4.3),py,Accepted,108,24872,145,
s510198836,p02791,u078932560,1582309738,Python,Python (3.4.3),py,Accepted,111,24744,156,
s659262601,p02791,u561443723,1582303916,C++,C++14 (GCC 5.4.1),cpp,Accepted,19,1024,515,
s429395263,p02791,u285162999,1582303422,C++,C++14 (GCC 5.4.1),cpp,Accepted,78,256,300,
s937822066,p02791,u285162999,1582303391,C++,C++14 (Clang 3.8.0),cpp,Compile Error,,,305,
s591988958,p02791,u666683460,1582301925,C++,C++14 (GCC 5.4.1),cpp,Accepted,62,1024,1990,
s251473990,p02791,u137673158,1582301754,C++,C++14 (GCC 5.4.1),cpp,Accepted,77,256,267,
s544083752,p02791,u595786324,1582300946,Java,Java8 (OpenJDK 1.8.0),java,Accepted,581,64952,412,
s937124143,p02791,u137673158,1582300650,C++,C++14 (GCC 5.4.1),cpp,Time Limit Exceeded,2103,1024,330,
s354014265,p02791,u635381086,1582298925,C++,C++14 (GCC 5.4.1),cpp,Time Limit Exceeded,2107,1152,750,
s725177905,p02791,u572204849,1582296323,Java,Java8 (OpenJDK 1.8.0),java,Accepted,572,65156,583,
s270850055,p02791,u572204849,1582294486,Java,Java8 (OpenJDK 1.8.0),java,Wrong Answer,561,86436,436,
s069549983,p02791,u572204849,1582292761,Java,Java8 (OpenJDK 1.8.0),java,Time Limit Exceeded,2109,64976,534,
s434333193,p02791,u834415466,1582291601,C++,C++14 (GCC 5.4.1),cpp,Accepted,17,256,1014,
s444456004,p02791,u759938562,1582288127,Python,Python (3.4.3),py,Accepted,113,24744,233,
s723942529,p02791,u759938562,1582287505,Python,Python (3.4.3),py,Time Limit Exceeded,2104,24744,228,
s795418829,p02791,u759938562,1582286144,Python,Python (3.4.3),py,Time Limit Exceeded,2104,24744,246,
s922398144,p02791,u573653733,1582285105,Python,Python (3.4.3),py,Accepted,154,17192,163,
s408421758,p02791,u900660091,1582280363,C++,C++14 (GCC 5.4.1),cpp,Accepted,76,256,491,
s075421233,p02791,u168860135,1582269928,C++,C++14 (GCC 5.4.1),cpp,Accepted,77,256,224,
s446808194,p02791,u168860135,1582269790,C++,C++14 (GCC 5.4.1),cpp,Accepted,63,1024,228,
s576506241,p02791,u785723272,1582266807,Python,Python (3.4.3),py,Accepted,110,24744,165,
s050707947,p02791,u785723272,1582266653,Python,Python (3.4.3),py,Wrong Answer,102,24744,146,
s048149883,p02791,u785723272,1582266606,Python,Python (3.4.3),py,Runtime Error,275,24744,166,
s508246184,p02791,u432078028,1582265464,C++,C++14 (GCC 5.4.1),cpp,Accepted,20,128,247,
s141045784,p02791,u308576858,1582242230,C++,C++14 (GCC 5.4.1),cpp,Accepted,61,256,429,
s182640335,p02791,u655179794,1582240561,C++,C++14 (GCC 5.4.1),cpp,Accepted,63,1024,404,
s908126358,p02791,u655179794,1582240509,C++,C++14 (GCC 5.4.1),cpp,Compile Error,,,404,
s720916580,p02791,u655179794,1582237828,C++,C++14 (GCC 5.4.1),cpp,Time Limit Exceeded,2103,1280,433,
s710223129,p02791,u503111914,1582236999,Python,Python (3.4.3),py,Accepted,143,24744,162,
s543316023,p02791,u655179794,1582236587,C++,C++14 (GCC 5.4.1),cpp,Wrong Answer,2103,1024,473,
s961198520,p02791,u047023156,1582234712,Python,Python (3.4.3),py,Accepted,110,24596,214,
s899004164,p02791,u251515715,1582233983,Python,Python (3.4.3),py,Accepted,135,24744,143,
s720616112,p02791,u301624971,1582231325,Python,Python (3.4.3),py,Accepted,113,23572,291,
s594381107,p02791,u055548671,1582230401,C++,C++14 (GCC 5.4.1),cpp,Accepted,19,1024,456,
s411549145,p02791,u183407347,1582229118,C++,C++14 (GCC 5.4.1),cpp,Accepted,18,256,318,
s956689183,p02791,u183407347,1582229052,C++,C++14 (GCC 5.4.1),cpp,Accepted,18,256,314,
s238187558,p02791,u183407347,1582228949,C++,C++14 (GCC 5.4.1),cpp,Accepted,78,256,269,
s047348118,p02791,u172546930,1582226986,Java,Java8 (OpenJDK 1.8.0),java,Accepted,563,65564,364,
s209550026,p02791,u586759271,1582225619,Python,PyPy3 (2.4.0),py,Accepted,253,75856,171,
s034243652,p02791,u355371431,1582220844,Python,PyPy3 (2.4.0),py,Accepted,218,64772,328,
s541639137,p02791,u503841284,1582220290,C++,C++14 (GCC 5.4.1),cpp,Accepted,61,1152,372,
s746911358,p02791,u503841284,1582220010,C++,C++14 (GCC 5.4.1),cpp,Time Limit Exceeded,2103,1024,393,
s794480778,p02791,u353602031,1582218024,C++,C++14 (GCC 5.4.1),cpp,Accepted,19,1024,2940,
s002926416,p02791,u553687828,1582216048,C++,C++14 (GCC 5.4.1),cpp,Accepted,77,256,281,
s114713987,p02791,u553687828,1582216031,C++,C++14 (GCC 5.4.1),cpp,Wrong Answer,78,256,282,
s649233422,p02791,u553687828,1582215934,C++,C++14 (GCC 5.4.1),cpp,Wrong Answer,78,256,282,
s158024330,p02791,u172546930,1582215319,Java,Java8 (OpenJDK 1.8.0),java,Time Limit Exceeded,2109,65780,361,
s985703633,p02791,u720321944,1582214028,C++,C++14 (GCC 5.4.1),cpp,Accepted,77,1024,564,
s164948008,p02791,u515052479,1582212472,Python,Python (3.4.3),py,Accepted,284,35416,267,
s773359936,p02791,u045289115,1582206962,C++,C++14 (GCC 5.4.1),cpp,Accepted,76,256,169,
s974199084,p02791,u045289115,1582206787,C++,C++14 (GCC 5.4.1),cpp,Wrong Answer,76,256,183,
s124760739,p02791,u965562021,1582205291,C#,C# (Mono 4.6.2.0),cs,Accepted,93,29404,1059,
s258556905,p02791,u477188329,1582200761,C++,C++14 (GCC 5.4.1),cpp,Accepted,61,1400,431,
s221086779,p02791,u456823367,1582200718,C,C (GCC 5.4.1),c,Accepted,22,896,441,
s919219588,p02791,u732304692,1582200209,OCaml,OCaml (4.02.3),ml,Accepted,57,6144,171,
s992338172,p02791,u456823367,1582200146,C,C (GCC 5.4.1),c,Accepted,22,896,359,
s464073812,p02791,u362771726,1582200080,Python,Python (3.4.3),py,Accepted,228,34140,556,
s335578769,p02791,u362771726,1582199951,Python,Python (3.4.3),py,Accepted,127,25252,443,
s641564956,p02791,u456823367,1582199874,C,C (GCC 5.4.1),c,Accepted,24,896,359,
s744068014,p02791,u362771726,1582199708,Python,Python (3.4.3),py,Time Limit Exceeded,2104,25252,449,
s882913868,p02791,u456823367,1582198428,C,C (GCC 5.4.1),c,Time Limit Exceeded,2103,896,287,
s944372893,p02791,u477188329,1582197390,C++,C++14 (GCC 5.4.1),cpp,Time Limit Exceeded,2103,1400,468,
s167048858,p02791,u362771726,1582189275,Python,Python (3.4.3),py,Time Limit Exceeded,2108,34148,288,
s292479931,p02791,u362771726,1582189097,Python,Python (3.4.3),py,Time Limit Exceeded,2104,24744,190,
s309306811,p02791,u104005543,1582188459,Python,Python (3.4.3),py,Accepted,108,24744,160,
s709921858,p02791,u325411666,1582186460,Python,Python (3.4.3),py,Accepted,142,24744,209,
s747521598,p02791,u099918199,1582166852,C++,C++14 (GCC 5.4.1),cpp,Accepted,60,256,770,
s546649885,p02791,u385574568,1582161774,C++,C++14 (GCC 5.4.1),cpp,Accepted,79,384,365,
s187262004,p02791,u103902792,1582159346,Python,Python (3.4.3),py,Accepted,97,24744,152,
s235095483,p02791,u142253890,1582152773,C++,C++14 (GCC 5.4.1),cpp,Accepted,59,1792,497,
s416601153,p02791,u514383727,1582152402,Python,Python (3.4.3),py,Accepted,92,24744,155,
s657621735,p02791,u182594853,1582149268,Python,Python (3.4.3),py,Time Limit Exceeded,2104,24744,165,
s957845406,p02791,u729939940,1582149131,Python,Python (3.4.3),py,Accepted,92,24744,182,
s485280197,p02791,u729939940,1582149008,Python,Python (3.4.3),py,Accepted,107,24744,160,
s428168966,p02791,u754114382,1582148809,Java,Java8 (OpenJDK 1.8.0),java,Accepted,574,87288,420,
s246712582,p02791,u754114382,1582148482,Java,Java8 (OpenJDK 1.8.0),java,Wrong Answer,570,66444,468,
s923823779,p02791,u142253890,1582147873,C++,C++14 (GCC 5.4.1),cpp,Time Limit Exceeded,2103,1792,649,
s595514712,p02791,u754114382,1582147644,Java,Java8 (OpenJDK 1.8.0),java,Wrong Answer,585,67720,421,
s344846051,p02791,u754114382,1582147462,Java,Java8 (OpenJDK 1.8.0),java,Wrong Answer,574,67384,417,
s874271554,p02791,u754114382,1582145671,Java,Java8 (OpenJDK 1.8.0),java,Wrong Answer,583,82152,380,
s371854465,p02791,u754114382,1582145402,Java,Java8 (OpenJDK 1.8.0),java,Wrong Answer,582,64868,378,
s027984003,p02791,u364129544,1582145100,C++,C++14 (GCC 5.4.1),cpp,Accepted,21,1024,749,
s851065436,p02791,u364129544,1582145075,C++,C++14 (GCC 5.4.1),cpp,Wrong Answer,1,256,746,
s507887831,p02791,u526708273,1582143026,C++,C++14 (GCC 5.4.1),cpp,Accepted,63,1024,398,
s640907344,p02791,u562550538,1582141577,Python,PyPy3 (2.4.0),py,Time Limit Exceeded,2107,77420,181,
s597713671,p02791,u562550538,1582140392,Python,Python (3.4.3),py,Time Limit Exceeded,2104,24872,181,
s067319225,p02791,u186170849,1582140011,C#,C# (Mono 4.6.2.0),cs,Accepted,94,29404,1164,
s316363470,p02791,u871436624,1582135519,C++,C++14 (GCC 5.4.1),cpp,Accepted,19,1024,1532,
s532845306,p02791,u018679195,1582135178,C++,C++14 (GCC 5.4.1),cpp,Accepted,77,1024,287,
s065363834,p02791,u089230684,1582135083,C++,C++14 (GCC 5.4.1),cpp,Compile Error,,,283,
s983621233,p02791,u062068953,1582130961,Python,Python (3.4.3),py,Accepted,139,25768,187,
s410075384,p02791,u429911069,1582119849,C++,C++14 (GCC 5.4.1),cpp,Accepted,18,1024,803,
s006691263,p02791,u940516059,1582116290,Python,Python (3.4.3),py,Accepted,106,24744,159,
s238861566,p02791,u387173453,1582109999,Ruby,Ruby (2.3.3),rb,Accepted,105,15236,156,
s935134582,p02791,u308684517,1582108032,Python,Python (3.4.3),py,Accepted,108,24744,149,
s033138790,p02791,u885494445,1582106940,Python,Python (3.4.3),py,Accepted,190,22764,288,
s109719376,p02791,u164154389,1582095884,C++,C++14 (GCC 5.4.1),cpp,Accepted,81,4992,1212,
s152223291,p02791,u164154389,1582095838,C++,C++14 (GCC 5.4.1),cpp,Runtime Error,97,2688,1212,
s498769608,p02791,u089230684,1582091096,C++,C++14 (GCC 5.4.1),cpp,Accepted,78,256,232,
s012013503,p02791,u810348111,1582079065,Python,Python (3.4.3),py,Accepted,113,24872,183,
s942213141,p02791,u075296067,1582077595,C++,C++14 (GCC 5.4.1),cpp,Accepted,62,1400,432,
s691969232,p02791,u028760718,1582072212,C++,C++14 (GCC 5.4.1),cpp,Accepted,76,256,229,
s503596502,p02791,u866538547,1582066531,C++,C++14 (GCC 5.4.1),cpp,Accepted,21,1024,416,
s513576458,p02791,u214304095,1582064355,C++,C++14 (GCC 5.4.1),cpp,Accepted,76,1024,488,
s010790896,p02791,u840212043,1582064078,C++,C++ (GCC 5.4.1),cpp,Accepted,20,128,250,
s866608613,p02791,u868580535,1582062177,C++,C++14 (GCC 5.4.1),cpp,Accepted,63,1024,268,
s863389133,p02791,u788703383,1582061012,Python,Python (3.4.3),py,Accepted,108,24744,170,
s881760340,p02791,u062736195,1582058800,Java,Java8 (OpenJDK 1.8.0),java,Accepted,562,65888,425,
s507247823,p02791,u062736195,1582058470,Java,Java8 (OpenJDK 1.8.0),java,Wrong Answer,578,84936,574,
s687373009,p02791,u062736195,1582058444,Java,Java8 (OpenJDK 1.8.0),java,Compile Error,,,569,
s061515279,p02791,u564667536,1582056018,C++,C++14 (GCC 5.4.1),cpp,Accepted,61,1024,342,
s665169629,p02791,u745267317,1582047736,C++,C++14 (GCC 5.4.1),cpp,Accepted,77,1024,320,
s956176439,p02791,u656568465,1582046058,C++,C++14 (GCC 5.4.1),cpp,Accepted,20,896,472,
s306545485,p02791,u526094365,1582044607,Python,PyPy3 (2.4.0),py,Accepted,244,75472,180,
s196236855,p02791,u643480362,1582043795,C++,C++14 (GCC 5.4.1),cpp,Accepted,77,1024,468,
s736302329,p02791,u526094365,1582043745,Python,Python (3.4.3),py,Time Limit Exceeded,2104,24744,145,
s348336906,p02791,u643480362,1582043503,C++,C++14 (GCC 5.4.1),cpp,Time Limit Exceeded,2103,1024,506,
s731581783,p02791,u371702445,1582041180,C++,C++14 (GCC 5.4.1),cpp,Accepted,19,5888,830,
s093949780,p02791,u274175583,1582039100,C++,C++14 (GCC 5.4.1),cpp,Accepted,63,1024,519,
s008454594,p02791,u618604643,1582034501,C++,C++14 (GCC 5.4.1),cpp,Accepted,60,1792,1144,
s355884117,p02791,u618604643,1582034253,C++,C++14 (GCC 5.4.1),cpp,Wrong Answer,66,1792,1144,
s308986100,p02791,u697715013,1582034177,C,C (GCC 5.4.1),c,Accepted,22,896,234,
s200620085,p02791,u618604643,1582034101,C++,C++14 (GCC 5.4.1),cpp,Wrong Answer,61,1792,1138,
s727227585,p02791,u506086925,1582030200,Python,Python (3.4.3),py,Accepted,91,24744,141,
s897518566,p02791,u458697778,1582029385,C++,C++14 (GCC 5.4.1),cpp,Accepted,18,1024,370,
s367571135,p02791,u694951525,1582020641,C++,C++14 (GCC 5.4.1),cpp,Accepted,61,1792,299,
s575048579,p02791,u363995337,1582017291,Python,Python (3.4.3),py,Accepted,130,24744,195,
s444649392,p02791,u566116575,1582014896,C++,C++14 (GCC 5.4.1),cpp,Accepted,60,2168,326,
s078829271,p02791,u657913472,1582009410,Pascal,Pascal (FPC 2.6.2),pas,Accepted,24,128,137,
s326649587,p02791,u657913472,1582009359,Pascal,Pascal (FPC 2.6.2),pas,Compile Error,,,136,
s382248116,p02791,u517889509,1581998045,C++,C++14 (GCC 5.4.1),cpp,Accepted,60,1792,366,
s743908846,p02791,u719967911,1581987648,C++,C++14 (GCC 5.4.1),cpp,Wrong Answer,2103,1024,244,
s635974445,p02791,u889326464,1581986922,Ruby,Ruby (2.3.3),rb,Accepted,104,15236,159,
s999391302,p02791,u889326464,1581986810,Ruby,Ruby (2.3.3),rb,Runtime Error,97,15236,147,
s565623888,p02791,u889326464,1581986409,Ruby,Ruby (2.3.3),rb,Time Limit Exceeded,2109,18460,129,
s801656799,p02791,u889326464,1581985794,Ruby,Ruby (2.3.3),rb,Wrong Answer,124,21244,117,
s272830013,p02791,u889326464,1581985387,Ruby,Ruby (2.3.3),rb,Wrong Answer,106,15236,152,
s350988899,p02791,u889326464,1581985231,Ruby,Ruby (2.3.3),rb,Wrong Answer,108,15236,143,
s383373816,p02791,u539826121,1581985176,C++,C++14 (GCC 5.4.1),cpp,Accepted,66,1792,563,
s602370261,p02791,u889326464,1581985164,Ruby,Ruby (2.3.3),rb,Runtime Error,103,15236,133,
s383820837,p02791,u113091201,1581985060,Python,Python (2.7.6),py,Accepted,116,19988,147,
s419139987,p02791,u889326464,1581983080,Ruby,Ruby (2.3.3),rb,Time Limit Exceeded,2109,20996,155,
s054401517,p02791,u427984570,1581982007,Python,Python (3.4.3),py,Accepted,108,24744,147,
s101320243,p02791,u525288965,1581981527,C++,C++14 (GCC 5.4.1),cpp,Accepted,19,256,1662,
s774366801,p02791,u706347890,1581980431,C++,C++14 (GCC 5.4.1),cpp,Accepted,63,1024,449,
s018423612,p02791,u656731444,1581975327,C++,C++14 (GCC 5.4.1),cpp,Accepted,60,1024,389,
s016317283,p02791,u188101448,1581975315,C++,C++14 (GCC 5.4.1),cpp,Accepted,21,1024,346,
s362803254,p02791,u878239774,1581975195,Python,Python (3.4.3),py,Accepted,110,25768,182,
s248122420,p02791,u656731444,1581975068,C++,C++14 (GCC 5.4.1),cpp,Accepted,60,1024,422,
s881256628,p02791,u878239774,1581974851,Python,Python (3.4.3),py,Time Limit Exceeded,2104,24744,274,
s421858637,p02791,u656731444,1581974801,C++,C++14 (GCC 5.4.1),cpp,Accepted,61,1024,342,
s706648507,p02791,u656731444,1581974567,C++,C++14 (GCC 5.4.1),cpp,Wrong Answer,61,1024,334,
s175737006,p02791,u406132951,1581974491,C++,C++14 (GCC 5.4.1),cpp,Accepted,61,1024,362,
s327707251,p02791,u406132951,1581974031,C++,C++14 (GCC 5.4.1),cpp,Time Limit Exceeded,2103,1024,439,
s545577637,p02791,u656731444,1581973993,C++,C++14 (GCC 5.4.1),cpp,Wrong Answer,61,1024,334,
s026476641,p02791,u111555888,1581972355,Python,Python (3.4.3),py,Accepted,107,24744,133,
s779818766,p02791,u457499508,1581972252,Java,Java8 (OpenJDK 1.8.0),java,Accepted,541,65212,520,
s401022019,p02791,u841702632,1581972064,C++,C++14 (GCC 5.4.1),cpp,Accepted,78,1024,265,
s940021083,p02791,u908318580,1581971716,C++,C++14 (GCC 5.4.1),cpp,Accepted,18,256,2433,
s589994014,p02791,u841702632,1581971522,C++,C++14 (GCC 5.4.1),cpp,Time Limit Exceeded,2103,1024,368,
s260191952,p02791,u841702632,1581971148,C++,C++14 (GCC 5.4.1),cpp,Time Limit Exceeded,2103,1024,365,
s445520781,p02791,u239653493,1581969739,Python,Python (3.4.3),py,Accepted,108,24744,157,
s160754994,p02791,u880612813,1581968744,C++,C++14 (GCC 5.4.1),cpp,Accepted,76,256,298,
s087704237,p02791,u880612813,1581968655,C++,C++14 (GCC 5.4.1),cpp,Wrong Answer,76,256,237,
s002988896,p02791,u239653493,1581968383,Python,Python (3.4.3),py,Wrong Answer,2104,24744,242,
s305206294,p02791,u198019139,1581968305,C++,C++14 (GCC 5.4.1),cpp,Accepted,57,256,250,
s807701581,p02791,u239653493,1581968150,Python,Python (3.4.3),py,Runtime Error,455,24744,242,
s885729058,p02791,u239653493,1581968014,Python,Python (3.4.3),py,Wrong Answer,193,24744,240,
s256473664,p02791,u188827677,1581967250,Python,Python (3.4.3),py,Accepted,114,24744,147,
s347590238,p02791,u188827677,1581965449,Python,Python (3.4.3),py,Accepted,105,24744,161,
s178508381,p02791,u188827677,1581965426,Python,Python (3.4.3),py,Wrong Answer,320,24744,184,
s102912292,p02791,u188827677,1581964916,Python,Python (3.4.3),py,Wrong Answer,119,24744,159,
s136510277,p02791,u188827677,1581964860,Python,Python (3.4.3),py,Runtime Error,17,2940,159,
s066389137,p02791,u188827677,1581964740,Python,Python (3.4.3),py,Wrong Answer,126,24744,158,
s651182771,p02791,u515019830,1581964433,C++,C++14 (GCC 5.4.1),cpp,Accepted,78,256,685,
s645454979,p02791,u188827677,1581963960,Python,Python (3.4.3),py,Wrong Answer,124,24744,158,
s937306179,p02791,u267035391,1581962638,Python,Python (3.4.3),py,Accepted,130,24744,207,
s096063967,p02791,u877428733,1581961742,Python,Python (3.4.3),py,Accepted,143,24744,162,
s350077724,p02791,u845148770,1581961529,Python,Python (3.4.3),py,Time Limit Exceeded,2104,24744,180,
s087496430,p02791,u845148770,1581961418,Python,Python (3.4.3),py,Wrong Answer,2105,24744,242,
s588869379,p02791,u999905658,1581959110,Ruby,Ruby (2.3.3),rb,Accepted,120,15236,190,
s934081577,p02791,u567507971,1581957757,C,C (GCC 5.4.1),c,Accepted,22,896,329,
s067261922,p02791,u567507971,1581957408,C,C (GCC 5.4.1),c,Time Limit Exceeded,2103,896,380,
s387998199,p02791,u567507971,1581957106,C,C (GCC 5.4.1),c,Time Limit Exceeded,2103,896,431,
s371562027,p02791,u567507971,1581956918,C++,C++14 (GCC 5.4.1),cpp,Time Limit Exceeded,2103,1024,440,
s623967826,p02791,u007637377,1581953504,C++,C++14 (GCC 5.4.1),cpp,Accepted,78,1792,1425,
s644988299,p02791,u287060310,1581952728,C++,C++14 (GCC 5.4.1),cpp,Accepted,60,1024,545,
s186352123,p02791,u179593519,1581951815,C++,C++14 (GCC 5.4.1),cpp,Accepted,61,1152,559,
s392284628,p02791,u179593519,1581951580,C++,C++14 (GCC 5.4.1),cpp,Wrong Answer,60,1024,507,
s913778516,p02791,u516525290,1581949557,C++,C++14 (GCC 5.4.1),cpp,Accepted,62,1024,1041,
s615156510,p02791,u097326875,1581948229,C++,C++14 (GCC 5.4.1),cpp,Accepted,19,1792,4279,
s783863218,p02791,u408620326,1581943733,Python,Python (3.4.3),py,Accepted,100,24744,144,
s149375156,p02791,u018679195,1581940659,C++,C++14 (Clang 3.8.0),cpp,Accepted,22,256,188,
s076886830,p02791,u095434379,1581936290,Java,Java8 (OpenJDK 1.8.0),java,Accepted,588,65388,472,
s058105036,p02791,u095434379,1581935893,Java,Java8 (OpenJDK 1.8.0),java,Time Limit Exceeded,2109,95624,561,
s274505242,p02791,u095434379,1581935766,Java,Java8 (OpenJDK 1.8.0),java,Time Limit Exceeded,2109,97380,724,
s000523885,p02791,u095434379,1581935537,Java,Java8 (OpenJDK 1.8.0),java,Time Limit Exceeded,2113,93884,803,
s271056239,p02791,u095434379,1581935220,Java,Java8 (OpenJDK 1.8.0),java,Time Limit Exceeded,2109,98628,650,
s716860763,p02791,u115819033,1581931299,C++,C++14 (GCC 5.4.1),cpp,Accepted,60,2420,534,
s349974004,p02791,u115819033,1581931020,C++,C++14 (GCC 5.4.1),cpp,Wrong Answer,64,2420,511,
s421783440,p02791,u115819033,1581930837,C++,C++14 (GCC 5.4.1),cpp,Time Limit Exceeded,2103,2420,655,
s796793090,p02791,u741815956,1581928339,C++,C++14 (GCC 5.4.1),cpp,Accepted,60,1400,363,
s337169517,p02791,u626595726,1581916520,C++,C++14 (GCC 5.4.1),cpp,Accepted,19,1024,1070,
s127459984,p02791,u459649550,1581915389,C++,C++14 (GCC 5.4.1),cpp,Accepted,18,1024,414,
s622748783,p02791,u353919145,1581904002,C++,C++14 (GCC 5.4.1),cpp,Accepted,20,256,298,
s865234857,p02791,u353919145,1581899905,C#,C# (Mono 4.6.2.0),cs,Accepted,109,36956,1488,
s278664154,p02791,u816631826,1581899883,C#,C# (Mono 4.6.2.0),cs,Runtime Error,107,36956,1474,
s922252304,p02791,u052873655,1581899712,C++,C++14 (GCC 5.4.1),cpp,Accepted,78,1024,507,
s949561567,p02791,u871934301,1581897558,Python,Python (3.4.3),py,Accepted,129,24744,232,
s626459547,p02791,u261103969,1581896488,Python,Python (3.4.3),py,Accepted,151,25768,242,
s949224391,p02791,u728095140,1581896008,C++,C++14 (Clang 3.8.0),cpp,Accepted,167,1024,381,
s156294535,p02791,u835629653,1581894824,C++,C++14 (GCC 5.4.1),cpp,Accepted,60,1024,414,
s902730535,p02791,u474214924,1581892875,Python,Python (3.4.3),py,Accepted,150,17940,157,
s507033575,p02791,u474214924,1581892587,Python,Python (3.4.3),py,Wrong Answer,142,16916,168,
s180432810,p02791,u474214924,1581892525,Python,Python (3.4.3),py,Wrong Answer,279,17960,185,
s594804111,p02791,u709373021,1581892261,C++,C++14 (GCC 5.4.1),cpp,Accepted,18,256,308,
s889245381,p02791,u709373021,1581891746,C++,C++14 (GCC 5.4.1),cpp,Wrong Answer,18,256,306,
s076436452,p02791,u709373021,1581891705,C++,C++14 (GCC 5.4.1),cpp,Compile Error,,,306,
s514805481,p02791,u709373021,1581891672,C++,C++14 (GCC 5.4.1),cpp,Compile Error,,,306,
s281104000,p02791,u709373021,1581891641,C++,C++14 (GCC 5.4.1),cpp,Compile Error,,,307,
s067306589,p02791,u871934301,1581891266,Python,Python (3.4.3),py,Runtime Error,17,2940,164,
s641328053,p02791,u353919145,1581883743,C++,C++14 (GCC 5.4.1),cpp,Accepted,61,1400,488,
s487355161,p02791,u756415797,1581882143,C++,C++14 (Clang 3.8.0),cpp,Accepted,167,888,274,
s723482453,p02791,u198019139,1581882021,Python,Python (3.4.3),py,Accepted,118,24744,352,
s234130772,p02791,u756415797,1581880556,C++,C++14 (Clang 3.8.0),cpp,Time Limit Exceeded,2103,1024,352,
s600072299,p02791,u456823367,1581879980,C,C (GCC 5.4.1),c,Wrong Answer,2103,1024,312,
s269432257,p02791,u456823367,1581879820,C,C (GCC 5.4.1),c,Time Limit Exceeded,2103,896,286,
s353929786,p02791,u456823367,1581879632,C,C (GCC 5.4.1),c,Time Limit Exceeded,2103,896,285,
s855141464,p02791,u962858258,1581878388,C++,C++14 (GCC 5.4.1),cpp,Accepted,63,1024,336,
s562677616,p02791,u771111729,1581877628,C++,C++14 (GCC 5.4.1),cpp,Accepted,18,256,323,
s939376121,p02791,u588466905,1581877462,TypeScript,TypeScript (2.1.6),ts,Accepted,105,22224,407,
s842549703,p02791,u536916602,1581876938,C++,C++14 (GCC 5.4.1),cpp,Accepted,77,256,278,
s080780037,p02791,u849761972,1581876689,Python,Python (3.4.3),py,Accepted,120,24744,187,
s775852688,p02791,u173148629,1581876456,Python,Python (3.4.3),py,Accepted,106,24744,124,
s992960084,p02791,u173148629,1581876340,Python,Python (3.4.3),py,Runtime Error,17,2940,123,
s728844598,p02791,u173148629,1581876234,Python,Python (3.4.3),py,Accepted,150,24744,129,
s039829111,p02791,u588466905,1581876224,TypeScript,TypeScript (2.1.6),ts,Time Limit Exceeded,2109,22328,491,
s820953922,p02791,u849761972,1581875227,Python,Python (3.4.3),py,Time Limit Exceeded,2105,24744,214,
s698841074,p02791,u227020436,1581874709,Lisp,Common Lisp (SBCL 1.1.14),l,Accepted,432,61800,418,
s213185497,p02791,u227020436,1581874612,Lisp,Common Lisp (SBCL 1.1.14),l,Accepted,424,61800,439,
s737898401,p02791,u405394888,1581873931,C++,C++14 (GCC 5.4.1),cpp,Accepted,78,1024,288,
s484824020,p02791,u405394888,1581873797,C++,C++14 (GCC 5.4.1),cpp,Wrong Answer,78,1024,288,
s126293111,p02791,u619785253,1581873200,Python,PyPy3 (2.4.0),py,Accepted,273,75344,265,
s890150170,p02791,u163320134,1581872433,Python,Python (3.4.3),py,Accepted,153,24744,157,
s139932935,p02791,u163320134,1581872385,Python,Python (3.4.3),py,Runtime Error,17,3064,165,
s652174363,p02791,u163320134,1581872373,Python,PyPy3 (2.4.0),py,Runtime Error,180,38384,165,
s994196405,p02791,u598229387,1581872249,TypeScript,TypeScript (2.1.6),ts,Accepted,111,22224,684,
s535818610,p02791,u619785253,1581871837,Python,Python (3.4.3),py,Time Limit Exceeded,2104,24744,187,
s034136681,p02791,u619785253,1581871716,Python,Python (3.4.3),py,Time Limit Exceeded,2104,24744,187,
s810793442,p02791,u207048881,1581871678,C++,C++14 (GCC 5.4.1),cpp,Accepted,60,1024,522,
s123158164,p02791,u462692458,1581871218,C,C (GCC 5.4.1),c,Accepted,24,896,363,
s349452463,p02791,u232429509,1581870935,C++,C++14 (GCC 5.4.1),cpp,Accepted,59,256,1940,
s113961847,p02791,u378991640,1581870759,Python,Python (3.4.3),py,Accepted,140,24744,152,
s950424132,p02791,u870559097,1581869902,Python,Python (3.4.3),py,Accepted,111,24744,159,
s058994617,p02791,u080318287,1581869509,C++,C++14 (GCC 5.4.1),cpp,Accepted,18,256,3428,
s746081569,p02791,u870559097,1581869474,Python,Python (3.4.3),py,Time Limit Exceeded,2104,24744,164,
s962725419,p02791,u870559097,1581868840,Python,Python (3.4.3),py,Time Limit Exceeded,2104,24744,141,
s530148643,p02791,u080318287,1581868766,C++,C++14 (GCC 5.4.1),cpp,Runtime Error,99,4352,3485,
s891340903,p02791,u080318287,1581868732,C++,C++14 (GCC 5.4.1),cpp,Compile Error,,,3484,
s856597185,p02791,u870559097,1581868321,Python,Python (3.4.3),py,Time Limit Exceeded,2104,24744,174,
s951988565,p02791,u977193988,1581867723,Python,Python (3.4.3),py,Accepted,105,24744,183,
s105968124,p02791,u346424924,1581866639,Python,Python (3.4.3),py,Accepted,105,26012,178,
s808553127,p02791,u710018917,1581864836,Ruby,Ruby (2.3.3),rb,Accepted,104,16516,165,
s048601724,p02791,u653388379,1581864635,C++,C++14 (GCC 5.4.1),cpp,Accepted,59,384,438,
s812749363,p02791,u491762407,1581864217,Python,Python (3.4.3),py,Accepted,117,25768,172,
s771252856,p02791,u672541593,1581864145,Rust,Rust (1.15.1),rs,Accepted,37,6396,3162,
s034312483,p02791,u491762407,1581863981,Python,Python (3.4.3),py,Wrong Answer,77,19368,167,
s896106633,p02791,u444318984,1581863125,Ruby,Ruby (2.3.3),rb,Accepted,149,15272,137,
s291805097,p02791,u723721005,1581861945,C++,C++14 (GCC 5.4.1),cpp,Accepted,19,256,707,
s248150411,p02791,u462011322,1581857892,Ruby,Ruby (2.3.3),rb,Accepted,161,20484,204,
s095307606,p02791,u482982507,1581856925,Java,Java8 (OpenJDK 1.8.0),java,Accepted,594,81520,547,
s855265022,p02791,u102531485,1581853618,Python,PyPy3 (2.4.0),py,Accepted,271,74332,209,
s121396980,p02791,u102531485,1581853462,Python,PyPy3 (2.4.0),py,Time Limit Exceeded,2112,138456,263,
s114351017,p02791,u589238650,1581853127,C++,C++14 (GCC 5.4.1),cpp,Accepted,66,1024,484,
s616642877,p02791,u316226687,1581850930,C++,C++14 (GCC 5.4.1),cpp,Accepted,60,1024,336,
s323332000,p02791,u089230684,1581850752,C++,C++14 (Clang 3.8.0),cpp,Accepted,164,256,456,
s179177199,p02791,u900548304,1581849673,Python,Python (3.4.3),py,Accepted,256,18196,420,
s012079812,p02791,u412908746,1581849284,C++,C++14 (GCC 5.4.1),cpp,Accepted,79,256,264,
s612734861,p02791,u735528230,1581845110,C++,C++14 (GCC 5.4.1),cpp,Accepted,76,256,278,
s353796689,p02791,u131418152,1581828450,C++,C++14 (GCC 5.4.1),cpp,Accepted,86,1024,1745,
s801496269,p02791,u567489994,1581816737,C++,C++14 (GCC 5.4.1),cpp,Accepted,19,1792,3576,
s764203484,p02791,u210850855,1581815139,Java,Java8 (OpenJDK 1.8.0),java,Accepted,223,48028,1925,
s625085729,p02791,u614310106,1581813617,C++,C++14 (GCC 5.4.1),cpp,Accepted,71,1792,331,
s995444588,p02791,u722397179,1581810714,C++,C++14 (GCC 5.4.1),cpp,Accepted,66,1024,544,
s339824630,p02791,u816631826,1581810647,C,C (GCC 5.4.1),c,Accepted,22,896,384,
s238159077,p02791,u167906550,1581809884,C++,C++14 (GCC 5.4.1),cpp,Accepted,19,1024,647,
s039890193,p02791,u871934301,1581808234,Python,Python (3.4.3),py,Time Limit Exceeded,2104,26012,143,
s648567798,p02791,u767093102,1581807480,C++,C++14 (GCC 5.4.1),cpp,Accepted,19,256,1242,
s748438372,p02791,u122874387,1581806845,C++,C++14 (GCC 5.4.1),cpp,Accepted,60,256,447,
s800011377,p02791,u983109611,1581806675,Python,Python (3.4.3),py,Accepted,104,24744,169,
s528083131,p02791,u000212387,1581806654,C++,C++14 (GCC 5.4.1),cpp,Accepted,59,1792,518,
s365530461,p02791,u983109611,1581806237,Python,Python (3.4.3),py,Wrong Answer,160,24744,178,
s971249949,p02791,u983109611,1581806070,Python,Python (3.4.3),py,Wrong Answer,168,24744,167,
s272944438,p02791,u871934301,1581806009,Python,Python (3.4.3),py,Time Limit Exceeded,2104,26452,120,
s291904896,p02791,u983109611,1581805738,Python,Python (3.4.3),py,Time Limit Exceeded,2104,24744,147,
s078943793,p02791,u497860952,1581805627,C++,C++14 (GCC 5.4.1),cpp,Accepted,77,256,815,
s956443701,p02791,u122874387,1581805625,C++,C++14 (GCC 5.4.1),cpp,Time Limit Exceeded,2103,896,501,
s828811722,p02791,u501008235,1581803316,C++,C++14 (GCC 5.4.1),cpp,Accepted,77,256,229,
s073987491,p02791,u960093366,1581802155,C++,C++14 (GCC 5.4.1),cpp,Accepted,12,384,2188,
s783348531,p02791,u845620905,1581800294,C++,C++14 (GCC 5.4.1),cpp,Accepted,63,1024,463,
s588746865,p02791,u632369368,1581799438,Python,Python (3.4.3),py,Accepted,133,24744,182,
s312455562,p02791,u469239325,1581797994,Python,Python (3.4.3),py,Time Limit Exceeded,2104,24744,137,
s000131071,p02791,u973653506,1581797665,Java,Java8 (OpenJDK 1.8.0),java,Accepted,584,85408,445,
s744896032,p02791,u422017528,1581797267,Go,Go (1.6),go,Accepted,954,4992,258,
s934310457,p02791,u973653506,1581797095,Java,Java8 (OpenJDK 1.8.0),java,Wrong Answer,2109,66928,524,
s951961829,p02791,u018679195,1581797009,C++,C++14 (GCC 5.4.1),cpp,Accepted,21,256,390,
s121071427,p02791,u353919145,1581796856,C++,C++14 (GCC 5.4.1),cpp,Wrong Answer,21,256,248,
s861018775,p02791,u422017528,1581796771,Go,Go (1.6),go,Time Limit Exceeded,2108,7040,361,
s969358204,p02791,u018679195,1581796740,C++,C++14 (GCC 5.4.1),cpp,Wrong Answer,21,256,248,
s628528067,p02791,u318740143,1581796733,Python,Python (3.4.3),py,Accepted,163,24744,165,
s785169660,p02791,u863370423,1581796696,C++,C++14 (GCC 5.4.1),cpp,Accepted,76,256,235,
s363340937,p02791,u318740143,1581796408,Python,Python (3.4.3),py,Wrong Answer,156,24744,177,
s203454064,p02791,u816631826,1581796169,C++,C++14 (GCC 5.4.1),cpp,Wrong Answer,76,256,218,
s249450181,p02791,u863370423,1581796036,C++,C++14 (GCC 5.4.1),cpp,Runtime Error,100,256,267,
s574576337,p02791,u422017528,1581795845,Go,Go (1.6),go,Time Limit Exceeded,2107,7040,614,
s569679321,p02791,u353919145,1581795595,C++,C++14 (GCC 5.4.1),cpp,Runtime Error,103,256,241,
s616428814,p02791,u422017528,1581795281,Go,Go (1.6),go,Time Limit Exceeded,2111,7040,365,
s223073000,p02791,u422017528,1581794962,Go,Go (1.6),go,Time Limit Exceeded,2108,6952,322,
s269879074,p02791,u245485976,1581794186,C++,C++14 (GCC 5.4.1),cpp,Accepted,66,1400,449,
s268997460,p02791,u018679195,1581794141,C++,C++14 (GCC 5.4.1),cpp,Accepted,20,128,422,
s761182187,p02791,u245485976,1581793731,C++,C++14 (GCC 5.4.1),cpp,Wrong Answer,69,1400,421,
s355757761,p02791,u245485976,1581793679,C++,C++14 (GCC 5.4.1),cpp,Wrong Answer,401,2420,419,
s762446497,p02791,u245485976,1581793597,C++,C++14 (GCC 5.4.1),cpp,Runtime Error,99,256,414,
s545468103,p02791,u245485976,1581793543,C++,C++14 (GCC 5.4.1),cpp,Runtime Error,104,256,386,
s523659616,p02791,u245485976,1581793366,C++,C++14 (GCC 5.4.1),cpp,Wrong Answer,69,1528,357,
s136815335,p02791,u804999113,1581793364,C++,C++14 (GCC 5.4.1),cpp,Accepted,76,256,291,
s778068194,p02791,u665598835,1581791858,Julia,Julia (0.5.0),jl,Runtime Error,1456,160268,197,
s293865925,p02791,u222625974,1581791355,C++,C++14 (GCC 5.4.1),cpp,Accepted,80,1024,330,
s473021902,p02791,u353919145,1581790823,C++,C++14 (Clang 3.8.0),cpp,Accepted,22,888,476,
s048661137,p02791,u089230684,1581790692,C#,C# (Mono 4.6.2.0),cs,Wrong Answer,2109,35620,1764,
s170778096,p02791,u855186748,1581789950,C++,C++14 (GCC 5.4.1),cpp,Accepted,59,256,375,
s940493716,p02791,u089230684,1581789860,C#,C# (Mono 4.6.2.0),cs,Time Limit Exceeded,2109,35604,1612,
s070164074,p02791,u018679195,1581789818,C++,C++14 (GCC 5.4.1),cpp,Accepted,62,3712,388,
s591662028,p02791,u089230684,1581789783,C#,C# (Mono 4.6.2.0),cs,Compile Error,,,1610,
s282260287,p02791,u863370423,1581789761,C++,C++14 (GCC 5.4.1),cpp,Runtime Error,219,1024,388,
s658091678,p02791,u366169644,1581789386,C++,C++14 (GCC 5.4.1),cpp,Accepted,80,1792,570,
s705592669,p02791,u353412420,1581786507,C++,C++14 (GCC 5.4.1),cpp,Accepted,59,256,425,
s793126762,p02791,u201553784,1581786037,C++,C++14 (GCC 5.4.1),cpp,Accepted,77,1024,309,
s297642986,p02791,u721316601,1581785604,Python,Python (3.4.3),py,Accepted,97,24744,155,
s645565388,p02791,u857070771,1581782030,Python,Python (3.4.3),py,Accepted,172,24744,173,
s244573796,p02791,u863370423,1581781828,C++,C++14 (GCC 5.4.1),cpp,Runtime Error,97,256,289,
s583124929,p02791,u742551329,1581777359,Python,Python (3.4.3),py,Accepted,109,24744,162,
s229632150,p02791,u916974091,1581776083,C++,C++14 (GCC 5.4.1),cpp,Accepted,60,1792,1191,
s896321619,p02791,u505420467,1581771979,Rust,Rust (1.15.1),rs,Accepted,37,6396,2242,
s246687491,p02791,u505420467,1581771699,Rust,Rust (1.15.1),rs,Compile Error,,,2326,
s003748720,p02791,u816631826,1581768551,C++,C++14 (Clang 3.8.0),cpp,Accepted,22,256,188,
s660930172,p02791,u024422110,1581763661,Python,Python (3.4.3),py,Accepted,106,24744,140,
s453105058,p02791,u370429695,1581762524,Python,Python (3.4.3),py,Accepted,107,24744,140,
s048691874,p02791,u370429695,1581762341,Python,Python (3.4.3),py,Time Limit Exceeded,2104,24920,138,
s865760202,p02791,u089230684,1581760099,C++,C++14 (GCC 5.4.1),cpp,Accepted,20,256,345,
s085792936,p02791,u726444300,1581750690,C,C (GCC 5.4.1),c,Accepted,22,896,325,
s259402467,p02791,u726444300,1581750277,Python,Python (3.4.3),py,Accepted,114,24744,195,
s653618624,p02791,u224232591,1581734600,C++,C++14 (GCC 5.4.1),cpp,Accepted,18,256,380,
s684096282,p02791,u018679195,1581731513,Python,Python (3.4.3),py,Accepted,90,24744,191,
s972857032,p02791,u533566373,1581730061,C++,C++14 (GCC 5.4.1),cpp,Accepted,60,1024,377,
s223873221,p02791,u533566373,1581729825,C++,C++14 (GCC 5.4.1),cpp,Wrong Answer,63,1024,376,
s438466224,p02791,u118225776,1581727847,C++,C++14 (GCC 5.4.1),cpp,Accepted,63,1024,772,
s437101591,p02791,u318150500,1581727815,Python,Python (3.4.3),py,Accepted,99,26012,266,
s435895934,p02791,u900834830,1581725849,C++,C++14 (GCC 5.4.1),cpp,Accepted,60,1792,977,
s003998341,p02791,u900834830,1581725599,C++,C++14 (GCC 5.4.1),cpp,Wrong Answer,60,1792,978,
s010186675,p02791,u456173040,1581725471,Kotlin,Kotlin (1.0.0),kt,Accepted,648,83228,272,
s165236740,p02791,u856022198,1581724898,C++,C++14 (GCC 5.4.1),cpp,Accepted,66,1024,371,
s127993882,p02791,u318150500,1581724218,Python,Python (3.4.3),py,Time Limit Exceeded,2104,26012,249,
s167123896,p02791,u511379665,1581722109,Python,Python (3.4.3),py,Accepted,149,24744,147,
s813402248,p02791,u898058223,1581721036,Python,Python (3.4.3),py,Time Limit Exceeded,2104,24744,197,
s910937544,p02791,u898058223,1581720616,Python,Python (3.4.3),py,Wrong Answer,2104,24744,159,
s940829279,p02791,u150906260,1581720097,Python,Python (3.4.3),py,Accepted,106,24744,256,
s548565921,p02791,u915369024,1581720051,C++,C++14 (GCC 5.4.1),cpp,Accepted,76,256,442,
s176146899,p02791,u173178698,1581719330,Python,Python (3.4.3),py,Accepted,139,24744,187,
s873513305,p02791,u173178698,1581719072,Python,Python (3.4.3),py,Time Limit Exceeded,2104,24744,141,
s400378328,p02791,u292746386,1581716282,Python,Python (3.4.3),py,Accepted,298,34660,190,
s910716717,p02791,u292746386,1581716093,Python,Python (3.4.3),py,Time Limit Exceeded,2108,34164,235,
s160647649,p02791,u353919145,1581714431,C++,C++14 (GCC 5.4.1),cpp,Wrong Answer,2103,2036,498,
s520707722,p02791,u482519004,1581714221,Java,Java8 (OpenJDK 1.8.0),java,Accepted,209,42536,1996,
s433903154,p02791,u089230684,1581714094,C++,C++14 (GCC 5.4.1),cpp,Wrong Answer,2103,2036,497,
s739960862,p02791,u150906260,1581714010,Python,Python (3.4.3),py,Time Limit Exceeded,2104,24744,312,
s544133851,p02791,u863370423,1581713570,C++,C++14 (Clang 3.8.0),cpp,Accepted,174,256,269,
s475441104,p02791,u863370423,1581713291,C++,C++14 (GCC 5.4.1),cpp,Accepted,22,1024,324,
s309567833,p02791,u033498359,1581713242,C++,C++14 (GCC 5.4.1),cpp,Accepted,22,1024,478,
s309208953,p02791,u792050702,1581712876,Python,Python (3.4.3),py,Accepted,96,24744,182,
s637542346,p02791,u089230684,1581712582,Java,Java7 (OpenJDK 1.7.0),java,Accepted,495,65988,599,
s030024391,p02791,u353919145,1581712305,C++,C++14 (GCC 5.4.1),cpp,Wrong Answer,31,2560,491,
s428837456,p02791,u089230684,1581712108,Java,Java7 (OpenJDK 1.7.0),java,Accepted,507,62568,420,
s883070726,p02791,u615178274,1581711814,C++,C++14 (GCC 5.4.1),cpp,Accepted,60,1792,609,
s343671162,p02791,u615178274,1581711630,C++,C++14 (GCC 5.4.1),cpp,Wrong Answer,60,1792,567,
s540056986,p02791,u018679195,1581711622,Python,Python (3.4.3),py,Wrong Answer,117,24744,284,
s818251625,p02791,u615178274,1581711558,C++,C++14 (GCC 5.4.1),cpp,Accepted,60,3328,628,
s058882620,p02791,u089230684,1581711361,Python,Python (3.4.3),py,Wrong Answer,115,25768,212,
s948530689,p02791,u863370423,1581710029,C++,C++14 (GCC 5.4.1),cpp,Accepted,65,256,281,
s100555855,p02791,u089230684,1581709804,C++,C++14 (GCC 5.4.1),cpp,Runtime Error,139,256,257,
s723650522,p02791,u018679195,1581708714,C++,C++14 (GCC 5.4.1),cpp,Accepted,78,256,226,
s101951887,p02791,u816631826,1581708637,C++,C++14 (GCC 5.4.1),cpp,Accepted,19,256,4938,
s467999092,p02791,u816631826,1581708080,C++,C++14 (GCC 5.4.1),cpp,Accepted,22,1792,577,
s894884985,p02791,u581625805,1581707686,Java,Java8 (OpenJDK 1.8.0),java,Accepted,111,23124,7900,
s762793257,p02791,u863370423,1581707662,C++,C++14 (GCC 5.4.1),cpp,Accepted,77,256,315,
s599542171,p02791,u353919145,1581707396,C++,C++14 (GCC 5.4.1),cpp,Wrong Answer,2103,1024,4915,
s098323254,p02791,u018679195,1581707239,C,C (GCC 5.4.1),c,Accepted,22,128,283,
s575208197,p02791,u937747602,1581707233,C++,C++14 (GCC 5.4.1),cpp,Accepted,77,1024,363,
s533295718,p02791,u353919145,1581707211,C++,C++14 (GCC 5.4.1),cpp,Accepted,20,256,226,
s018279027,p02791,u816631826,1581707189,C++,C++14 (GCC 5.4.1),cpp,Accepted,77,256,207,
s246564180,p02791,u353919145,1581707167,C++,C++14 (GCC 5.4.1),cpp,Accepted,77,256,811,
s950907292,p02791,u018679195,1581707054,C++,C++14 (Clang 3.8.0),cpp,Accepted,163,256,491,
s013510447,p02791,u856022198,1581705647,C++,C++14 (GCC 5.4.1),cpp,Time Limit Exceeded,2107,1024,401,
s168992279,p02791,u179335173,1581699065,Python,Python (3.4.3),py,Accepted,112,24744,184,
s876155378,p02791,u179335173,1581698651,Python,PyPy3 (2.4.0),py,Time Limit Exceeded,2111,136860,155,
s117446971,p02791,u179335173,1581697953,Python,Python (3.4.3),py,Wrong Answer,2104,24744,287,
s625700067,p02791,u179335173,1581697885,Python,Python (3.4.3),py,Wrong Answer,2104,24744,296,
s158059885,p02791,u179335173,1581697302,Python,Python (3.4.3),py,Time Limit Exceeded,2104,24744,155,
s596596185,p02791,u325910713,1581696936,Python,Python (3.4.3),py,Accepted,108,24744,214,
s467162331,p02791,u325910713,1581696579,Python,Python (3.4.3),py,Time Limit Exceeded,2105,24744,261,
s884092054,p02791,u119947188,1581694894,Python,Python (3.4.3),py,Accepted,114,24744,169,
s173294101,p02791,u613257416,1581692697,C++,C++14 (GCC 5.4.1),cpp,Accepted,63,1024,714,
s775733436,p02791,u613257416,1581692541,C++,C++14 (GCC 5.4.1),cpp,Wrong Answer,60,1024,694,
s560076754,p02791,u613257416,1581692398,C++,C++14 (GCC 5.4.1),cpp,Wrong Answer,63,1024,694,
s589424344,p02791,u613257416,1581691979,C++,C++14 (GCC 5.4.1),cpp,Time Limit Exceeded,2103,1024,1078,
s762164518,p02791,u613257416,1581691433,C++,C++14 (GCC 5.4.1),cpp,Time Limit Exceeded,2103,1024,787,
s919247389,p02791,u613257416,1581691206,C++,C++14 (GCC 5.4.1),cpp,Time Limit Exceeded,2103,1024,712,
s467728839,p02791,u961443099,1581689325,C++,C++14 (GCC 5.4.1),cpp,Accepted,79,1024,401,
s575511222,p02791,u518794199,1581686057,C++,C++14 (GCC 5.4.1),cpp,Accepted,77,256,244,
s073201114,p02791,u549579601,1581685255,Python,PyPy3 (2.4.0),py,Accepted,250,75856,154,
s481088412,p02791,u488401358,1581683793,Python,Python (3.4.3),py,Accepted,161,24744,308,
s180967960,p02791,u241159583,1581677002,Python,Python (3.4.3),py,Accepted,104,24744,151,
s336428500,p02791,u468440139,1581667122,C++,C++14 (GCC 5.4.1),cpp,Accepted,63,1024,472,
s438332808,p02791,u684164049,1581643463,C++,C++14 (GCC 5.4.1),cpp,Accepted,63,1024,381,
s432693770,p02791,u128608381,1581637625,C++,C++14 (GCC 5.4.1),cpp,Accepted,79,256,220,
s300643045,p02791,u128608381,1581636764,C++,C++14 (GCC 5.4.1),cpp,Runtime Error,106,640,328,
s428309268,p02791,u128608381,1581636314,C++,C++14 (GCC 5.4.1),cpp,Runtime Error,146,640,297,
s147654975,p02791,u492713440,1581635303,Python,Python (3.4.3),py,Accepted,109,24744,169,
s454191015,p02791,u492713440,1581635266,Python,Python (3.4.3),py,Wrong Answer,105,24744,169,
s044224255,p02791,u492713440,1581635132,Python,Python (3.4.3),py,Wrong Answer,104,24744,162,
s224412173,p02791,u133833119,1581634412,Python,Python (3.4.3),py,Accepted,106,24744,167,
s999047473,p02791,u317779196,1581634363,Python,Python (3.4.3),py,Accepted,111,24744,155,
s489847892,p02791,u492713440,1581634219,Python,Python (3.4.3),py,Wrong Answer,111,24744,144,
s891656278,p02791,u317779196,1581633964,Python,Python (3.4.3),py,Time Limit Exceeded,2104,24744,165,
s206517487,p02791,u317779196,1581633799,Python,Python (3.4.3),py,Time Limit Exceeded,2104,24744,217,
s792998496,p02791,u828593789,1581633773,C,C (GCC 5.4.1),c,Accepted,23,1664,455,
s453435009,p02791,u089230684,1581633084,C,C (GCC 5.4.1),c,Accepted,20,1664,526,
s540538478,p02791,u045238009,1581627702,C++,C++14 (GCC 5.4.1),cpp,Time Limit Exceeded,2103,1024,301,
s480587723,p02791,u045238009,1581626565,C++,C++14 (GCC 5.4.1),cpp,Time Limit Exceeded,2103,1024,355,
s053873095,p02791,u269806533,1581624219,C++,C++14 (GCC 5.4.1),cpp,Accepted,20,128,229,
s130073095,p02791,u034777138,1581623633,Python,Python (3.4.3),py,Accepted,105,24744,177,
s526420296,p02791,u006251926,1581621227,Python,Python (3.4.3),py,Accepted,96,24744,157,
s741787038,p02791,u795630164,1581620497,C++,C++14 (GCC 5.4.1),cpp,Accepted,77,256,299,
s372591938,p02791,u693969714,1581617517,C++,C++14 (GCC 5.4.1),cpp,Accepted,21,256,338,
s515167983,p02791,u649645943,1581617081,Python,Python (3.4.3),py,Accepted,89,24744,411,
s098059947,p02791,u435084726,1581616804,Python,PyPy3 (2.4.0),py,Accepted,244,75344,242,
s295177439,p02791,u435084726,1581616316,Python,PyPy3 (2.4.0),py,Runtime Error,243,75888,240,
s399234024,p02791,u187113978,1581613914,C#,C# (Mono 4.6.2.0),cs,Accepted,113,35676,708,
s862041808,p02791,u875815230,1581613267,C++,C++14 (GCC 5.4.1),cpp,Accepted,76,256,302,
s049208990,p02791,u445457059,1581612975,C++,C++14 (GCC 5.4.1),cpp,Accepted,64,1792,699,
s937911242,p02791,u875815230,1581612583,C++,C++14 (GCC 5.4.1),cpp,Wrong Answer,77,384,302,
s715081800,p02791,u716043626,1581606197,Python,Python (3.4.3),py,Accepted,104,24744,169,
s543945706,p02791,u716043626,1581605626,Python,Python (3.4.3),py,Wrong Answer,250,24744,186,
s982668808,p02791,u716043626,1581605577,Python,Python (3.4.3),py,Wrong Answer,239,24744,185,
s662420992,p02791,u432180831,1581605068,C++,C++14 (GCC 5.4.1),cpp,Accepted,77,1024,710,
s957750826,p02791,u868580535,1581604337,C++,C++14 (GCC 5.4.1),cpp,Time Limit Exceeded,2103,1024,307,
s458254245,p02791,u135116520,1581600318,Python,Python (3.4.3),py,Accepted,108,24744,122,
s707412255,p02791,u135116520,1581599660,Python,Python (3.4.3),py,Time Limit Exceeded,2104,24744,114,
s994393514,p02791,u135116520,1581599494,Python,Python (3.4.3),py,Runtime Error,17,2940,115,
s601962217,p02791,u135116520,1581599182,Python,Python (3.4.3),py,Time Limit Exceeded,2104,24744,114,
s428530203,p02791,u135116520,1581599040,Python,Python (3.4.3),py,Runtime Error,64,24744,115,
s118993299,p02791,u564906058,1581593330,Python,Python (3.4.3),py,Accepted,160,26012,167,
s644020252,p02791,u422990499,1581592776,Python,PyPy3 (2.4.0),py,Accepted,251,75344,143,
s054821852,p02791,u728095140,1581590123,Python,Python (3.4.3),py,Time Limit Exceeded,2104,24744,214,
s171055802,p02791,u739300051,1581589193,C++,C++14 (GCC 5.4.1),cpp,Accepted,77,256,335,
s311748268,p02791,u739300051,1581589111,C++,C++14 (GCC 5.4.1),cpp,Wrong Answer,76,256,335,
s699053458,p02791,u739300051,1581589081,C++,C++14 (GCC 5.4.1),cpp,Compile Error,,,334,
s513723882,p02791,u739300051,1581588959,C++,C++14 (GCC 5.4.1),cpp,Wrong Answer,82,256,285,
s622307493,p02791,u739300051,1581587959,C++,C++14 (GCC 5.4.1),cpp,Wrong Answer,78,1024,459,
s211847400,p02791,u739300051,1581587875,C++,C++14 (GCC 5.4.1),cpp,Wrong Answer,78,1024,436,
s401141213,p02791,u739300051,1581587463,C++,C++14 (GCC 5.4.1),cpp,Wrong Answer,77,1024,367,
s555412838,p02791,u686443944,1581585227,C++,C++ (GCC 5.4.1),cpp,Accepted,29,1024,330,
s927629789,p02791,u670180528,1581582344,Python,Python (3.4.3),py,Accepted,89,25116,100,
s815982610,p02791,u131264627,1581582046,Python,Python (3.4.3),py,Accepted,95,24744,153,
s625467337,p02791,u863370423,1581581535,C++,C++14 (GCC 5.4.1),cpp,Accepted,76,256,230,
s040308866,p02791,u816631826,1581569554,C++,C++14 (GCC 5.4.1),cpp,Accepted,77,256,369,
s441325234,p02791,u353919145,1581569375,C++,C++14 (GCC 5.4.1),cpp,Compile Error,,,369,
s451494037,p02791,u657208344,1581561835,C++,C++14 (GCC 5.4.1),cpp,Accepted,62,1024,441,
s161271319,p02791,u321168841,1581561424,C++,C++14 (GCC 5.4.1),cpp,Accepted,60,1024,345,
s835384740,p02791,u129961029,1581559145,Python,Python (3.4.3),py,Accepted,106,24744,151,
s244111142,p02791,u129961029,1581559016,Python,Python (3.4.3),py,Runtime Error,65,24744,149,
s355381354,p02791,u135389999,1581558928,Python,Python (3.4.3),py,Accepted,91,24744,176,
s490824982,p02791,u129961029,1581558909,Python,Python (3.4.3),py,Runtime Error,65,24744,146,
s466876423,p02791,u129961029,1581558876,Python,Python (3.4.3),py,Runtime Error,65,24744,146,
s591143039,p02791,u135389999,1581558831,Python,Python (3.4.3),py,Wrong Answer,90,24744,164,
s557364229,p02791,u129961029,1581558414,Python,Python (3.4.3),py,Runtime Error,73,24744,227,
s378728651,p02791,u129961029,1581558328,Python,Python (3.4.3),py,Runtime Error,65,24744,206,
s189046971,p02791,u670047797,1581557863,C++,C++14 (GCC 5.4.1),cpp,Accepted,77,256,266,
s726234511,p02791,u670047797,1581557657,C++,C++14 (GCC 5.4.1),cpp,Wrong Answer,76,256,278,
s730822975,p02791,u692207013,1581555865,C++,C++14 (GCC 5.4.1),cpp,Accepted,18,1024,341,
s333576544,p02791,u521602455,1581552950,Python,Python (3.4.3),py,Accepted,109,24744,129,
s040271609,p02791,u739211876,1581552500,C++,C++14 (GCC 5.4.1),cpp,Accepted,60,1024,363,
s495319045,p02791,u739211876,1581552399,C++,C++14 (GCC 5.4.1),cpp,Wrong Answer,71,2048,388,
s009488299,p02791,u294700660,1581551319,C++,C++14 (GCC 5.4.1),cpp,Accepted,77,256,224,
s861425707,p02791,u294700660,1581551110,C++,C++14 (GCC 5.4.1),cpp,Accepted,76,256,629,
s276213946,p02791,u551389692,1581549686,C++,C++14 (GCC 5.4.1),cpp,Time Limit Exceeded,2103,1024,385,
s989227564,p02791,u917518913,1581549648,C++,C++14 (GCC 5.4.1),cpp,Accepted,78,1024,321,
s664032035,p02791,u551389692,1581547857,C++,C++14 (GCC 5.4.1),cpp,Time Limit Exceeded,2103,1024,399,
s158366530,p02791,u697232864,1581547562,C++,C++14 (GCC 5.4.1),cpp,Accepted,58,256,1003,
s745797132,p02791,u839954363,1581546792,Python,Python (3.4.3),py,Accepted,115,24744,156,
s316450752,p02791,u184143630,1581542746,C++,C++14 (GCC 5.4.1),cpp,Accepted,77,1024,239,
s233239744,p02791,u184143630,1581542639,C++,C++14 (GCC 5.4.1),cpp,Wrong Answer,77,1024,239,
s271682871,p02791,u595446852,1581539464,C++,C++14 (GCC 5.4.1),cpp,Accepted,65,1400,579,
s412210306,p02791,u595446852,1581539099,C++,C++14 (GCC 5.4.1),cpp,Time Limit Exceeded,2107,1400,585,
s859096458,p02791,u370447425,1581538687,C++,C++14 (GCC 5.4.1),cpp,Accepted,62,1024,264,
s081574704,p02791,u700813390,1581538115,C++,C++14 (GCC 5.4.1),cpp,Wrong Answer,77,1024,186,
s339316364,p02791,u027946359,1581536113,C,C (GCC 5.4.1),c,Accepted,22,896,484,
s199362960,p02791,u247552437,1581535802,Python,Python (3.4.3),py,Accepted,111,17940,402,
s895534375,p02791,u756399469,1581534909,Python,Python (3.4.3),py,Accepted,91,24744,101,
s228055683,p02791,u944643608,1581533102,Python,Python (3.4.3),py,Accepted,104,24744,169,
s474460307,p02791,u944643608,1581532977,Python,Python (3.4.3),py,Time Limit Exceeded,2104,24744,139,
s276815015,p02791,u944643608,1581532623,Python,Python (3.4.3),py,Runtime Error,64,24744,139,
s176675283,p02791,u020648977,1581531804,C++,C++14 (GCC 5.4.1),cpp,Accepted,77,1024,281,
s703754182,p02791,u020648977,1581531207,C++,C++14 (GCC 5.4.1),cpp,Time Limit Exceeded,2103,1024,379,
s045354044,p02791,u289709148,1581528209,C++,C++14 (GCC 5.4.1),cpp,Accepted,63,1024,392,
s251396694,p02791,u289709148,1581528178,C++,C++14 (GCC 5.4.1),cpp,Wrong Answer,63,1024,392,
s130207055,p02791,u846652026,1581524890,Python,Python (3.4.3),py,Accepted,91,24744,127,
s540440702,p02791,u060965067,1581524831,C++,C++14 (GCC 5.4.1),cpp,Accepted,20,3328,1361,
s230858083,p02791,u060965067,1581524157,C++,C++14 (GCC 5.4.1),cpp,Accepted,85,11264,1359,
s574132564,p02791,u620390714,1581523990,C++,C++14 (Clang 3.8.0),cpp,Wrong Answer,166,1792,341,
s768160846,p02791,u832748306,1581520616,C++,C++ (GCC 5.4.1),cpp,Accepted,20,256,717,
s072102734,p02791,u918391323,1581517718,Java,Java8 (OpenJDK 1.8.0),java,Accepted,232,50644,753,
s419712461,p02791,u980076349,1581515706,C++,C++14 (GCC 5.4.1),cpp,Accepted,77,1024,297,
s657347832,p02791,u980076349,1581515576,C++,C++14 (GCC 5.4.1),cpp,Runtime Error,138,640,297,
s845226962,p02791,u999592340,1581514060,Java,Java8 (OpenJDK 1.8.0),java,Accepted,581,81224,728,
s452080933,p02791,u892222895,1581513280,C++,C++ (GCC 5.4.1),cpp,Accepted,12,1024,601,
s180310708,p02791,u590225792,1581511744,C++,C++14 (GCC 5.4.1),cpp,Accepted,12,1024,832,
s637442726,p02791,u146779775,1581507980,C++,C++14 (GCC 5.4.1),cpp,Accepted,64,1024,405,
s114453068,p02791,u457790148,1581503194,C++,C++14 (GCC 5.4.1),cpp,Accepted,20,3328,1242,
s910630508,p02791,u768937125,1581502474,C++,C++ (GCC 5.4.1),cpp,Accepted,21,1152,258,
s777202938,p02791,u133347536,1581501785,Python,Python (3.4.3),py,Accepted,112,24744,188,
s277998525,p02791,u208851722,1581501097,C++,C++14 (GCC 5.4.1),cpp,Accepted,18,1792,1663,
s652703253,p02791,u441865202,1581496141,C++,C++14 (GCC 5.4.1),cpp,Accepted,60,3328,601,
s574564704,p02791,u441865202,1581495742,C++,C++14 (GCC 5.4.1),cpp,Wrong Answer,61,3328,547,
s683484063,p02791,u441865202,1581495656,C++,C++14 (GCC 5.4.1),cpp,Runtime Error,103,384,547,
s024891733,p02791,u441865202,1581495597,C++,C++14 (GCC 5.4.1),cpp,Runtime Error,102,384,548,
s063669433,p02791,u967620300,1581495327,C++,C++14 (GCC 5.4.1),cpp,Accepted,202,17408,7205,
s368895999,p02791,u231578174,1581495260,C++,C++ (GCC 5.4.1),cpp,Accepted,21,256,211,
s347087195,p02791,u346812984,1581494598,Python,Python (3.4.3),py,Accepted,109,24744,152,
s517761182,p02791,u214724132,1581494017,C++,C++ (GCC 5.4.1),cpp,Accepted,20,128,278,
s358148518,p02791,u248209126,1581492998,PHP,PHP7 (7.0.15),php,Accepted,35,27120,203,
s920650271,p02791,u790048565,1581486741,Python,PyPy3 (2.4.0),py,Accepted,252,75600,218,
s805555239,p02791,u073336549,1581484684,C,C (GCC 5.4.1),c,Accepted,22,896,240,
s067036900,p02791,u381572531,1581468587,Python,Python (3.4.3),py,Accepted,245,37268,753,
s003790144,p02791,u381572531,1581467929,Python,Python (3.4.3),py,Accepted,110,25984,700,
s417255924,p02791,u294700660,1581465140,C++,C++14 (GCC 5.4.1),cpp,Runtime Error,831,512,1274,
s242990634,p02791,u321168841,1581463013,C++,C++14 (GCC 5.4.1),cpp,Accepted,60,1024,344,
s530036071,p02791,u961198482,1581462398,C++,C++14 (GCC 5.4.1),cpp,Time Limit Exceeded,2103,1024,1952,
s206178119,p02791,u863370423,1581460217,C++,C++14 (GCC 5.4.1),cpp,Time Limit Exceeded,2103,9600,546,
s984763100,p02791,u572012241,1581460118,Python,Python (3.4.3),py,Accepted,106,24744,771,
s668015627,p02791,u089230684,1581459749,C++,C++14 (GCC 5.4.1),cpp,Time Limit Exceeded,2103,9600,491,
s652219907,p02791,u706330549,1581459658,Python,Python (3.4.3),py,Accepted,111,24744,217,
s383488454,p02791,u706330549,1581459296,Python,Python (3.4.3),py,Wrong Answer,120,24744,218,
s410717929,p02791,u089230684,1581459109,C++,C++14 (GCC 5.4.1),cpp,Time Limit Exceeded,2103,9600,426,
s102177185,p02791,u706330549,1581458810,Python,Python (3.4.3),py,Time Limit Exceeded,2104,24744,226,
s563521621,p02791,u706330549,1581458554,Python,Python (3.4.3),py,Time Limit Exceeded,2104,26012,232,
s701263788,p02791,u074059053,1581458554,C++,C++14 (GCC 5.4.1),cpp,Accepted,77,1024,378,
s621973722,p02791,u895795263,1581457400,Rust,Rust (1.15.1),rs,Accepted,15,8444,636,
s277177854,p02791,u018679195,1581456561,C++,C++14 (GCC 5.4.1),cpp,Accepted,79,1024,437,
s022611849,p02791,u036340997,1581456494,Python,Python (3.4.3),py,Accepted,112,24872,142,
s603805659,p02791,u089230684,1581456356,C++,C++14 (Clang 3.8.0),cpp,Wrong Answer,167,1024,433,
s693815588,p02791,u816631826,1581456252,C++,C++14 (Clang 3.8.0),cpp,Wrong Answer,166,1024,436,
s347333807,p02791,u053360288,1581456026,C++,C++14 (GCC 5.4.1),cpp,Accepted,67,1024,672,
s766375722,p02791,u018679195,1581455481,C++,C++14 (Clang 3.8.0),cpp,Time Limit Exceeded,2103,1024,481,
s824883058,p02791,u811134583,1581454936,C++,C++14 (GCC 5.4.1),cpp,Accepted,63,1024,275,
s184889383,p02791,u150694792,1581454483,Java,Java8 (OpenJDK 1.8.0),java,Accepted,578,62860,359,
s459257711,p02791,u638282348,1581451824,Python,Python (3.4.3),py,Accepted,91,17776,152,
s900326511,p02791,u614128939,1581450854,C++,C++14 (GCC 5.4.1),cpp,Accepted,77,1024,274,
s804670047,p02791,u844005364,1581449987,C++,C++14 (GCC 5.4.1),cpp,Accepted,18,256,348,
s050111549,p02791,u428948252,1581449927,C++,C++14 (GCC 5.4.1),cpp,Time Limit Exceeded,2108,85524,400,
s261993604,p02791,u428948252,1581448759,C++,C++14 (GCC 5.4.1),cpp,Wrong Answer,2103,1024,388,
s629260382,p02791,u852113235,1581448589,C++,C++14 (GCC 5.4.1),cpp,Accepted,18,256,1030,
s193889303,p02791,u817523595,1581447236,C++,C++14 (GCC 5.4.1),cpp,Accepted,61,1024,718,
s557755464,p02791,u608234874,1581446778,C++,C++14 (GCC 5.4.1),cpp,Accepted,19,256,263,
s866056247,p02791,u817523595,1581446191,C++,C++14 (GCC 5.4.1),cpp,Accepted,60,1152,717,
s829520113,p02791,u698919163,1581444959,Python,Python (3.4.3),py,Accepted,112,24744,172,
s596852523,p02791,u753803401,1581444055,Python,PyPy3 (2.4.0),py,Accepted,227,69488,331,
s799508029,p02791,u207137484,1581442329,Python,Python (3.4.3),py,Accepted,106,24744,153,
s741995061,p02791,u900387668,1581437493,C++,C++14 (GCC 5.4.1),cpp,Accepted,67,1792,399,
s189051112,p02791,u537859408,1581437100,Python,Python (3.4.3),py,Accepted,113,24744,176,
s543401310,p02791,u475382171,1581434346,Java,Java8 (OpenJDK 1.8.0),java,Accepted,588,64520,453,
s263233621,p02791,u361344213,1581433495,C++,C++14 (GCC 5.4.1),cpp,Accepted,79,256,376,
s338508958,p02791,u475382171,1581433330,Java,Java8 (OpenJDK 1.8.0),java,Wrong Answer,573,85364,596,
s984539598,p02791,u215268883,1581433320,C++,C++14 (GCC 5.4.1),cpp,Accepted,63,1792,532,
s530296865,p02791,u787696070,1581432857,C++,C++14 (GCC 5.4.1),cpp,Accepted,62,1024,2324,
s616318675,p02791,u361344213,1581432745,C++,C++14 (GCC 5.4.1),cpp,Wrong Answer,78,256,335,
s804501299,p02791,u781237587,1581432703,C++,C++14 (GCC 5.4.1),cpp,Accepted,18,1024,315,
s379985222,p02791,u872538555,1581432246,Python,Python (3.4.3),py,Accepted,89,25116,157,
s284708354,p02791,u872538555,1581431791,Python,Python (3.4.3),py,Accepted,148,25116,181,
s129203074,p02791,u414021949,1581431755,Go,Go (1.6),go,Accepted,39,3584,423,
s435256780,p02791,u414021949,1581431143,Go,Go (1.6),go,Compile Error,,,387,
s891869307,p02791,u872538555,1581430682,Python,Python (3.4.3),py,Time Limit Exceeded,2104,25116,137,
s507079949,p02791,u872538555,1581430165,Python,Python (3.4.3),py,Time Limit Exceeded,2104,25116,217,
s411272819,p02791,u533393669,1581421622,Python,Python (3.4.3),py,Accepted,181,14356,559,
s971762711,p02791,u827145585,1581421476,C++,C++14 (GCC 5.4.1),cpp,Accepted,79,256,381,
s698983368,p02791,u014442925,1581411940,C++,C++14 (GCC 5.4.1),cpp,Accepted,61,1024,769,
s793904716,p02791,u843175622,1581411010,Haskell,Haskell (GHC 7.10.3),hs,Accepted,903,38268,134,
s971600557,p02791,u701527888,1581410921,C++,C++14 (GCC 5.4.1),cpp,Accepted,78,1024,496,
s752204467,p02791,u701527888,1581409872,C++,C++14 (GCC 5.4.1),cpp,Time Limit Exceeded,2103,1024,631,
s697224763,p02791,u701527888,1581409226,C++,C++14 (GCC 5.4.1),cpp,Wrong Answer,77,1024,631,
s148429714,p02791,u701527888,1581408904,C++,C++14 (GCC 5.4.1),cpp,Wrong Answer,77,1024,630,
s819369083,p02791,u063896502,1581408523,C++,C++14 (GCC 5.4.1),cpp,Accepted,62,1024,852,
s440387606,p02791,u299529534,1581408133,C++,C++14 (GCC 5.4.1),cpp,Accepted,79,256,219,
s240449964,p02791,u790048565,1581403223,Python,PyPy3 (2.4.0),py,Accepted,253,75600,177,
s645879576,p02791,u790048565,1581402564,Python,PyPy3 (2.4.0),py,Time Limit Exceeded,2112,138232,278,
s225758970,p02791,u790048565,1581402453,Python,Python (3.4.3),py,Time Limit Exceeded,2104,24744,174,
s716233773,p02791,u721970149,1581402205,Python,Python (3.4.3),py,Accepted,110,25768,160,
s352170981,p02791,u790048565,1581401972,Python,Python (3.4.3),py,Time Limit Exceeded,2104,24744,174,
s742221742,p02791,u048238198,1581396879,Rust,Rust (1.15.1),rs,Accepted,53,6396,665,
s496169628,p02791,u373182806,1581392011,C++,C++14 (GCC 5.4.1),cpp,Accepted,33,256,4145,
s795071639,p02791,u190907730,1581389055,C++,C++14 (GCC 5.4.1),cpp,Accepted,78,256,894,
s498140029,p02791,u095200025,1581387383,Java,Java8 (OpenJDK 1.8.0),java,Accepted,454,49448,483,
s614443033,p02791,u304318875,1581387376,C++,C++14 (GCC 5.4.1),cpp,Accepted,60,1792,28156,
s222408498,p02791,u095200025,1581387229,Java,Java8 (OpenJDK 1.8.0),java,Compile Error,,,483,
s395193166,p02791,u095200025,1581386736,Java,Java8 (OpenJDK 1.8.0),java,Wrong Answer,479,53136,451,
s174787779,p02791,u095200025,1581386479,Java,Java8 (OpenJDK 1.8.0),java,Wrong Answer,493,50764,470,
s406297035,p02791,u095200025,1581386239,Java,Java8 (OpenJDK 1.8.0),java,Wrong Answer,481,50940,464,
s789513142,p02791,u095200025,1581386174,Java,Java8 (OpenJDK 1.8.0),java,Wrong Answer,464,50548,468,
s337559337,p02791,u502731482,1581382946,C,C (GCC 5.4.1),c,Accepted,22,1664,325,
s084297615,p02791,u502731482,1581382816,C,C (GCC 5.4.1),c,Wrong Answer,22,1664,322,
s281814178,p02791,u972416449,1581382653,C++,C++14 (GCC 5.4.1),cpp,Accepted,18,256,701,
s588776147,p02791,u502731482,1581382600,C,C (GCC 5.4.1),c,Time Limit Exceeded,2103,1664,454,
s997189958,p02791,u095200025,1581382282,Java,Java8 (OpenJDK 1.8.0),java,Time Limit Exceeded,2109,61040,549,
s499165027,p02791,u095200025,1581382060,Java,Java8 (OpenJDK 1.8.0),java,Time Limit Exceeded,2109,51064,523,
s927183572,p02791,u024469792,1581380310,Rust,Rust (1.15.1),rs,Accepted,14,8444,1411,
s514978793,p02791,u417254762,1581379153,C++,C++ (GCC 5.4.1),cpp,Accepted,22,1024,264,
s186196695,p02791,u417254762,1581379048,C++,C++ (GCC 5.4.1),cpp,Wrong Answer,22,1024,262,
s038674341,p02791,u417254762,1581378831,C++,C++ (GCC 5.4.1),cpp,Wrong Answer,22,1024,283,
s453142332,p02791,u417254762,1581378381,C++,C++ (GCC 5.4.1),cpp,Time Limit Exceeded,2103,1024,333,
s637302828,p02791,u098510720,1581375175,Python,Python (3.4.3),py,Accepted,114,25768,155,
s938458204,p02791,u579355226,1581374188,C++,C++14 (GCC 5.4.1),cpp,Accepted,61,1792,927,
s905995914,p02791,u355262618,1581373908,Python,Python (3.4.3),py,Accepted,106,24744,149,
s253261872,p02791,u355262618,1581373417,Python,Python (3.4.3),py,Time Limit Exceeded,2104,24744,133,
s220785200,p02791,u740284863,1581373252,Python,Python (3.4.3),py,Accepted,151,24744,173,
s517338844,p02791,u242284703,1581372794,C++,C++14 (GCC 5.4.1),cpp,Accepted,18,256,379,
s207733983,p02791,u367199607,1581372619,C++,C++14 (GCC 5.4.1),cpp,Accepted,77,256,373,
s869495057,p02791,u672316981,1581371985,Python,Python (3.4.3),py,Accepted,104,24744,189,
s453682091,p02791,u672316981,1581371670,Python,Python (3.4.3),py,Wrong Answer,112,24744,179,
s820278006,p02791,u894954905,1581371293,C++,C++14 (GCC 5.4.1),cpp,Compile Error,,,255,
s178523350,p02791,u672316981,1581371246,Python,Python (3.4.3),py,Wrong Answer,112,24744,176,
s838545616,p02791,u894954905,1581371043,C++,C++14 (GCC 5.4.1),cpp,Compile Error,,,302,
s348465775,p02791,u697101155,1581370851,Python,Python (3.4.3),py,Accepted,669,35840,314,
s331987983,p02791,u672316981,1581370773,Python,Python (3.4.3),py,Wrong Answer,113,24744,171,
s789709734,p02791,u672316981,1581370387,Python,Python (3.4.3),py,Wrong Answer,116,24744,172,
s146979680,p02791,u607729897,1581370083,Python,Python (3.4.3),py,Accepted,125,20408,174,
s310176208,p02791,u607729897,1581369949,Python,Python (3.4.3),py,Wrong Answer,128,20408,163,
s510206178,p02791,u244818078,1581369711,C++,C++14 (GCC 5.4.1),cpp,Accepted,77,256,241,
s787299671,p02791,u247552437,1581369179,Python,Python (3.4.3),py,Wrong Answer,2107,19220,411,
s499862332,p02791,u247552437,1581368990,Python,Python (3.4.3),py,Wrong Answer,2105,19396,434,
s082291260,p02791,u247552437,1581368637,Python,Python (3.4.3),py,Wrong Answer,2104,19316,434,
s113354414,p02791,u843175622,1581367969,Haskell,Haskell (GHC 7.10.3),hs,Accepted,959,38268,239,
s849373037,p02791,u721970149,1581367933,Python,Python (3.4.3),py,Time Limit Exceeded,2104,25768,174,
s456526342,p02791,u439912527,1581367868,C++,C++14 (GCC 5.4.1),cpp,Accepted,66,1024,581,
s034330490,p02791,u721970149,1581367829,Python,Python (3.4.3),py,Runtime Error,76,24744,172,
s673146676,p02791,u721970149,1581367642,Python,Python (3.4.3),py,Time Limit Exceeded,2104,25768,169,
s853018812,p02791,u439912527,1581367549,C++,C++14 (GCC 5.4.1),cpp,Accepted,60,1024,572,
s055956547,p02791,u721970149,1581367248,Python,Python (3.4.3),py,Time Limit Exceeded,2104,24744,238,
s577380893,p02791,u532573979,1581367221,C++,C++14 (GCC 5.4.1),cpp,Accepted,19,1024,1282,
s303686396,p02791,u394033362,1581367084,C++,C++14 (GCC 5.4.1),cpp,Accepted,19,1024,1044,
s807067972,p02791,u439912527,1581366527,C++,C++14 (GCC 5.4.1),cpp,Time Limit Exceeded,2103,1024,782,
s382991180,p02791,u760802228,1581364979,Python,PyPy3 (2.4.0),py,Accepted,248,75472,191,
s086262102,p02791,u439912527,1581364880,C++,C++14 (GCC 5.4.1),cpp,Time Limit Exceeded,2103,1024,773,
s876590371,p02791,u760802228,1581364294,Python,PyPy3 (2.4.0),py,Time Limit Exceeded,2108,75472,217,
s004129599,p02791,u809433990,1581364109,Java,Java8 (OpenJDK 1.8.0),java,Accepted,572,82252,399,
s868525433,p02791,u760802228,1581364104,Python,Python (3.4.3),py,Time Limit Exceeded,2104,24744,221,
s268895260,p02791,u481657940,1581363399,C++,C++14 (GCC 5.4.1),cpp,Accepted,60,1024,314,
s498854261,p02791,u481657940,1581363188,C++,C++14 (GCC 5.4.1),cpp,Wrong Answer,65,1024,308,
s527838649,p02791,u648212584,1581363177,Python,Python (3.4.3),py,Accepted,76,20348,291,
s450512449,p02791,u150112687,1581362910,Python,Python (3.4.3),py,Accepted,106,24744,142,
s228227338,p02791,u233586402,1581362732,C++,C++14 (GCC 5.4.1),cpp,Accepted,63,1024,338,
s871348360,p02791,u233586402,1581362648,C++,C++14 (GCC 5.4.1),cpp,Wrong Answer,1,256,345,
s505595298,p02791,u439912527,1581362607,C++,C++14 (GCC 5.4.1),cpp,Time Limit Exceeded,2103,1024,630,
s057971951,p02791,u233586402,1581362591,C++,C++14 (GCC 5.4.1),cpp,Wrong Answer,1,256,330,
s827503347,p02791,u701318346,1581361981,Python,Python (3.4.3),py,Accepted,104,24744,156,
s161050778,p02791,u276250981,1581361818,Python,Python (3.4.3),py,Accepted,103,24744,179,
s823037546,p02791,u701318346,1581361769,Python,Python (3.4.3),py,Time Limit Exceeded,2104,24744,149,
s482360781,p02791,u124498235,1581361320,Python,Python (3.4.3),py,Accepted,92,24744,125,
s981866531,p02791,u089230684,1581359804,Python,PyPy3 (2.4.0),py,Accepted,244,75472,150,
s578755811,p02791,u355262618,1581359531,Python,Python (3.4.3),py,Wrong Answer,2104,25716,238,
s331879206,p02791,u245487028,1581359506,C++,C++14 (GCC 5.4.1),cpp,Accepted,58,256,919,
s332789764,p02791,u685009987,1581359094,C++,C++14 (GCC 5.4.1),cpp,Accepted,60,3328,685,
s897474843,p02791,u677695673,1581357843,C++,C++14 (GCC 5.4.1),cpp,Accepted,60,1024,2912,
s211668869,p02791,u834153484,1581357765,Haskell,Haskell (GHC 7.10.3),hs,Accepted,894,38268,141,
s904774664,p02791,u834153484,1581356768,Haskell,Haskell (GHC 7.10.3),hs,Time Limit Exceeded,2110,100988,173,
s409323136,p02791,u558667782,1581356544,C++,C++14 (GCC 5.4.1),cpp,Accepted,60,1024,397,
s751994208,p02791,u834153484,1581356539,Haskell,Haskell (GHC 7.10.3),hs,Time Limit Exceeded,2112,101756,168,
s409483109,p02791,u630096262,1581356209,Python,Python (3.4.3),py,Accepted,110,24744,165,
s046690074,p02791,u558667782,1581355826,C++,C++14 (GCC 5.4.1),cpp,Time Limit Exceeded,2103,1024,448,
s699275140,p02791,u834153484,1581353947,Haskell,Haskell (GHC 7.10.3),hs,Time Limit Exceeded,2105,31356,831,
s233724689,p02791,u516922881,1581353616,C++,C++14 (GCC 5.4.1),cpp,Accepted,62,1024,498,
s342066029,p02791,u834153484,1581353158,Haskell,Haskell (GHC 7.10.3),hs,Time Limit Exceeded,2105,31740,263,
s898904379,p02791,u216491514,1581352982,C++,C++14 (GCC 5.4.1),cpp,Accepted,77,1024,403,
s822334516,p02791,u834153484,1581352588,Haskell,Haskell (GHC 7.10.3),hs,Time Limit Exceeded,2113,100988,194,
s576906070,p02791,u863370423,1581352122,Bash,Bash (GNU bash v4.3.11),sh,Runtime Error,5,752,217,
s164662539,p02791,u750838232,1581350777,Python,Python (3.4.3),py,Accepted,144,24744,181,
s493004230,p02791,u750838232,1581350066,Python,Python (3.4.3),py,Wrong Answer,144,24744,175,
s571275233,p02791,u509392332,1581349921,Python,Python (3.4.3),py,Accepted,111,24744,244,
s897291666,p02791,u833337336,1581349817,C++,C++14 (GCC 5.4.1),cpp,Accepted,16,1024,2706,
s551389377,p02791,u750838232,1581349655,Python,Python (3.4.3),py,Time Limit Exceeded,2104,24744,137,
s253038015,p02791,u131267733,1581348907,Python,Python (3.4.3),py,Accepted,130,24744,166,
s351893894,p02791,u863370423,1581345451,C++,C++14 (GCC 5.4.1),cpp,Accepted,78,256,239,
s734626915,p02791,u556431474,1581344974,C++,C++14 (GCC 5.4.1),cpp,Accepted,77,1024,1264,
s725692828,p02791,u966322470,1581342453,Python,Python (3.4.3),py,Wrong Answer,116,24744,113,
s459076113,p02791,u966322470,1581342343,Python,Python (3.4.3),py,Wrong Answer,110,24744,112,
s769826420,p02791,u384793271,1581342016,Python,Python (3.4.3),py,Accepted,103,24744,165,
s364785281,p02791,u384793271,1581341654,Python,Python (3.4.3),py,Time Limit Exceeded,2104,24744,139,
s320278227,p02791,u384793271,1581340921,Python,Python (3.4.3),py,Time Limit Exceeded,2104,24744,153,
s522730399,p02791,u314087694,1581338169,Java,Java8 (OpenJDK 1.8.0),java,Accepted,576,65572,402,
s841152704,p02791,u437779154,1581337274,C++,C++14 (GCC 5.4.1),cpp,Accepted,62,1024,378,
s051480115,p02791,u437779154,1581337259,C++,C++14 (GCC 5.4.1),cpp,Compile Error,,,377,
s581631629,p02791,u475723390,1581335976,C++,C++14 (GCC 5.4.1),cpp,Accepted,61,1024,345,
s646525361,p02791,u475723390,1581334977,C++,C++14 (GCC 5.4.1),cpp,Time Limit Exceeded,2103,1024,464,
s481281794,p02791,u847681378,1581332814,C++,C++14 (GCC 5.4.1),cpp,Accepted,77,256,314,
s234809161,p02791,u781758937,1581332785,Python,Python (3.4.3),py,Accepted,119,25768,167,
s095231726,p02791,u124762476,1581330588,C++,C++ (GCC 5.4.1),cpp,Accepted,60,1792,324,
s754916864,p02791,u124762476,1581330023,C++,C++ (GCC 5.4.1),cpp,Time Limit Exceeded,2103,3968,347,
s926912831,p02791,u353919145,1581316737,C++,C++14 (GCC 5.4.1),cpp,Accepted,59,256,398,
s838716644,p02791,u353919145,1581316673,C++,C++14 (GCC 5.4.1),cpp,Accepted,66,1792,457,
s966834234,p02791,u863370423,1581311819,C++,C++14 (GCC 5.4.1),cpp,Time Limit Exceeded,2103,3956,594,
s906836231,p02791,u094191970,1581302706,C++,C++14 (GCC 5.4.1),cpp,Accepted,78,256,245,
s756607714,p02791,u816631826,1581301164,C++,C++14 (GCC 5.4.1),cpp,Accepted,18,1024,2112,
s717412295,p02791,u089230684,1581300895,C++,C++14 (GCC 5.4.1),cpp,Wrong Answer,18,1024,2129,
s420380249,p02791,u741104160,1581299384,C++,C++14 (GCC 5.4.1),cpp,Accepted,20,3328,766,
s825739643,p02791,u863370423,1581296249,C++,C++14 (GCC 5.4.1),cpp,Accepted,76,256,283,
s417610148,p02791,u809433990,1581294193,Java,Java8 (OpenJDK 1.8.0),java,Time Limit Exceeded,2109,86996,455,
s256913890,p02791,u816742421,1581294145,C++,C++14 (GCC 5.4.1),cpp,Accepted,76,256,227,
s319925933,p02791,u523146937,1581290659,Rust,Rust (1.15.1),rs,Accepted,14,8444,1043,
s632126259,p02791,u627528006,1581289888,Java,Java8 (OpenJDK 1.8.0),java,Accepted,528,70376,2215,
s506133695,p02791,u569589207,1581285860,C++,C++14 (GCC 5.4.1),cpp,Accepted,79,1024,427,
s545294723,p02791,u569589207,1581284220,C++,C++14 (GCC 5.4.1),cpp,Time Limit Exceeded,2103,1024,386,
s814850523,p02791,u409403493,1581284024,Python,Python (3.4.3),py,Time Limit Exceeded,2104,24744,201,
s949955479,p02791,u569589207,1581283267,C++,C++14 (GCC 5.4.1),cpp,Time Limit Exceeded,2103,1024,414,
s902941040,p02791,u801195984,1581282778,C++,C++14 (GCC 5.4.1),cpp,Accepted,59,1792,678,
s372202862,p02791,u569589207,1581281736,C++,C++14 (GCC 5.4.1),cpp,Wrong Answer,2107,1792,459,
s461596388,p02791,u816631826,1581279739,C++,C++14 (Clang 3.8.0),cpp,Accepted,167,256,242,
s464320216,p02791,u158628538,1581278231,Python,Python (3.4.3),py,Accepted,116,26248,168,
s824803643,p02791,u092646083,1581277160,Python,Python (3.4.3),py,Accepted,168,24744,175,
s930846435,p02791,u771276542,1581277021,Kotlin,Kotlin (1.0.0),kt,Accepted,685,84844,289,
s799324927,p02791,u691036276,1581276966,C,C (GCC 5.4.1),c,Time Limit Exceeded,2103,896,472,
s469183824,p02791,u633402865,1581276740,C++,C++14 (GCC 5.4.1),cpp,Accepted,63,1024,273,
s792049472,p02791,u547614524,1581276731,PHP,PHP (5.6.30),php,Accepted,116,39684,195,
s219900703,p02791,u633402865,1581276572,C++,C++14 (GCC 5.4.1),cpp,Wrong Answer,62,1024,273,
s699772415,p02791,u809967037,1581276380,C++,C++14 (GCC 5.4.1),cpp,Accepted,18,1792,3313,
s648907899,p02791,u691036276,1581276222,C,C (GCC 5.4.1),c,Time Limit Exceeded,2103,896,470,
s337719417,p02791,u691036276,1581276114,C,C (GCC 5.4.1),c,Time Limit Exceeded,2103,896,470,
s248693332,p02791,u051841332,1581276036,C,C (Clang 3.8.0),c,Accepted,22,128,439,
s392025758,p02791,u538400413,1581275947,C++,C++14 (GCC 5.4.1),cpp,Accepted,78,1024,298,
s982423550,p02791,u608053762,1581275798,Python,Python (3.4.3),py,Accepted,190,25768,373,
s206587739,p02791,u691036276,1581275711,C,C (GCC 5.4.1),c,Time Limit Exceeded,2103,896,445,
s132443786,p02791,u691036276,1581275644,C,C (GCC 5.4.1),c,Runtime Error,107,512,445,
s009370550,p02791,u608053762,1581275551,Python,Python (3.4.3),py,Time Limit Exceeded,2104,25768,278,
s533041472,p02791,u608053762,1581275243,Python,Python (3.4.3),py,Runtime Error,36,17940,157,
s625360664,p02791,u141786930,1581275164,Python,Python (3.4.3),py,Accepted,280,34048,256,
s445972324,p02791,u546338822,1581275108,Python,Python (3.4.3),py,Accepted,111,24744,151,
s440306363,p02791,u550374978,1581274608,C++,C++14 (GCC 5.4.1),cpp,Accepted,60,1024,326,
s477695194,p02791,u550374978,1581274576,C++,C++14 (GCC 5.4.1),cpp,Compile Error,,,324,
s145552414,p02791,u446795710,1581274101,C++,C++14 (GCC 5.4.1),cpp,Accepted,60,1024,398,
s200725714,p02791,u691036276,1581274012,C,C (GCC 5.4.1),c,Runtime Error,98,128,441,
s699844923,p02791,u141786930,1581273855,Python,Python (3.4.3),py,Accepted,117,24744,270,
s961724937,p02791,u287920108,1581273629,Python,Python (3.4.3),py,Runtime Error,25,6496,157,
s319466926,p02791,u141786930,1581272943,Python,Python (3.4.3),py,Time Limit Exceeded,2109,34040,262,
s157686799,p02791,u550374978,1581272645,C++,C++14 (GCC 5.4.1),cpp,Time Limit Exceeded,2103,1024,373,
s114819773,p02791,u141786930,1581271906,Python,Python (3.4.3),py,Time Limit Exceeded,2104,24744,244,
s032437024,p02791,u940654002,1581271535,Rust,Rust (1.15.1),rs,Accepted,37,4352,1641,
s016187517,p02791,u141786930,1581271289,Python,Python (3.4.3),py,Time Limit Exceeded,2104,25768,326,
s346415677,p02791,u817421755,1581271189,Rust,Rust (1.15.1),rs,Accepted,13,6396,431,
s769958556,p02791,u091051505,1581270932,C++,C++14 (Clang 3.8.0),cpp,Accepted,166,256,260,
s883781819,p02791,u091051505,1581270659,Python,Python (3.4.3),py,Accepted,105,24744,166,
s376638037,p02791,u321168841,1581267853,C++,C++14 (GCC 5.4.1),cpp,Accepted,62,1024,342,
s064838765,p02791,u408972753,1581267312,C++,C++14 (GCC 5.4.1),cpp,Accepted,76,1024,291,
s232104811,p02791,u408972753,1581266738,C++,C++14 (GCC 5.4.1),cpp,Time Limit Exceeded,2103,1024,360,
s840122800,p02791,u477173650,1581265402,C++,C++14 (Clang 3.8.0),cpp,Accepted,167,1024,332,
s018905247,p02791,u764670939,1581264869,C++,C++14 (GCC 5.4.1),cpp,Accepted,79,1024,328,
s002681994,p02791,u361826811,1581264545,Python,Python (3.4.3),py,Accepted,193,23124,369,
s246832703,p02791,u238312012,1581264356,C++,C++14 (GCC 5.4.1),cpp,Accepted,77,256,379,
s830902260,p02791,u978260507,1581264018,C++,C++14 (GCC 5.4.1),cpp,Accepted,78,256,221,
s481710169,p02791,u305173011,1581263998,C++,C++14 (Clang 3.8.0),cpp,Accepted,22,256,697,
s929089425,p02791,u774652316,1581263374,C++,C++14 (GCC 5.4.1),cpp,Accepted,19,1792,810,
s521566354,p02791,u686303803,1581263359,Awk,Awk (mawk 1.3.3),awk,Accepted,99,256,161,
s714295949,p02791,u766684188,1581263352,Python,PyPy3 (2.4.0),py,Accepted,263,81360,125,
s020281080,p02791,u185948224,1581262905,Python,Python (3.4.3),py,Accepted,112,24744,169,
s278081500,p02791,u943070732,1581262698,C++,C++14 (GCC 5.4.1),cpp,Accepted,20,1792,337,
s551909152,p02791,u486251525,1581261364,Python,Python (3.4.3),py,Accepted,106,24744,164,
s661711095,p02791,u361826811,1581261341,Python,Python (3.4.3),py,Time Limit Exceeded,2104,20408,366,
s290921376,p02791,u141410514,1581260545,Python,Python (3.4.3),py,Accepted,88,17940,146,
s425103691,p02791,u947327691,1581259642,Python,Python (3.4.3),py,Accepted,106,24744,173,
s557742443,p02791,u947327691,1581259289,Python,PyPy3 (2.4.0),py,Time Limit Exceeded,2111,136808,207,
s100836140,p02791,u947327691,1581259241,Python,Python (3.4.3),py,Time Limit Exceeded,2104,24744,208,
s318811861,p02791,u141642872,1581258763,C++,C++14 (GCC 5.4.1),cpp,Accepted,18,1792,481,
s383816044,p02791,u241312295,1581256554,C++,C++14 (GCC 5.4.1),cpp,Accepted,77,1280,631,
s550837493,p02791,u750120744,1581256463,Python,Python (3.4.3),py,Accepted,110,24744,166,
s340831781,p02791,u247552437,1581252793,Python,Python (3.4.3),py,Time Limit Exceeded,2105,17940,502,
s774199036,p02791,u160429264,1581252789,C++,C++14 (GCC 5.4.1),cpp,Accepted,77,256,206,
s175445413,p02791,u247552437,1581252561,Python,Python (3.4.3),py,Runtime Error,36,17940,535,
s132312183,p02791,u633402865,1581251130,C++,C++14 (GCC 5.4.1),cpp,Wrong Answer,60,1024,236,
s446187952,p02791,u633402865,1581251085,C++,C++14 (GCC 5.4.1),cpp,Compile Error,,,234,
s115548402,p02791,u844133200,1581251057,C++,C++14 (GCC 5.4.1),cpp,Accepted,19,1024,1320,
s820144816,p02791,u089230684,1581251050,Bash,Bash (GNU bash v4.3.11),sh,Runtime Error,2,504,222,
s919955102,p02791,u863370423,1581251032,C++,C++14 (GCC 5.4.1),cpp,Time Limit Exceeded,2103,384,397,
s227894156,p02791,u277641173,1581249779,Python,Python (3.4.3),py,Accepted,109,24744,163,
s835875845,p02791,u018679195,1581247826,C++,C++14 (Clang 3.8.0),cpp,Runtime Error,274,256,222,
s496699563,p02791,u089230684,1581247567,Bash,Bash (GNU bash v4.3.11),sh,Runtime Error,3,504,221,
s176597407,p02791,u110653681,1581247006,C++,C++14 (GCC 5.4.1),cpp,Accepted,60,1024,405,
s707922828,p02791,u353919145,1581246987,C++,C++14 (GCC 5.4.1),cpp,Time Limit Exceeded,2103,512,365,
s789121784,p02791,u816631826,1581246959,Bash,Bash (GNU bash v4.3.11),sh,Runtime Error,4,628,221,
s038954831,p02791,u353919145,1581246946,C++,C++14 (GCC 5.4.1),cpp,Wrong Answer,92,1024,585,
s532621093,p02791,u001858868,1581246816,C++,C++14 (GCC 5.4.1),cpp,Accepted,59,256,1235,
s377541835,p02791,u277641173,1581246641,Python,Python (3.4.3),py,Time Limit Exceeded,2104,24744,344,
s504854669,p02791,u001858868,1581246429,C++,C++14 (GCC 5.4.1),cpp,Time Limit Exceeded,2103,1792,1353,
s946122194,p02791,u863370423,1581246228,C++,C++14 (GCC 5.4.1),cpp,Accepted,77,1024,301,
s036393800,p02791,u816631826,1581246048,Bash,Bash (GNU bash v4.3.11),sh,Runtime Error,2,504,299,
s942962775,p02791,u089230684,1581246040,C++,C++14 (GCC 5.4.1),cpp,Accepted,77,1024,448,
s445515361,p02791,u353919145,1581245816,C++,C++14 (GCC 5.4.1),cpp,Accepted,77,1024,296,
s894381281,p02791,u863370423,1581245633,C++,C++14 (GCC 5.4.1),cpp,Time Limit Exceeded,2103,1024,415,
s980433064,p02791,u816631826,1581245444,C++,C++14 (GCC 5.4.1),cpp,Time Limit Exceeded,2103,1024,369,
s672950310,p02791,u353919145,1581245203,C++,C++14 (GCC 5.4.1),cpp,Compile Error,,,345,
s227389467,p02791,u353919145,1581244995,C++,C++14 (GCC 5.4.1),cpp,Accepted,76,256,257,
s876293336,p02791,u863370423,1581244856,C++,C++14 (GCC 5.4.1),cpp,Accepted,77,1024,239,
s662943470,p02791,u277641173,1581244721,Python,Python (3.4.3),py,Time Limit Exceeded,2105,26012,239,
s010630567,p02791,u042751985,1581244524,C++,C++14 (GCC 5.4.1),cpp,Accepted,76,256,393,
s489378683,p02791,u940533000,1581243993,Python,Python (3.4.3),py,Accepted,107,24744,247,
s711953623,p02791,u279464397,1581242957,Java,Java8 (OpenJDK 1.8.0),java,Accepted,485,51196,560,
s839629262,p02791,u279464397,1581242039,Java,Java8 (OpenJDK 1.8.0),java,Wrong Answer,498,51192,815,
s351562994,p02791,u979605701,1581241918,Rust,Rust (1.15.1),rs,Accepted,13,9048,313356,
s139446868,p02791,u962575856,1581241349,C++,C++14 (GCC 5.4.1),cpp,Accepted,76,256,252,
s379384558,p02791,u279464397,1581241013,Java,Java8 (OpenJDK 1.8.0),java,Wrong Answer,2109,49436,673,
s198797647,p02791,u218759384,1581240306,C++,C++14 (GCC 5.4.1),cpp,Accepted,77,384,259,
s506160839,p02791,u586712352,1581233632,C++,C++14 (GCC 5.4.1),cpp,Accepted,78,1024,421,
s530499921,p02791,u373661220,1581224804,C++,C++14 (GCC 5.4.1),cpp,Wrong Answer,61,1024,456,
s675512099,p02791,u373661220,1581224637,C++,C++14 (GCC 5.4.1),cpp,Time Limit Exceeded,2107,1024,454,
s345234002,p02791,u373661220,1581224437,C++,C++14 (GCC 5.4.1),cpp,Wrong Answer,2103,1024,454,
s842743454,p02791,u907172631,1581213831,C++,C++14 (GCC 5.4.1),cpp,Accepted,18,1024,1351,
s450379562,p02791,u907172631,1581213269,C++,C++14 (GCC 5.4.1),cpp,Wrong Answer,28,2168,1420,
s499911321,p02791,u907172631,1581213150,C++,C++14 (GCC 5.4.1),cpp,Wrong Answer,28,2168,1420,
s502174766,p02791,u021107862,1581208009,C++,C++14 (GCC 5.4.1),cpp,Accepted,18,256,1390,
s715469201,p02791,u522643822,1581207440,C++,C++14 (GCC 5.4.1),cpp,Accepted,60,1024,932,
s165183510,p02791,u939633554,1581206451,Python,Python (3.4.3),py,Time Limit Exceeded,2104,24744,203,
s138004965,p02791,u979605701,1581204466,Rust,Rust (1.15.1),rs,Time Limit Exceeded,2115,8828,313423,
s808032859,p02791,u438035643,1581203942,C++,C++14 (GCC 5.4.1),cpp,Accepted,64,1792,273,
s325789134,p02791,u906250335,1581203418,C++,C++14 (GCC 5.4.1),cpp,Accepted,78,256,266,
s716866719,p02791,u266433281,1581201525,C++,C++14 (GCC 5.4.1),cpp,Accepted,59,1024,1133,
s886274298,p02791,u267486271,1581199458,C++,C++14 (GCC 5.4.1),cpp,Accepted,20,1920,1323,
s231553932,p02791,u481657940,1581198347,C++,C++14 (GCC 5.4.1),cpp,Wrong Answer,2103,1024,308,
s886915543,p02791,u481657940,1581198250,C++,C++14 (GCC 5.4.1),cpp,Wrong Answer,2,1024,264,
s102119554,p02791,u481657940,1581198144,C++,C++14 (GCC 5.4.1),cpp,Wrong Answer,2103,1024,267,
s485389843,p02791,u481657940,1581198105,C++,C++14 (GCC 5.4.1),cpp,Compile Error,,,266,
s535968638,p02791,u066369439,1581197905,C++,C++14 (GCC 5.4.1),cpp,Accepted,6,1024,1217,
s172373514,p02791,u340980616,1581197843,C++,C++14 (GCC 5.4.1),cpp,Accepted,59,1792,519,
s928750669,p02791,u858575800,1581196655,C++,C++14 (GCC 5.4.1),cpp,Accepted,79,256,271,
s269806862,p02791,u978260507,1581196079,C++,C++14 (GCC 5.4.1),cpp,Wrong Answer,61,1024,364,
s930519775,p02791,u978260507,1581195702,C++,C++14 (GCC 5.4.1),cpp,Wrong Answer,60,1024,361,
s865550807,p02791,u940533000,1581195643,Python,Python (3.4.3),py,Runtime Error,2104,24744,166,
s222244067,p02791,u337213865,1581195594,C++,C++14 (GCC 5.4.1),cpp,Accepted,77,384,410,
s473476568,p02791,u978260507,1581195543,C++,C++14 (GCC 5.4.1),cpp,Wrong Answer,60,1152,367,
s804865994,p02791,u940533000,1581195341,Python,Python (3.4.3),py,Wrong Answer,2104,26012,234,
s520367140,p02791,u874081650,1581195336,C#,C# (Mono 4.6.2.0),cs,Accepted,110,34012,557,
s991972654,p02791,u978260507,1581195238,C++,C++14 (GCC 5.4.1),cpp,Wrong Answer,61,1152,380,
s403870423,p02791,u940533000,1581195138,Python,Python (3.4.3),py,Wrong Answer,2104,26712,266,
s561123930,p02791,u661738979,1581194306,C++,C++14 (GCC 5.4.1),cpp,Accepted,21,256,626,
s142820281,p02791,u940533000,1581194149,Python,Python (3.4.3),py,Time Limit Exceeded,2104,24744,207,
s036608998,p02791,u661738979,1581194044,C++,C++14 (GCC 5.4.1),cpp,Accepted,21,1024,642,
s744599833,p02791,u940533000,1581193999,Python,Python (3.4.3),py,Wrong Answer,2104,26012,216,
s396353738,p02791,u670133596,1581193207,Python,Python (3.4.3),py,Accepted,119,24744,212,
s029334763,p02791,u670133596,1581192112,Python,Python (3.4.3),py,Time Limit Exceeded,2108,24744,226,
s488063790,p02791,u414821858,1581191973,C++,C++14 (GCC 5.4.1),cpp,Accepted,76,256,340,
s989884974,p02791,u670133596,1581191900,Python,Python (3.4.3),py,Wrong Answer,2104,24744,306,
s954651027,p02791,u411203878,1581191471,Python,Python (3.4.3),py,Accepted,159,24744,236,
s272214685,p02791,u670133596,1581191223,Python,Python (3.4.3),py,Wrong Answer,131,24744,171,
s140658511,p02791,u670133596,1581191105,Python,Python (3.4.3),py,Wrong Answer,134,24744,172,
s750831785,p02791,u522643822,1581186418,C++,C++14 (GCC 5.4.1),cpp,Time Limit Exceeded,2103,1024,394,
s883800773,p02791,u801916231,1581184878,C++,C++ (GCC 5.4.1),cpp,Accepted,67,1024,376,
s661404589,p02791,u024780318,1581182462,PHP,PHP7 (7.0.15),php,Accepted,35,18932,205,
s921862649,p02791,u024780318,1581182020,PHP,PHP7 (7.0.15),php,Time Limit Exceeded,2104,18932,318,
s541547510,p02791,u957084285,1581179781,C++,C++14 (GCC 5.4.1),cpp,Accepted,79,256,787,
s368549866,p02791,u992736202,1581179118,C++,C++14 (GCC 5.4.1),cpp,Accepted,21,256,250,
s441858736,p02791,u815931251,1581178225,Python,Python (3.4.3),py,Accepted,113,24744,203,
s009928680,p02791,u815931251,1581178171,Python,Python (3.4.3),py,Wrong Answer,88,24744,198,
s647299966,p02791,u815931251,1581178114,Python,Python (3.4.3),py,Wrong Answer,88,24744,197,
s601681326,p02791,u815931251,1581177573,Python,Python (3.4.3),py,Time Limit Exceeded,2104,26012,280,
s280914315,p02791,u815931251,1581177283,Python,Python (3.4.3),py,Wrong Answer,2104,24744,282,
s493895432,p02791,u815931251,1581177098,Python,Python (3.4.3),py,Wrong Answer,2104,24744,264,
s928056059,p02791,u988234231,1581175658,Java,Java8 (OpenJDK 1.8.0),java,Accepted,595,85652,765,
s600524673,p02791,u939585142,1581174667,Python,Python (3.4.3),py,Accepted,105,24744,147,
s149710202,p02791,u988234231,1581174642,Java,Java8 (OpenJDK 1.8.0),java,Time Limit Exceeded,2109,86648,722,
s070665436,p02791,u939585142,1581174134,Python,Python (3.4.3),py,Time Limit Exceeded,2104,24744,226,
s073465476,p02791,u685892567,1581173484,C++,C++14 (GCC 5.4.1),cpp,Accepted,59,256,1224,
s110115722,p02791,u988234231,1581173483,Java,Java8 (OpenJDK 1.8.0),java,Time Limit Exceeded,2109,65704,989,
s335402872,p02791,u988234231,1581173420,Java,Java8 (OpenJDK 1.8.0),java,Runtime Error,109,22868,878,
s192949563,p02791,u939585142,1581173407,Python,Python (3.4.3),py,Wrong Answer,2104,24744,218,
s924234438,p02791,u988234231,1581173363,Java,Java8 (OpenJDK 1.8.0),java,Runtime Error,422,22868,1018,
s029547108,p02791,u988234231,1581173106,Java,Java8 (OpenJDK 1.8.0),java,Wrong Answer,2105,74604,985,
s419701774,p02791,u939585142,1581173050,Python,Python (3.4.3),py,Time Limit Exceeded,2104,24744,150,
s056423429,p02791,u939585142,1581173015,Python,Python (3.4.3),py,Runtime Error,66,24744,150,
s612074574,p02791,u023463844,1581172898,C++,C++14 (GCC 5.4.1),cpp,Accepted,80,256,242,
s736449078,p02791,u939585142,1581172869,Python,Python (3.4.3),py,Time Limit Exceeded,2104,24744,130,
s720792252,p02791,u274962354,1581171762,C++,C++14 (GCC 5.4.1),cpp,Accepted,76,256,433,
s646467539,p02791,u058720266,1581170453,C++,C++14 (GCC 5.4.1),cpp,Accepted,21,1024,542,
s007869031,p02791,u422272120,1581169513,Python,Python (3.4.3),py,Accepted,113,24744,176,
s951811165,p02791,u773916255,1581168219,C++,C++14 (GCC 5.4.1),cpp,Accepted,60,1024,610,
s221576276,p02791,u502772848,1581167331,C++,C++14 (GCC 5.4.1),cpp,Accepted,18,256,964,
s512181912,p02791,u116523315,1581165513,C++,C++14 (GCC 5.4.1),cpp,Accepted,76,256,521,
s929411272,p02791,u766393261,1581161972,Python,PyPy3 (2.4.0),py,Time Limit Exceeded,2111,137000,142,
s682131445,p02791,u766393261,1581161541,Python,Python (3.4.3),py,Time Limit Exceeded,2104,24744,142,
s671540702,p02791,u766393261,1581160985,Python,Python (3.4.3),py,Time Limit Exceeded,2104,24744,227,
s431148888,p02791,u766393261,1581160844,Python,Python (3.4.3),py,Wrong Answer,2104,24744,216,
s934566334,p02791,u227722533,1581157696,C++,C++14 (GCC 5.4.1),cpp,Accepted,61,1024,323,
s238789875,p02791,u988234231,1581157188,Java,Java8 (OpenJDK 1.8.0),java,Time Limit Exceeded,2109,64672,838,
s164325050,p02791,u013103635,1581156823,C++,C++14 (GCC 5.4.1),cpp,Accepted,21,1024,329,
s683492619,p02791,u013103635,1581156532,C++,C++14 (GCC 5.4.1),cpp,Wrong Answer,21,1024,305,
s482331929,p02791,u029954196,1581155845,C++,C++ (GCC 5.4.1),cpp,Accepted,20,896,319,
s645231993,p02791,u988234231,1581155218,Java,Java8 (OpenJDK 1.8.0),java,Time Limit Exceeded,2109,64944,776,
s478685937,p02791,u013103635,1581154897,C++,C++14 (GCC 5.4.1),cpp,Wrong Answer,21,1024,293,
s945668742,p02791,u106342872,1581154784,Python,Python (3.4.3),py,Accepted,108,24744,166,
s650998384,p02791,u106342872,1581154054,Python,Python (3.4.3),py,Time Limit Exceeded,2105,24744,186,
s485497736,p02791,u634967948,1581153286,C++,C++14 (GCC 5.4.1),cpp,Accepted,77,256,239,
s018660572,p02791,u634967948,1581152598,C++,C++14 (GCC 5.4.1),cpp,Time Limit Exceeded,2103,1024,359,
s264184462,p02791,u988234231,1581151871,Java,Java8 (OpenJDK 1.8.0),java,Time Limit Exceeded,2109,64960,697,
s673474094,p02791,u806091766,1581147776,C++,C++14 (GCC 5.4.1),cpp,Accepted,97,9728,465,
s282408072,p02791,u802905102,1581142972,C++,C++14 (GCC 5.4.1),cpp,Accepted,60,1792,585,
s323676957,p02791,u024780318,1581137557,PHP,PHP7 (7.0.15),php,Time Limit Exceeded,2104,18932,356,
s120168775,p02791,u863370423,1581134271,Python,Python (3.4.3),py,Accepted,93,24596,165,
s366085495,p02791,u521271286,1581132201,C++,C++14 (GCC 5.4.1),cpp,Accepted,18,256,574,
s072871293,p02791,u521271286,1581131876,C++,C++14 (GCC 5.4.1),cpp,Wrong Answer,18,256,539,
s524066882,p02791,u521271286,1581130383,C++,C++14 (GCC 5.4.1),cpp,Wrong Answer,18,256,527,
s493229946,p02791,u698398824,1581126387,C++,C++14 (GCC 5.4.1),cpp,Wrong Answer,77,1024,278,
s095711883,p02791,u698398824,1581125934,C++,C++14 (GCC 5.4.1),cpp,Wrong Answer,79,1024,278,
s658113338,p02791,u014779044,1581119984,Python,Python (3.4.3),py,Accepted,102,24744,184,
s986314337,p02791,u168774513,1581119743,C++,C++14 (GCC 5.4.1),cpp,Accepted,19,1792,550,
s524078238,p02791,u542064352,1581118643,Ruby,Ruby (2.3.3),rb,Accepted,114,13700,227,
s620703547,p02791,u407814609,1581117601,C++,C++14 (GCC 5.4.1),cpp,Accepted,60,1024,330,
s483314264,p02791,u407814609,1581117498,C++,C++14 (GCC 5.4.1),cpp,Wrong Answer,61,1024,329,
s741935601,p02791,u407814609,1581117475,C++,C++14 (GCC 5.4.1),cpp,Compile Error,,,328,
s630404139,p02791,u407814609,1581117410,C++,C++14 (GCC 5.4.1),cpp,Wrong Answer,61,1152,302,
s905645576,p02791,u698398824,1581117253,C++,C++14 (GCC 5.4.1),cpp,Wrong Answer,78,1024,294,
s303632375,p02791,u407814609,1581116709,C++,C++14 (GCC 5.4.1),cpp,Time Limit Exceeded,2103,1024,435,
s891885152,p02791,u411302151,1581116297,Python,Python (3.4.3),py,Accepted,105,24744,173,
s877987879,p02791,u615833720,1581115959,C++,C++14 (GCC 5.4.1),cpp,Accepted,18,256,1321,
s613573808,p02791,u406634703,1581115641,C++,C++14 (GCC 5.4.1),cpp,Accepted,62,1024,453,
s167135814,p02791,u103557284,1581113033,C++,C++14 (GCC 5.4.1),cpp,Accepted,19,1024,1372,
s187274108,p02791,u153390822,1581105395,C++,C++14 (GCC 5.4.1),cpp,Accepted,61,1792,3194,
s030859363,p02791,u891876603,1581105180,C++,C++14 (GCC 5.4.1),cpp,Accepted,21,256,914,
s224311236,p02791,u442030035,1581101975,C++,C++14 (GCC 5.4.1),cpp,Accepted,19,1024,2368,
s223841537,p02791,u798086274,1581097848,C++,C++14 (GCC 5.4.1),cpp,Accepted,77,256,268,
s437804455,p02791,u451199284,1581096135,C,C (GCC 5.4.1),c,Accepted,22,896,257,
s000857729,p02791,u752074356,1581096070,C++,C++14 (GCC 5.4.1),cpp,Accepted,77,256,330,
s580926631,p02791,u451199284,1581096032,C,C (GCC 5.4.1),c,Wrong Answer,22,896,257,
s401315998,p02791,u451199284,1581095985,C,C (GCC 5.4.1),c,Compile Error,,,256,
s620466526,p02791,u451199284,1581095945,C,C (GCC 5.4.1),c,Compile Error,,,255,
s226416363,p02791,u053909865,1581095736,Python,Python (3.4.3),py,Time Limit Exceeded,2104,24744,169,
s067397994,p02791,u160429264,1581095520,C++,C++14 (GCC 5.4.1),cpp,Time Limit Exceeded,2103,1024,360,
s902397423,p02791,u731448038,1581095417,Python,PyPy3 (2.4.0),py,Accepted,252,75984,144,
s494704778,p02791,u160429264,1581095289,C++,C++14 (GCC 5.4.1),cpp,Time Limit Exceeded,2103,1024,346,
s953262516,p02791,u053909865,1581095212,Python,Python (3.4.3),py,Time Limit Exceeded,2104,24744,168,
s169374470,p02791,u731448038,1581095071,Python,PyPy3 (2.4.0),py,Wrong Answer,243,75472,152,
s837137050,p02791,u731448038,1581094954,Python,PyPy3 (2.4.0),py,Wrong Answer,242,75472,153,
s727794377,p02791,u731448038,1581094856,Python,PyPy3 (2.4.0),py,Wrong Answer,250,75472,151,
s408896619,p02791,u752074356,1581091049,C++,C++14 (GCC 5.4.1),cpp,Time Limit Exceeded,2103,9600,307,
s329235650,p02791,u937275419,1581090131,C++,C++14 (GCC 5.4.1),cpp,Accepted,77,1024,273,
s900713293,p02791,u937275419,1581089538,C++,C++14 (GCC 5.4.1),cpp,Time Limit Exceeded,2103,1024,302,
s833607789,p02791,u150532052,1581088773,C++,C++14 (GCC 5.4.1),cpp,Accepted,62,1792,570,
s488397538,p02791,u388372553,1581088393,C++,C++14 (GCC 5.4.1),cpp,Accepted,60,1792,361,
s482268741,p02791,u388372553,1581087992,C++,C++14 (GCC 5.4.1),cpp,Wrong Answer,60,1792,359,
s723753599,p02791,u388372553,1581087844,C++,C++14 (GCC 5.4.1),cpp,Wrong Answer,61,1792,347,
s321240620,p02791,u218071226,1581086433,Python,Python (3.4.3),py,Accepted,95,24744,141,
s064096628,p02791,u388372553,1581086050,C++,C++14 (GCC 5.4.1),cpp,Time Limit Exceeded,2103,1792,398,
s499755486,p02791,u150532052,1581085803,C++,C++14 (GCC 5.4.1),cpp,Time Limit Exceeded,2103,1024,480,
s951584579,p02791,u137913818,1581083448,Python,PyPy3 (2.4.0),py,Accepted,240,75768,151,
s679917878,p02791,u137913818,1581083350,Python,PyPy3 (2.4.0),py,Wrong Answer,242,75344,143,
s545626776,p02791,u137913818,1581083149,Python,PyPy3 (2.4.0),py,Runtime Error,215,99696,114,
s403135395,p02791,u137913818,1581083126,Python,PyPy3 (2.4.0),py,Runtime Error,172,38384,113,
s610464623,p02791,u140351520,1581081566,C++,C++14 (GCC 5.4.1),cpp,Accepted,77,1024,308,
s424383140,p02791,u140351520,1581081507,C++,C++14 (GCC 5.4.1),cpp,Wrong Answer,77,1024,307,
s349761056,p02791,u802977614,1581078741,Python,Python (3.4.3),py,Accepted,89,24744,137,
s536235311,p02791,u849073847,1581078524,C++,C++14 (GCC 5.4.1),cpp,Accepted,62,1024,255,
s425020132,p02791,u813104775,1581077389,C++,C++14 (GCC 5.4.1),cpp,Accepted,77,1024,253,
s519834294,p02791,u796123030,1581075008,C++,C++14 (GCC 5.4.1),cpp,Accepted,76,256,306,
s674519157,p02791,u322953890,1581074704,Java,Java8 (OpenJDK 1.8.0),java,Accepted,394,56980,886,
s509624708,p02791,u322953890,1581074460,Java,Java8 (OpenJDK 1.8.0),java,Wrong Answer,396,56764,774,
s154410529,p02791,u322953890,1581074369,Java,Java8 (OpenJDK 1.8.0),java,Wrong Answer,410,59256,774,
s715733516,p02791,u322953890,1581074313,Java,Java8 (OpenJDK 1.8.0),java,Compile Error,,,747,
s406454655,p02791,u322953890,1581074172,Java,Java8 (OpenJDK 1.8.0),java,Wrong Answer,394,57020,772,
s669299301,p02791,u404639509,1581073865,Python,Python (3.4.3),py,Accepted,111,24744,139,
s534358200,p02791,u322953890,1581073475,Java,Java8 (OpenJDK 1.8.0),java,Wrong Answer,403,57136,777,
s275857457,p02791,u322953890,1581071952,Java,Java8 (OpenJDK 1.8.0),java,Time Limit Exceeded,2109,58344,779,
s682901691,p02791,u473291366,1581069367,Python,Python (3.4.3),py,Accepted,82,24744,249,
s696882954,p02791,u265981948,1581068913,C++,C++ (GCC 5.4.1),cpp,Accepted,77,256,227,
s859541160,p02791,u661977789,1581062783,Python,Python (3.4.3),py,Wrong Answer,94,17940,117,
s289828849,p02791,u240348415,1581059216,Rust,Rust (1.15.1),rs,Accepted,1314,8828,318636,
s959968495,p02791,u087698257,1581057038,C++,C++14 (GCC 5.4.1),cpp,Accepted,76,256,345,
s196950526,p02791,u495569705,1581048568,C++,C++14 (GCC 5.4.1),cpp,Accepted,62,1024,345,
s522350851,p02791,u321168841,1581045045,C++,C++14 (GCC 5.4.1),cpp,Accepted,60,1152,345,
s611082006,p02791,u218071226,1581041527,Python,Python (3.4.3),py,Wrong Answer,68,24744,92,
s810477238,p02791,u218071226,1581041437,Python,Python (3.4.3),py,Runtime Error,65,24744,110,
s517703071,p02791,u870074807,1581038628,C++,C++14 (GCC 5.4.1),cpp,Accepted,62,1024,464,
s784216820,p02791,u926181697,1581038504,C++,C++14 (GCC 5.4.1),cpp,Time Limit Exceeded,2103,2944,506,
s129472994,p02791,u926181697,1581038367,C++,C++14 (GCC 5.4.1),cpp,Wrong Answer,2103,2816,457,
s693900651,p02791,u750836455,1581038367,C++,C++14 (GCC 5.4.1),cpp,Accepted,18,1792,917,
s247886026,p02791,u926181697,1581038186,Python,PyPy3 (2.4.0),py,Time Limit Exceeded,2107,75472,186,
s157082268,p02791,u870074807,1581038185,C++,C++14 (GCC 5.4.1),cpp,Time Limit Exceeded,2103,1024,467,
s727713936,p02791,u270825463,1581038105,Python,Python (3.4.3),py,Time Limit Exceeded,2104,24744,186,
s305373483,p02791,u926181697,1581037695,Python,Python (3.4.3),py,Accepted,196,24872,223,
s365678004,p02791,u870074807,1581037532,C++,C++14 (GCC 5.4.1),cpp,Time Limit Exceeded,2103,1024,519,
s220222281,p02791,u926181697,1581037277,Python,Python (3.4.3),py,Accepted,154,24744,157,
s879913019,p02791,u143818842,1581034462,C++,C++14 (GCC 5.4.1),cpp,Accepted,19,2420,1941,
s543752599,p02791,u125212320,1581030887,C,C (GCC 5.4.1),c,Accepted,22,128,235,
s378888737,p02791,u857330600,1581024511,Python,Python (3.4.3),py,Accepted,165,24744,242,
s846469784,p02791,u113973663,1581023824,C++,C++14 (GCC 5.4.1),cpp,Time Limit Exceeded,2103,896,406,
s045876278,p02791,u857330600,1581023606,Python,Python (3.4.3),py,Wrong Answer,2104,24744,184,
s828456923,p02791,u249466958,1581021119,C++,C++14 (GCC 5.4.1),cpp,Accepted,77,1024,496,
s916758216,p02791,u249466958,1581021057,C++,C++14 (GCC 5.4.1),cpp,Accepted,77,1024,757,
s334823596,p02791,u665598835,1581020897,Python,Python (3.4.3),py,Accepted,110,24744,201,
s065413205,p02791,u724021453,1581020621,Java,Java8 (OpenJDK 1.8.0),java,Accepted,552,63516,432,
s342218532,p02791,u665598835,1581020276,Python,Python (3.4.3),py,Time Limit Exceeded,2108,24744,214,
s503122122,p02791,u249466958,1581020233,C++,C++14 (GCC 5.4.1),cpp,Time Limit Exceeded,2103,1024,548,
s217531358,p02791,u750332022,1581019822,C++,C++14 (GCC 5.4.1),cpp,Accepted,78,1024,248,
s052651922,p02791,u750332022,1581019572,C++,C++14 (GCC 5.4.1),cpp,Wrong Answer,86,2560,352,
s221600931,p02791,u559683797,1581018615,C#,C# (Mono 4.6.2.0),cs,Accepted,94,31836,546,
s496403590,p02791,u451973336,1581017451,Python,Python (3.4.3),py,Time Limit Exceeded,2106,27792,529,
s848110303,p02791,u225717512,1581013284,C++,C++14 (GCC 5.4.1),cpp,Accepted,77,256,328,
s942604722,p02791,u370608397,1581012315,F#,F# (Mono 4.0),fs,Accepted,132,34268,368,
s089740819,p02791,u508688268,1581010050,C++,C++14 (GCC 5.4.1),cpp,Accepted,18,1024,397,
s885582254,p02791,u432579356,1581009946,C++,C++14 (GCC 5.4.1),cpp,Accepted,60,1024,337,
s623057455,p02791,u432579356,1581009884,C++,C++14 (GCC 5.4.1),cpp,Wrong Answer,59,1024,314,
s613703411,p02791,u390694622,1581009282,Go,Go (1.6),go,Accepted,40,3584,692,
s399606292,p02791,u254886300,1581008462,C++,C++14 (GCC 5.4.1),cpp,Accepted,18,256,442,
s633685020,p02791,u188477322,1581007565,C++,C++14 (GCC 5.4.1),cpp,Accepted,78,256,263,
s337172358,p02791,u668650380,1581007514,C++,C++14 (GCC 5.4.1),cpp,Accepted,77,256,252,
s518586650,p02791,u624190157,1581006824,Python,Python (3.4.3),py,Accepted,114,24744,147,
s810859740,p02791,u177112986,1581006226,C++,C++14 (GCC 5.4.1),cpp,Accepted,58,256,797,
s426803004,p02791,u624190157,1581006216,Python,Python (3.4.3),py,Time Limit Exceeded,2104,24744,212,
s064551634,p02791,u885440767,1581005138,Python,Python (3.4.3),py,Accepted,113,24744,141,
s908991702,p02791,u539916870,1581004054,C++,C++14 (GCC 5.4.1),cpp,Accepted,20,128,250,
s788887510,p02791,u375477204,1581003963,Python,Python (3.4.3),py,Accepted,108,24744,145,
s815693567,p02791,u370217787,1581003567,Python,Python (3.4.3),py,Time Limit Exceeded,2108,34120,190,
s066495692,p02791,u624190157,1581003393,Python,Python (3.4.3),py,Runtime Error,17,3060,226,
s782391389,p02791,u495267515,1581002806,C++,C++14 (GCC 5.4.1),cpp,Accepted,60,1792,4526,
s157186465,p02791,u624190157,1581002362,Python,Python (3.4.3),py,Runtime Error,17,3060,201,
s954848645,p02791,u789757333,1581001655,C++,C++14 (GCC 5.4.1),cpp,Accepted,78,1024,344,
s411218260,p02791,u779303473,1581001472,C++,C++14 (GCC 5.4.1),cpp,Accepted,19,1024,1186,
s411367876,p02791,u624190157,1581001035,Python,Python (3.4.3),py,Runtime Error,17,3060,187,
s079945565,p02791,u789757333,1581000937,C++,C++14 (GCC 5.4.1),cpp,Wrong Answer,77,1024,359,
s809136152,p02791,u789757333,1581000690,C++,C++14 (GCC 5.4.1),cpp,Wrong Answer,77,1024,356,
s407765809,p02791,u789757333,1581000501,C++,C++14 (GCC 5.4.1),cpp,Wrong Answer,77,1024,340,
s046220926,p02791,u492926158,1581000224,C++,C++14 (GCC 5.4.1),cpp,Accepted,63,1024,298,
s941664495,p02791,u716529032,1580999527,Python,Python (3.4.3),py,Accepted,94,24744,136,
s674238854,p02791,u236537278,1580993747,C++,C++ (GCC 5.4.1),cpp,Accepted,78,1024,323,
s069535103,p02791,u178192749,1580993730,Python,Python (3.4.3),py,Accepted,97,24744,151,
s506664495,p02791,u178192749,1580993701,Python,Python (3.4.3),py,Runtime Error,64,24744,150,
s180299484,p02791,u922299074,1580992799,C++,C++14 (GCC 5.4.1),cpp,Time Limit Exceeded,2103,1024,398,
s085823477,p02791,u828606451,1580992524,Python,Python (3.4.3),py,Accepted,110,24744,151,
s996282139,p02791,u346640001,1580986991,C,C (GCC 5.4.1),c,Accepted,22,128,272,
s393192762,p02791,u729695898,1580986780,C++,C++14 (GCC 5.4.1),cpp,Accepted,61,1024,329,
s732789644,p02791,u236537278,1580985743,C++,C++ (GCC 5.4.1),cpp,Time Limit Exceeded,2103,1024,373,
s572285969,p02791,u855393458,1580984943,Python,Python (3.4.3),py,Accepted,116,24744,166,
s294391667,p02791,u236537278,1580984024,C++,C++ (GCC 5.4.1),cpp,Time Limit Exceeded,2103,1024,348,
s566119001,p02791,u855393458,1580983363,Python,Python (3.4.3),py,Time Limit Exceeded,2104,24744,192,
s840241804,p02791,u236537278,1580981683,C++,C++ (GCC 5.4.1),cpp,Time Limit Exceeded,2103,1024,344,
s395765534,p02791,u236537278,1580981293,C++,C++ (GCC 5.4.1),cpp,Time Limit Exceeded,2107,1024,351,
s575241867,p02791,u236537278,1580980915,C++,C++ (GCC 5.4.1),cpp,Time Limit Exceeded,2103,1024,391,
s132890097,p02791,u091381267,1580980712,Lisp,Common Lisp (SBCL 1.1.14),l,Accepted,405,59752,424,
s874967344,p02791,u091381267,1580980571,Lisp,Common Lisp (SBCL 1.1.14),l,Time Limit Exceeded,2105,59752,392,
s318253178,p02791,u936774151,1580979178,Java,Java8 (OpenJDK 1.8.0),java,Accepted,393,59048,420,
s884407860,p02791,u091381267,1580979068,Lisp,Common Lisp (SBCL 1.1.14),l,Wrong Answer,2104,59752,377,
s445487650,p02791,u936774151,1580979043,Java,Java8 (OpenJDK 1.8.0),java,Compile Error,,,421,
s411408421,p02791,u018679195,1580978947,Python,Python (3.4.3),py,Accepted,103,24596,353,
s883255235,p02791,u863370423,1580978718,Python,Python (3.4.3),py,Wrong Answer,96,24436,287,
s786577196,p02791,u811652110,1580978021,Java,Java8 (OpenJDK 1.8.0),java,Accepted,584,91904,448,
s602729885,p02791,u244908700,1580977994,Python,Python (3.4.3),py,Accepted,110,24744,148,
s583734510,p02791,u244908700,1580977866,Python,Python (3.4.3),py,Wrong Answer,17,3060,136,
s924575669,p02791,u811652110,1580977835,Java,Java8 (OpenJDK 1.8.0),java,Compile Error,,,448,
s833201496,p02791,u811652110,1580977575,Java,Java8 (OpenJDK 1.8.0),java,Compile Error,,,394,
s233478223,p02791,u811652110,1580977548,C++,C++14 (GCC 5.4.1),cpp,Compile Error,,,394,
s390322261,p02791,u791883159,1580971816,C++,C++14 (GCC 5.4.1),cpp,Wrong Answer,79,1792,262,
s972454313,p02791,u834138851,1580971454,C++,C++14 (GCC 5.4.1),cpp,Accepted,78,256,907,
s317880200,p02791,u791883159,1580970855,C++,C++14 (GCC 5.4.1),cpp,Wrong Answer,78,1792,304,
s976967151,p02791,u898595510,1580954754,C++,C++14 (GCC 5.4.1),cpp,Accepted,77,256,288,
s355081797,p02791,u064069009,1580951123,C++,C++14 (GCC 5.4.1),cpp,Accepted,76,1024,344,
s258421041,p02791,u064069009,1580948877,C++,C++14 (GCC 5.4.1),cpp,Wrong Answer,77,1024,284,
s897033895,p02791,u475007080,1580943653,C++,C++14 (GCC 5.4.1),cpp,Accepted,30,3328,1745,
s762543107,p02791,u331991493,1580942800,Python,PyPy3 (2.4.0),py,Accepted,307,88008,261,
s958291216,p02791,u523545435,1580942766,Python,Python (3.4.3),py,Accepted,108,24744,151,
s731824963,p02791,u331991493,1580942566,Python,PyPy3 (2.4.0),py,Wrong Answer,249,76624,291,
s736806537,p02791,u115609034,1580941842,C++,C++14 (GCC 5.4.1),cpp,Accepted,77,1024,221,
s045519499,p02791,u032468447,1580941832,Python,Python (3.4.3),py,Time Limit Exceeded,2104,24744,162,
s000880599,p02791,u790457721,1580941669,Julia,Julia (0.5.0),jl,Accepted,962,168700,251,
s326198319,p02791,u200123768,1580941198,C++,C++ (GCC 5.4.1),cpp,Accepted,61,1400,812,
s188753430,p02791,u790457721,1580940994,Julia,Julia (0.5.0),jl,Time Limit Exceeded,2129,317944,232,
s358752996,p02791,u200123768,1580940860,C++,C++ (GCC 5.4.1),cpp,Time Limit Exceeded,2103,1400,923,
s220306666,p02791,u790457721,1580940326,Julia,Julia (0.5.0),jl,Time Limit Exceeded,2112,152368,310,
s299575894,p02791,u801513186,1580938824,C++,C++14 (GCC 5.4.1),cpp,Accepted,59,256,1013,
s849468096,p02791,u200123768,1580938327,C++,C++ (GCC 5.4.1),cpp,Time Limit Exceeded,2103,1400,822,
s976218771,p02791,u801513186,1580938232,C++,C++14 (GCC 5.4.1),cpp,Wrong Answer,59,256,1019,
s594141876,p02791,u557389356,1580937618,C++,C++14 (GCC 5.4.1),cpp,Accepted,59,1792,281,
s765729065,p02791,u880221923,1580937255,C++,C++14 (GCC 5.4.1),cpp,Accepted,78,256,479,
s680151906,p02791,u880221923,1580937103,C++,C++14 (GCC 5.4.1),cpp,Wrong Answer,77,256,493,
s961911469,p02791,u880221923,1580936963,C++,C++14 (GCC 5.4.1),cpp,Wrong Answer,76,256,491,
s122543839,p02791,u557389356,1580936781,C++,C++14 (GCC 5.4.1),cpp,Time Limit Exceeded,2103,1792,291,
s405890723,p02791,u880221923,1580936717,C++,C++14 (GCC 5.4.1),cpp,Time Limit Exceeded,2103,1024,549,
s111099374,p02791,u880221923,1580936671,C++,C++14 (GCC 5.4.1),cpp,Wrong Answer,63,1024,553,
s295549316,p02791,u557389356,1580936527,C++,C++14 (GCC 5.4.1),cpp,Time Limit Exceeded,2103,1024,271,
s157766983,p02791,u729133443,1580933147,Nim,Nim (0.13.0),nim,Accepted,32,13820,180,
s902026942,p02791,u591088442,1580932277,C++,C++14 (GCC 5.4.1),cpp,Accepted,77,256,280,
s977054597,p02791,u332385682,1580927147,D,D (DMD64 v2.070.1),d,Accepted,39,11280,1433,
s932469864,p02791,u283285729,1580926230,C,C (GCC 5.4.1),c,Accepted,23,896,298,
s796517958,p02791,u326954530,1580925776,C++,C++14 (GCC 5.4.1),cpp,Accepted,76,1024,442,
s789612034,p02791,u326954530,1580925526,C++,C++14 (GCC 5.4.1),cpp,Time Limit Exceeded,2103,1024,489,
s718503287,p02791,u391589398,1580924545,Python,PyPy3 (2.4.0),py,Time Limit Exceeded,2112,138100,171,
s914825285,p02791,u283285729,1580924407,C,C (GCC 5.4.1),c,Time Limit Exceeded,2103,896,335,
s610494020,p02791,u845937249,1580923712,C++,C++14 (GCC 5.4.1),cpp,Accepted,60,1024,459,
s286503997,p02791,u145635628,1580919463,Go,Go (1.6),go,Accepted,945,6400,263,
s912981968,p02791,u145635628,1580918686,Go,Go (1.6),go,Time Limit Exceeded,2108,4992,517,
s992310160,p02791,u791883159,1580917861,C++,C++14 (GCC 5.4.1),cpp,Wrong Answer,76,1792,304,
s554287767,p02791,u791883159,1580917825,C++,C++14 (GCC 5.4.1),cpp,Compile Error,,,298,
s733522338,p02791,u338824669,1580917708,Python,Python (3.4.3),py,Runtime Error,2104,26012,219,
s627732184,p02791,u145635628,1580917359,Go,Go (1.6),go,Time Limit Exceeded,2108,4992,433,
s358079118,p02791,u338824669,1580917348,Python,Python (3.4.3),py,Time Limit Exceeded,2104,24744,121,
s367247603,p02791,u145635628,1580917323,Go,Go (1.6),go,Compile Error,,,432,
s559615837,p02791,u791883159,1580917237,C++,C++14 (GCC 5.4.1),cpp,Wrong Answer,77,1792,242,
s084032193,p02791,u145635628,1580917133,Go,Go (1.6),go,Compile Error,,,434,
s858573742,p02791,u791883159,1580916938,C++,C++14 (GCC 5.4.1),cpp,Wrong Answer,78,1792,242,
s256310776,p02791,u145635628,1580916739,Go,Go (1.6),go,Time Limit Exceeded,2108,7040,329,
s432631488,p02791,u682997551,1580913621,Python,Python (3.4.3),py,Accepted,126,24744,156,
s972310203,p02791,u870559097,1580913158,Python,Python (3.4.3),py,Wrong Answer,111,24744,151,
s267760993,p02791,u870559097,1580912781,Python,Python (3.4.3),py,Wrong Answer,111,24744,153,
s911838997,p02791,u870559097,1580912423,Python,Python (3.4.3),py,Wrong Answer,112,24744,153,
s478088835,p02791,u682997551,1580912383,Python,Python (3.4.3),py,Wrong Answer,105,19140,150,
s905928071,p02791,u870559097,1580912381,Python,Python (3.4.3),py,Wrong Answer,114,24744,152,
s711004543,p02791,u338771436,1580911663,C++,C++14 (GCC 5.4.1),cpp,Accepted,76,256,263,
s165398976,p02791,u379142263,1580909445,Python,Python (3.4.3),py,Accepted,110,24744,162,
s752538571,p02791,u588749694,1580909021,Python,Python (3.4.3),py,Time Limit Exceeded,2104,24744,149,
s397236688,p02791,u132894387,1580908870,C++,C++14 (GCC 5.4.1),cpp,Time Limit Exceeded,2103,1152,400,
s980060029,p02791,u588749694,1580908817,Python,Python (3.4.3),py,Time Limit Exceeded,2104,24744,194,
s207021895,p02791,u588749694,1580907726,Python,Python (3.4.3),py,Time Limit Exceeded,2104,24744,184,
s025954989,p02791,u521712919,1580907695,C++,C++14 (GCC 5.4.1),cpp,Accepted,77,1024,289,
s627626865,p02791,u132894387,1580907462,C++,C++14 (GCC 5.4.1),cpp,Wrong Answer,2103,1024,394,
s551234656,p02791,u132894387,1580907004,C++,C++14 (GCC 5.4.1),cpp,Time Limit Exceeded,2103,1024,330,
s903741485,p02791,u376859266,1580904140,C++,C++14 (GCC 5.4.1),cpp,Accepted,62,1024,325,
s031028118,p02791,u376859266,1580903938,C++,C++14 (GCC 5.4.1),cpp,Wrong Answer,59,1792,359,
s593919487,p02791,u295946532,1580903736,Go,Go (1.6),go,Accepted,40,2048,1935,
s713615671,p02791,u376859266,1580903677,C++,C++14 (GCC 5.4.1),cpp,Wrong Answer,77,1024,362,
s534378552,p02791,u863119020,1580898181,Python,Python (3.4.3),py,Accepted,104,24744,178,
s376578423,p02791,u510383220,1580895234,C++,C++14 (GCC 5.4.1),cpp,Accepted,66,1024,551,
s690529832,p02791,u510383220,1580894742,C++,C++14 (GCC 5.4.1),cpp,Time Limit Exceeded,2103,1024,602,
s788601611,p02791,u791883159,1580891461,C++,C++14 (GCC 5.4.1),cpp,Wrong Answer,77,1792,241,
s511585004,p02791,u791883159,1580890597,C++,C++14 (GCC 5.4.1),cpp,Wrong Answer,77,1792,239,
s355229592,p02791,u902544771,1580884168,Python,Python (3.4.3),py,Accepted,121,24744,174,
s859284167,p02791,u500006160,1580873782,Python,Python (3.4.3),py,Accepted,98,24744,663,
s164427197,p02791,u625436307,1580872977,Java,Java8 (OpenJDK 1.8.0),java,Accepted,562,65784,566,
s174785484,p02791,u670925964,1580864287,C,C (GCC 5.4.1),c,Accepted,22,896,349,
s845631783,p02791,u321168841,1580863604,C++,C++14 (GCC 5.4.1),cpp,Accepted,62,1152,344,
s774522632,p02791,u670925964,1580863575,C,C (GCC 5.4.1),c,Time Limit Exceeded,2103,896,399,
s582069491,p02791,u670925964,1580863366,C,C (GCC 5.4.1),c,Time Limit Exceeded,2103,896,402,
s635480619,p02791,u932465688,1580861099,Python,Python (3.4.3),py,Accepted,104,24744,156,
s145610494,p02791,u159757494,1580860250,C++,C++14 (Clang 3.8.0),cpp,Accepted,164,1920,3512,
s652719811,p02791,u865456985,1580853947,C,C (GCC 5.4.1),c,Accepted,22,896,314,
s612255164,p02791,u642229303,1580853754,C++,C++14 (GCC 5.4.1),cpp,Accepted,76,1024,305,
s924104151,p02791,u865456985,1580853566,C,C (GCC 5.4.1),c,Time Limit Exceeded,2103,896,337,
s830324762,p02791,u854549222,1580853469,C++,C++14 (GCC 5.4.1),cpp,Accepted,63,1024,352,
s221722777,p02791,u415888833,1580853431,Python,PyPy3 (2.4.0),py,Accepted,244,75472,206,
s988748205,p02791,u854549222,1580853367,Python,Python (3.4.3),py,Runtime Error,17,2940,352,
s516496002,p02791,u854549222,1580853021,Python,Python (3.4.3),py,Accepted,105,24744,194,
s780377506,p02791,u808757777,1580852993,Python,Python (3.4.3),py,Accepted,115,24744,166,
s656674405,p02791,u808757777,1580852848,Python,Python (3.4.3),py,Wrong Answer,112,25768,166,
s625484278,p02791,u808757777,1580852630,Python,Python (3.4.3),py,Time Limit Exceeded,2104,24744,149,
s727535572,p02791,u854549222,1580852351,C++,C++14 (GCC 5.4.1),cpp,Time Limit Exceeded,2103,1024,361,
s617631415,p02791,u854549222,1580851857,Python,Python (3.4.3),py,Time Limit Exceeded,2104,24744,158,
s509777118,p02791,u480887263,1580851326,C++,C++14 (GCC 5.4.1),cpp,Accepted,67,1024,372,
s240975753,p02791,u837745858,1580848496,C++,C++14 (GCC 5.4.1),cpp,Accepted,63,1024,330,
s489833163,p02791,u415888833,1580848218,Python,PyPy3 (2.4.0),py,Wrong Answer,250,76496,240,
s818424302,p02791,u053363329,1580848044,C++,C++14 (GCC 5.4.1),cpp,Accepted,18,256,265,
s023125842,p02791,u582357587,1580847648,C++,C++ (GCC 5.4.1),cpp,Accepted,60,1792,309,
s920898179,p02791,u883203948,1580847382,Python,Python (3.4.3),py,Accepted,135,24744,194,
s055637919,p02791,u234189749,1580842167,Python,Python (3.4.3),py,Accepted,114,24744,158,
s446499858,p02791,u234189749,1580842065,Python,Python (3.4.3),py,Time Limit Exceeded,2104,26012,138,
s310125222,p02791,u234189749,1580841673,Python,Python (3.4.3),py,Time Limit Exceeded,2105,24744,141,
s194456959,p02791,u234189749,1580841523,Python,Python (3.4.3),py,Wrong Answer,2108,25768,167,
s607292473,p02791,u648257619,1580839347,Python,Python (3.4.3),py,Accepted,169,24744,165,
s147063624,p02791,u648257619,1580839188,Python,Python (3.4.3),py,Time Limit Exceeded,2104,25768,144,
s081877619,p02791,u165212329,1580836924,C++,C++14 (GCC 5.4.1),cpp,Accepted,19,1792,634,
s959844728,p02791,u165212329,1580836869,C++,C++14 (GCC 5.4.1),cpp,Wrong Answer,19,1792,632,
s067847276,p02791,u165212329,1580836813,C++,C++14 (GCC 5.4.1),cpp,Wrong Answer,94,3072,312,
s961509091,p02791,u397384480,1580834256,Python,PyPy3 (2.4.0),py,Accepted,244,75472,162,
s342606207,p02791,u825842302,1580834163,Python,Python (3.4.3),py,Accepted,178,26012,288,
s219414777,p02791,u397384480,1580833859,Python,PyPy3 (2.4.0),py,Time Limit Exceeded,2112,137836,175,
s684905178,p02791,u854549222,1580833748,Python,Python (3.4.3),py,Time Limit Exceeded,2105,25836,185,
s811044042,p02791,u825842302,1580833664,Python,Python (3.4.3),py,Time Limit Exceeded,2104,24744,146,
s323581866,p02791,u854549222,1580833082,Python,Python (3.4.3),py,Time Limit Exceeded,2105,25640,265,
s301591913,p02791,u111365362,1580832315,Python,Python (3.4.3),py,Accepted,109,24744,149,
s038096019,p02791,u743002816,1580829366,C++,C++14 (GCC 5.4.1),cpp,Wrong Answer,62,1792,253,
s540059951,p02791,u743002816,1580829202,C++,C++14 (GCC 5.4.1),cpp,Wrong Answer,60,1792,252,
s465753383,p02791,u662918817,1580827244,C++,C++14 (GCC 5.4.1),cpp,Accepted,19,1792,1005,
s233459890,p02791,u434623366,1580823719,C++,C++14 (GCC 5.4.1),cpp,Time Limit Exceeded,2103,1024,510,
s645127212,p02791,u434623366,1580821892,C++,C++14 (GCC 5.4.1),cpp,Time Limit Exceeded,2103,1024,405,
s980269082,p02791,u434623366,1580821742,C++,C++14 (GCC 5.4.1),cpp,Time Limit Exceeded,2103,1024,388,
s626499204,p02791,u843125357,1580820951,Java,Java8 (OpenJDK 1.8.0),java,Accepted,583,62860,471,
s578095891,p02791,u843125357,1580820258,Java,Java8 (OpenJDK 1.8.0),java,Time Limit Exceeded,2109,65572,681,
s450127354,p02791,u164029270,1580820187,Python,Python (3.4.3),py,Accepted,113,24744,162,
s263122765,p02791,u164029270,1580820144,Python,Python (3.4.3),py,Wrong Answer,115,25768,161,
s521321476,p02791,u164029270,1580819433,Python,Python (3.4.3),py,Time Limit Exceeded,2104,24744,188,
s453264450,p02791,u366427491,1580819391,C++,C++14 (GCC 5.4.1),cpp,Accepted,63,1024,377,
s913316382,p02791,u164029270,1580819260,Python,Python (3.4.3),py,Time Limit Exceeded,2105,24744,160,
s060586383,p02791,u887563701,1580817629,C++,C++14 (GCC 5.4.1),cpp,Accepted,63,1024,248,
s050117954,p02791,u902544771,1580817220,Python,Python (3.4.3),py,Time Limit Exceeded,2104,24744,220,
s690489126,p02791,u303384315,1580815110,Python,Python (3.4.3),py,Accepted,104,24744,201,
s246262240,p02791,u436611990,1580814958,Python,Python (3.4.3),py,Accepted,102,24744,203,
s531297567,p02791,u436611990,1580814527,Python,Python (3.4.3),py,Wrong Answer,99,24744,210,
s881111031,p02791,u902544771,1580813825,Python,Python (3.4.3),py,Time Limit Exceeded,2104,24744,177,
s954342725,p02791,u268318377,1580805231,Python,Python (3.4.3),py,Accepted,97,24744,224,
s402889730,p02791,u268318377,1580804660,Python,Python (3.4.3),py,Time Limit Exceeded,2104,24872,179,
s456001979,p02791,u303039933,1580803664,Python,PyPy3 (2.4.0),py,Accepted,272,71660,3021,
s418318509,p02791,u221391729,1580802272,C++,C++14 (GCC 5.4.1),cpp,Accepted,77,1792,321,
s887506052,p02791,u221391729,1580801525,C++,C++14 (GCC 5.4.1),cpp,Wrong Answer,77,1792,329,
s298365454,p02791,u221391729,1580801485,C++,C++14 (GCC 5.4.1),cpp,Compile Error,,,330,
s738957828,p02791,u867848444,1580798844,Python,Python (3.4.3),py,Accepted,107,24744,147,
s803921579,p02791,u867848444,1580798517,Python,Python (3.4.3),py,Time Limit Exceeded,2104,24744,225,
s635719786,p02791,u054501336,1580798148,C++,C++14 (GCC 5.4.1),cpp,Accepted,76,1024,936,
s296228814,p02791,u312025627,1580798057,Python,PyPy3 (2.4.0),py,Accepted,242,75984,230,
s177993647,p02791,u221391729,1580792513,C++,C++14 (GCC 5.4.1),cpp,Time Limit Exceeded,2107,1024,350,
s905070545,p02791,u221391729,1580792478,C++,C++14 (GCC 5.4.1),cpp,Compile Error,,,350,
s330738653,p02791,u221391729,1580792254,C++,C++14 (GCC 5.4.1),cpp,Runtime Error,102,256,349,
s594643817,p02791,u221391729,1580792211,C++,C++14 (GCC 5.4.1),cpp,Compile Error,,,350,
s701000811,p02791,u386027192,1580783874,Python,Python (3.4.3),py,Accepted,152,24744,138,
s113307577,p02791,u386027192,1580782681,Python,Python (3.4.3),py,Wrong Answer,111,24744,121,
s886441711,p02791,u386027192,1580782579,Python,Python (3.4.3),py,Wrong Answer,117,24744,122,
s123144699,p02791,u811730649,1580782510,C++,C++14 (GCC 5.4.1),cpp,Accepted,59,1792,290,
s954186791,p02791,u321168841,1580782305,C++,C++14 (GCC 5.4.1),cpp,Accepted,63,1024,345,
s010149710,p02791,u730564130,1580782288,C++,C++14 (GCC 5.4.1),cpp,Accepted,78,1024,603,
s178130057,p02791,u730564130,1580781677,C++,C++14 (GCC 5.4.1),cpp,Time Limit Exceeded,2103,1024,467,
s568115171,p02791,u730564130,1580781015,C++,C++14 (GCC 5.4.1),cpp,Time Limit Exceeded,2103,1024,386,
s906094833,p02791,u730564130,1580780523,C++,C++14 (GCC 5.4.1),cpp,Wrong Answer,2103,1024,390,
s662912027,p02791,u005906204,1580780158,C++,C++14 (GCC 5.4.1),cpp,Accepted,62,3456,544,
s833677055,p02791,u005906204,1580779987,C++,C++14 (GCC 5.4.1),cpp,Wrong Answer,64,3328,544,
s218271387,p02791,u005906204,1580779942,C++,C++14 (GCC 5.4.1),cpp,Compile Error,,,545,
s465748123,p02791,u376348462,1580779648,C++,C++14 (GCC 5.4.1),cpp,Accepted,77,1792,526,
s227703547,p02791,u376348462,1580778489,C++,C++14 (GCC 5.4.1),cpp,Time Limit Exceeded,2103,1024,509,
s628609027,p02791,u627528006,1580778411,Java,Java8 (OpenJDK 1.8.0),java,Time Limit Exceeded,2109,68412,1445,
s691431730,p02791,u627528006,1580778299,Java,Java8 (OpenJDK 1.8.0),java,Compile Error,,,1470,
s975475027,p02791,u608257553,1580778116,Java,Java8 (OpenJDK 1.8.0),java,Accepted,605,61884,1099,
s588712563,p02791,u005906204,1580777352,C++,C++14 (GCC 5.4.1),cpp,Time Limit Exceeded,2103,1792,521,
s524018686,p02791,u844789719,1580775219,Python,Python (3.4.3),py,Accepted,118,25124,157,
s709196605,p02791,u178586376,1580771397,Java,Java8 (OpenJDK 1.8.0),java,Accepted,474,51476,1205,
s392708053,p02791,u826929627,1580769365,Python,Python (3.4.3),py,Accepted,112,24744,189,
s687041663,p02791,u870559097,1580767823,Python,Python (3.4.3),py,Wrong Answer,64,24744,170,
s671769250,p02791,u717864577,1580766972,C++,C++14 (GCC 5.4.1),cpp,Accepted,60,1792,809,
s191418923,p02791,u469574680,1580766893,Python,Python (3.4.3),py,Accepted,118,24744,228,
s994600292,p02791,u265686269,1580766616,Python,Python (3.4.3),py,Time Limit Exceeded,2104,24744,257,
s429293884,p02791,u339791405,1580766494,Ruby,Ruby (2.3.3),rb,Accepted,180,19204,175,
s018119500,p02791,u020816367,1580765937,C++,C++14 (GCC 5.4.1),cpp,Accepted,61,1920,422,
s002298584,p02791,u435876834,1580765594,C++,C++14 (GCC 5.4.1),cpp,Accepted,62,1024,327,
s771942122,p02791,u435876834,1580765524,C++,C++14 (GCC 5.4.1),cpp,Wrong Answer,60,1024,327,
s204089227,p02791,u956865570,1580764828,C,C (GCC 5.4.1),c,Accepted,21,128,3420,
s824684292,p02791,u397763977,1580763985,Ruby,Ruby (2.3.3),rb,Accepted,98,15228,123,
s198106312,p02791,u626464560,1580762739,Python,Python (3.4.3),py,Accepted,90,24744,257,
s957171141,p02791,u626464560,1580762580,Python,Python (3.4.3),py,Time Limit Exceeded,2105,25716,364,
s506861628,p02791,u626464560,1580762008,Python,Python (3.4.3),py,Time Limit Exceeded,2104,24744,297,
s554685741,p02791,u729695898,1580760888,C++,C++14 (GCC 5.4.1),cpp,Accepted,63,1024,331,
s302577667,p02791,u305384049,1580760032,Java,Java8 (OpenJDK 1.8.0),java,Accepted,195,47592,2137,
s291009360,p02791,u334773822,1580757334,C++,C++14 (GCC 5.4.1),cpp,Accepted,18,1792,2281,
s646394259,p02791,u543167400,1580756429,Haskell,Haskell (GHC 7.10.3),hs,Accepted,24,4348,296,
s851747631,p02791,u057611820,1580752469,C++,C++14 (GCC 5.4.1),cpp,Accepted,60,1024,952,
s694511247,p02791,u695544158,1580751638,C,C (Clang 3.8.0),c,Accepted,25,896,1481,
s272960456,p02791,u047197186,1580750355,Python,Python (3.4.3),py,Accepted,121,24744,203,
s994826239,p02791,u047197186,1580750102,Python,Python (3.4.3),py,Time Limit Exceeded,2104,25768,200,
s805287783,p02791,u047197186,1580749998,Python,Python (3.4.3),py,Time Limit Exceeded,2104,25768,188,
s703887414,p02791,u252854929,1580748390,Go,Go (1.6),go,Wrong Answer,2107,3584,630,
s891824798,p02791,u252854929,1580748247,Go,Go (1.6),go,Wrong Answer,2107,3584,601,
s604095438,p02791,u437622890,1580748125,C++,C++14 (GCC 5.4.1),cpp,Accepted,59,1792,477,
s095926824,p02791,u252854929,1580748058,Go,Go (1.6),go,Wrong Answer,2107,3584,630,
s543453830,p02791,u875463013,1580747825,Rust,Rust (1.15.1),rs,Accepted,14,8444,2726,
s027320701,p02791,u875463013,1580747390,Rust,Rust (1.15.1),rs,Wrong Answer,14,8444,2683,
s708007671,p02791,u875463013,1580747323,Rust,Rust (1.15.1),rs,Wrong Answer,14,8444,2635,
s716519161,p02791,u339558464,1580746728,C++,C++14 (GCC 5.4.1),cpp,Accepted,63,1024,1104,
s700086802,p02791,u863119020,1580746541,Python,Python (3.4.3),py,Time Limit Exceeded,2104,24744,227,
s134516917,p02791,u863119020,1580746348,Python,Python (3.4.3),py,Wrong Answer,2104,24744,223,
s685759335,p02791,u863119020,1580746034,Python,Python (3.4.3),py,Time Limit Exceeded,2104,24744,155,
s026270076,p02791,u863119020,1580745868,Python,Python (3.4.3),py,Time Limit Exceeded,2104,24744,156,
s525117228,p02791,u873190923,1580745501,Python,Python (3.4.3),py,Accepted,108,24744,163,
s789839091,p02791,u863119020,1580745418,Python,Python (3.4.3),py,Time Limit Exceeded,2104,24744,224,
s054253996,p02791,u863119020,1580745163,Python,Python (3.4.3),py,Time Limit Exceeded,2105,26164,176,
s997628563,p02791,u579670739,1580744994,C++,C++14 (GCC 5.4.1),cpp,Accepted,18,1792,1209,
s616913911,p02791,u254520375,1580744113,Java,Java8 (OpenJDK 1.8.0),java,Accepted,587,61472,446,
s039995515,p02791,u930997891,1580744036,C++,C++14 (GCC 5.4.1),cpp,Accepted,77,256,431,
s307377883,p02791,u648324897,1580743786,C++,C++14 (GCC 5.4.1),cpp,Accepted,19,1024,1671,
s255371779,p02791,u648324897,1580743768,C++,C++14 (GCC 5.4.1),cpp,Compile Error,,,1670,
s912631042,p02791,u648324897,1580743712,C++,C++14 (GCC 5.4.1),cpp,Compile Error,,,1642,
s653687735,p02791,u648324897,1580743597,C++,C++14 (GCC 5.4.1),cpp,Compile Error,,,1605,
s579183453,p02791,u363713811,1580742086,C++,C++14 (GCC 5.4.1),cpp,Wrong Answer,81,1024,294,
s444448370,p02791,u949316370,1580741887,C++,C++14 (GCC 5.4.1),cpp,Accepted,79,256,259,
s106570094,p02791,u949316370,1580741796,C++,C++14 (GCC 5.4.1),cpp,Wrong Answer,78,256,259,
s813675649,p02791,u949316370,1580741750,C++,C++14 (GCC 5.4.1),cpp,Wrong Answer,78,256,256,
s270428063,p02791,u328179672,1580741065,C++,C++14 (GCC 5.4.1),cpp,Accepted,66,1024,309,
s406465925,p02791,u365364616,1580741004,C++,C++14 (GCC 5.4.1),cpp,Accepted,60,1024,352,
s073503229,p02791,u161616073,1580740617,C++,C++14 (GCC 5.4.1),cpp,Accepted,61,1024,305,
s761429998,p02791,u647653350,1580740541,C++,C++14 (GCC 5.4.1),cpp,Accepted,62,1024,314,
s211289878,p02791,u328179672,1580740473,C++,C++14 (GCC 5.4.1),cpp,Time Limit Exceeded,2103,1024,423,
s762414794,p02791,u130587994,1580739027,C,C (GCC 5.4.1),c,Accepted,22,128,253,
s892844010,p02791,u130587994,1580738694,C,C (GCC 5.4.1),c,Wrong Answer,28,128,228,
s013005256,p02791,u045289115,1580738021,Java,Java8 (OpenJDK 1.8.0),java,Accepted,113,22692,2656,
s430233893,p02791,u045289115,1580736638,Java,Java8 (OpenJDK 1.8.0),java,Accepted,576,62776,342,
s168308301,p02791,u362444129,1580736413,C++,C++14 (GCC 5.4.1),cpp,Accepted,77,1792,422,
s378337505,p02791,u918039777,1580733103,C++,C++14 (GCC 5.4.1),cpp,Accepted,78,256,249,
s635643507,p02791,u071960168,1580732558,Python,Python (3.4.3),py,Accepted,145,17940,208,
s164012739,p02791,u918039777,1580732327,C++,C++14 (GCC 5.4.1),cpp,Time Limit Exceeded,2103,892,308,
s352093050,p02791,u918039777,1580732020,C++,C++14 (GCC 5.4.1),cpp,Time Limit Exceeded,2103,1400,345,
s719783031,p02791,u589432040,1580730861,Python,Python (3.4.3),py,Time Limit Exceeded,2108,24744,186,
s491142792,p02791,u766056442,1580728755,Python,Python (3.4.3),py,Accepted,117,24744,156,
s723251296,p02791,u165641688,1580727490,C#,C# (Mono 4.6.2.0),cs,Accepted,110,34012,800,
s864103341,p02791,u599547273,1580722876,Python,Python (3.4.3),py,Accepted,125,24744,183,
s326477270,p02791,u697382193,1580722705,C#,C# (Mono 4.6.2.0),cs,Accepted,97,33116,797,
s435296306,p02791,u697382193,1580722477,C#,C# (Mono 4.6.2.0),cs,Time Limit Exceeded,2112,31324,575,
s179574049,p02791,u457901067,1580721978,Python,Python (3.4.3),py,Accepted,105,24744,154,
s480801237,p02791,u594244257,1580721136,Python,Python (3.4.3),py,Accepted,87,24744,238,
s931718214,p02791,u444732068,1580719994,Python,PyPy3 (2.4.0),py,Accepted,252,75856,211,
s281542684,p02791,u444732068,1580719161,Python,PyPy3 (2.4.0),py,Time Limit Exceeded,2108,77420,187,
s793733855,p02791,u444732068,1580718917,Python,PyPy3 (2.4.0),py,Wrong Answer,256,76368,160,
s002485949,p02791,u199799967,1580716092,C++,C++14 (GCC 5.4.1),cpp,Accepted,84,1024,1521,
s136340114,p02791,u519194615,1580714184,C++,C++14 (GCC 5.4.1),cpp,Accepted,66,1024,381,
s076538606,p02791,u134302690,1580712245,Python,Python (3.4.3),py,Accepted,110,24872,155,
s281212628,p02791,u134302690,1580711897,Python,Python (3.4.3),py,Time Limit Exceeded,2108,24744,157,
s657009233,p02791,u780452629,1580710962,C++,C++14 (GCC 5.4.1),cpp,Accepted,21,1024,397,
s369199225,p02791,u845907943,1580707340,C++,C++14 (GCC 5.4.1),cpp,Accepted,77,1024,294,
s947078767,p02791,u845907943,1580707248,C++,C++14 (GCC 5.4.1),cpp,Wrong Answer,78,1024,288,
s850599933,p02791,u845907943,1580707047,C++,C++14 (GCC 5.4.1),cpp,Wrong Answer,77,1024,293,
s405857965,p02791,u845907943,1580706912,C++,C++14 (GCC 5.4.1),cpp,Wrong Answer,78,1024,267,
s195870110,p02791,u472742542,1580706445,C++,C++14 (GCC 5.4.1),cpp,Accepted,19,1024,618,
s141968546,p02791,u872885167,1580698228,C++,C++14 (GCC 5.4.1),cpp,Accepted,18,256,357,
s905494022,p02791,u919694701,1580694890,C++,C++14 (GCC 5.4.1),cpp,Accepted,59,1792,504,
s768592304,p02791,u332906195,1580691541,Python,Python (3.4.3),py,Accepted,93,24744,142,
s495968065,p02791,u421846318,1580691434,C++,C++14 (GCC 5.4.1),cpp,Accepted,59,1792,612,
s370436590,p02791,u362444129,1580691358,C++,C++14 (GCC 5.4.1),cpp,Wrong Answer,77,1792,341,
s024592560,p02791,u421846318,1580690571,C++,C++14 (GCC 5.4.1),cpp,Wrong Answer,59,1792,612,
s024240063,p02791,u772613859,1580687631,Java,Java7 (OpenJDK 1.7.0),java,Time Limit Exceeded,2109,82024,1408,
s858357935,p02791,u421846318,1580687367,C++,C++14 (GCC 5.4.1),cpp,Wrong Answer,59,1792,476,
s713468073,p02791,u772613859,1580687013,Java,Java7 (OpenJDK 1.7.0),java,Time Limit Exceeded,2109,83724,915,
s092568343,p02791,u421846318,1580687007,C++,C++14 (GCC 5.4.1),cpp,Accepted,78,256,496,
s807335758,p02791,u993967581,1580685101,C++,C++14 (GCC 5.4.1),cpp,Accepted,60,1792,362,
s867784556,p02791,u993967581,1580684726,C++,C++14 (GCC 5.4.1),cpp,Time Limit Exceeded,2103,3328,443,
s053864292,p02791,u750120744,1580683853,Python,Python (3.4.3),py,Accepted,113,24744,176,
s747883112,p02791,u239409893,1580683717,C++,C++14 (GCC 5.4.1),cpp,Accepted,62,1024,649,
s718177413,p02791,u482544950,1580682739,C++,C++14 (GCC 5.4.1),cpp,Accepted,69,1792,918,
s784883339,p02791,u488493347,1580682593,C++,C++14 (GCC 5.4.1),cpp,Accepted,78,256,338,
s052556906,p02791,u918039777,1580681550,C++,C++14 (GCC 5.4.1),cpp,Wrong Answer,64,1400,269,
s801454227,p02791,u293072892,1580681096,C++,C++14 (GCC 5.4.1),cpp,Accepted,62,1024,363,
s910138892,p02791,u293072892,1580680865,C++,C++14 (GCC 5.4.1),cpp,Time Limit Exceeded,2107,1024,364,
s742789922,p02791,u441865202,1580680530,C++,C++14 (GCC 5.4.1),cpp,Accepted,60,1792,548,
s588047359,p02791,u441865202,1580680415,C++,C++14 (GCC 5.4.1),cpp,Wrong Answer,59,1792,548,
s535155092,p02791,u407567153,1580680224,Python,Python (3.4.3),py,Runtime Error,146,24744,133,
s006919365,p02791,u076703356,1580679251,C++,C++14 (GCC 5.4.1),cpp,Accepted,19,1792,1540,
s575232180,p02791,u864752370,1580679174,C++,C++14 (GCC 5.4.1),cpp,Wrong Answer,2103,1400,423,
s478160877,p02791,u864752370,1580678798,C++,C++14 (GCC 5.4.1),cpp,Wrong Answer,2103,1400,421,
s723677282,p02791,u441865202,1580678468,C++,C++14 (GCC 5.4.1),cpp,Wrong Answer,2103,1792,574,
s658889993,p02791,u441865202,1580677559,C++,C++14 (GCC 5.4.1),cpp,Time Limit Exceeded,2103,1792,633,
s652669580,p02791,u441865202,1580677257,C++,C++14 (GCC 5.4.1),cpp,Time Limit Exceeded,2103,1792,655,
s586925311,p02791,u441865202,1580677163,C++,C++14 (GCC 5.4.1),cpp,Time Limit Exceeded,2103,1792,631,
s222739214,p02791,u952516116,1580675717,C++,C++14 (GCC 5.4.1),cpp,Wrong Answer,24,4848,4235,
s244144872,p02791,u501265339,1580675704,Python,Python (3.4.3),py,Time Limit Exceeded,2104,26712,137,
s349288386,p02791,u993310962,1580675668,Python,PyPy3 (2.4.0),py,Time Limit Exceeded,2108,77520,212,
s618950685,p02791,u952516116,1580675464,C++,C++14 (GCC 5.4.1),cpp,Wrong Answer,23,4848,4235,
s032171905,p02791,u952516116,1580675099,C++,C++14 (GCC 5.4.1),cpp,Runtime Error,113,4848,4229,
s346404491,p02791,u651764969,1580674738,C++,C++14 (GCC 5.4.1),cpp,Accepted,17,256,2608,
s703458126,p02791,u681283552,1580674683,C++,C++14 (GCC 5.4.1),cpp,Accepted,60,1024,321,
s101489054,p02791,u373661220,1580674160,C++,C++14 (GCC 5.4.1),cpp,Wrong Answer,2103,1024,354,
s171881436,p02791,u681283552,1580673962,C++,C++14 (GCC 5.4.1),cpp,Wrong Answer,2103,1024,364,
s618918938,p02791,u373661220,1580673841,C++,C++14 (GCC 5.4.1),cpp,Wrong Answer,2103,1024,354,
s463502240,p02791,u373661220,1580673799,C++,C++14 (GCC 5.4.1),cpp,Compile Error,,,354,
s256754039,p02791,u998741086,1580672483,Python,Python (3.4.3),py,Accepted,123,24744,194,
s481763932,p02791,u779016271,1580670434,C++,C++14 (GCC 5.4.1),cpp,Time Limit Exceeded,2103,2048,893,
s380177078,p02791,u435876834,1580668958,C++,C++14 (GCC 5.4.1),cpp,Accepted,77,1792,460,
s356821880,p02791,u435876834,1580668288,C++,C++14 (GCC 5.4.1),cpp,Wrong Answer,79,1920,400,
s745301339,p02791,u804704438,1580668252,C,C (GCC 5.4.1),c,Accepted,22,128,214,
s727951574,p02791,u435876834,1580668023,C++,C++14 (GCC 5.4.1),cpp,Wrong Answer,78,1792,399,
s216057315,p02791,u198590292,1580666691,C++,C++14 (GCC 5.4.1),cpp,Accepted,118,10368,3764,
s833057866,p02791,u435876834,1580664713,C++,C++14 (GCC 5.4.1),cpp,Wrong Answer,2107,1024,393,
s089567036,p02791,u071960168,1580664619,Python,Python (3.4.3),py,Time Limit Exceeded,2104,17776,238,
s765978034,p02791,u768559443,1580663933,Python,Python (3.4.3),py,Accepted,183,24744,148,
s569729643,p02791,u071960168,1580662742,Python,Python (3.4.3),py,Time Limit Exceeded,2104,18824,251,
s668331743,p02791,u291900927,1580662407,C++,C++14 (GCC 5.4.1),cpp,Accepted,19,1792,635,
s649762770,p02791,u071960168,1580661960,Python,Python (3.4.3),py,Time Limit Exceeded,2104,18568,251,
s934430909,p02791,u517098601,1580661529,C++,C++14 (GCC 5.4.1),cpp,Runtime Error,106,256,254,
s424985820,p02791,u517098601,1580661051,C++,C++14 (GCC 5.4.1),cpp,Wrong Answer,76,256,238,
s646693717,p02791,u517098601,1580660973,C++,C++14 (GCC 5.4.1),cpp,Wrong Answer,78,256,236,
s508360765,p02791,u517098601,1580660477,C++,C++14 (GCC 5.4.1),cpp,Runtime Error,98,256,261,
s979239560,p02791,u517098601,1580659878,C++,C++14 (GCC 5.4.1),cpp,Wrong Answer,79,256,271,
s689641246,p02791,u517098601,1580659223,C++,C++14 (GCC 5.4.1),cpp,Wrong Answer,76,256,292,
s741718587,p02791,u502028059,1580659153,C++,C++14 (GCC 5.4.1),cpp,Accepted,60,1400,447,
s559850373,p02791,u517098601,1580658994,C++,C++14 (GCC 5.4.1),cpp,Runtime Error,137,640,251,
s748765333,p02791,u517098601,1580658818,C++,C++14 (GCC 5.4.1),cpp,Runtime Error,98,256,248,
s071535992,p02791,u517098601,1580658417,C++,C++14 (GCC 5.4.1),cpp,Runtime Error,100,256,255,
s355202617,p02791,u517098601,1580658208,C++,C++14 (GCC 5.4.1),cpp,Runtime Error,99,256,256,
s093688315,p02791,u110615365,1580657971,C++,C++14 (GCC 5.4.1),cpp,Accepted,18,1024,1313,
s178061077,p02791,u659222664,1580657329,C++,C++14 (GCC 5.4.1),cpp,Accepted,63,3456,395,
s557645393,p02791,u949876708,1580657213,Python,Python (3.4.3),py,Accepted,176,24744,173,
s986923293,p02791,u558698961,1580656917,C++,C++14 (GCC 5.4.1),cpp,Accepted,77,1792,379,
s378986029,p02791,u393187783,1580656854,C++,C++14 (GCC 5.4.1),cpp,Accepted,60,1024,563,
s787494945,p02791,u558698961,1580656826,C++,C++14 (GCC 5.4.1),cpp,Wrong Answer,77,1024,220,
s791590559,p02791,u027547861,1580656348,C,C (Clang 3.8.0),c,Accepted,20,896,402,
s410925576,p02791,u505466816,1580655027,C++,C++14 (GCC 5.4.1),cpp,Accepted,18,256,260,
s071884299,p02791,u915531210,1580654989,C++,C++14 (GCC 5.4.1),cpp,Accepted,18,256,688,
s832014344,p02791,u907194047,1580654953,C++,C++14 (GCC 5.4.1),cpp,Accepted,18,1024,1153,
s059121341,p02791,u659222664,1580654924,C++,C++14 (GCC 5.4.1),cpp,Time Limit Exceeded,2103,3328,628,
s583238085,p02791,u558698961,1580654222,C++,C++14 (GCC 5.4.1),cpp,Wrong Answer,77,1024,222,
s199460534,p02791,u955046805,1580653693,Java,Java8 (OpenJDK 1.8.0),java,Accepted,580,85192,1183,
s362070159,p02791,u505466816,1580653535,C++,C++14 (GCC 5.4.1),cpp,Wrong Answer,18,256,276,
s650581895,p02791,u915531210,1580653288,C++,C++14 (GCC 5.4.1),cpp,Time Limit Exceeded,2103,892,860,
s274475737,p02791,u659222664,1580653226,C++,C++14 (GCC 5.4.1),cpp,Time Limit Exceeded,2103,1792,464,
s399682566,p02791,u421599777,1580653222,C++,C++14 (GCC 5.4.1),cpp,Accepted,79,1792,379,
s392913431,p02791,u558698961,1580653214,C++,C++14 (GCC 5.4.1),cpp,Time Limit Exceeded,2103,1024,285,
s418958484,p02791,u505466816,1580653163,C++,C++14 (GCC 5.4.1),cpp,Time Limit Exceeded,2103,1024,408,
s588166393,p02791,u985972698,1580652898,C++,C++ (GCC 5.4.1),cpp,Wrong Answer,76,256,410,
s818690982,p02791,u558698961,1580652868,C++,C++14 (GCC 5.4.1),cpp,Wrong Answer,2103,1024,270,
s108789605,p02791,u064563749,1580652686,Python,Python (3.4.3),py,Time Limit Exceeded,2104,24744,186,
s938977546,p02791,u064563749,1580652201,Python,Python (3.4.3),py,Time Limit Exceeded,2104,24872,241,
s010601721,p02791,u932138415,1580651820,C++,C++14 (GCC 5.4.1),cpp,Accepted,20,896,311,
s272146465,p02791,u932138415,1580651022,C++,C++14 (GCC 5.4.1),cpp,Time Limit Exceeded,2103,896,451,
s044481275,p02791,u932138415,1580650696,C++,C++14 (GCC 5.4.1),cpp,Time Limit Exceeded,2103,896,370,
s257719608,p02791,u064563749,1580650224,Python,Python (3.4.3),py,Time Limit Exceeded,2104,24744,210,
s429360037,p02791,u421599777,1580649087,C++,C++14 (GCC 5.4.1),cpp,Time Limit Exceeded,2103,1792,409,
s474944009,p02791,u320799350,1580646490,C++,C++14 (GCC 5.4.1),cpp,Accepted,19,1400,595,
s852012847,p02791,u320799350,1580646252,C++,C++14 (GCC 5.4.1),cpp,Runtime Error,111,256,525,
s654946652,p02791,u320799350,1580646172,C++,C++14 (GCC 5.4.1),cpp,Runtime Error,96,256,528,
s350775966,p02791,u196697332,1580645859,Go,Go (1.6),go,Accepted,958,7424,312,
s884443954,p02791,u761362252,1580644563,C++,C++14 (GCC 5.4.1),cpp,Accepted,76,256,291,
s471395751,p02791,u293198424,1580643171,Python,Python (3.4.3),py,Accepted,128,24744,247,
s890804426,p02791,u293198424,1580642783,Python,Python (3.4.3),py,Time Limit Exceeded,2104,24744,241,
s979690659,p02791,u293198424,1580642525,Python,PyPy3 (2.4.0),py,Runtime Error,236,75856,251,
s818087093,p02791,u200509145,1580641677,C++,C++14 (GCC 5.4.1),cpp,Accepted,63,1024,728,
s814312524,p02791,u200509145,1580641569,C++,C++14 (GCC 5.4.1),cpp,Wrong Answer,60,1024,722,
s956100131,p02791,u200509145,1580641289,C++,C++14 (GCC 5.4.1),cpp,Wrong Answer,62,1024,661,
s593953599,p02791,u200509145,1580641205,C++,C++14 (GCC 5.4.1),cpp,Wrong Answer,63,1024,660,
s738586233,p02791,u293198424,1580641112,Python,PyPy3 (2.4.0),py,Time Limit Exceeded,2111,136992,234,
s153642459,p02791,u802614675,1580637992,Go,Go (1.6),go,Accepted,941,4992,356,
s433587922,p02791,u898725814,1580628056,Python,PyPy3 (2.4.0),py,Accepted,246,75984,243,
s997533743,p02791,u640919333,1580620238,Python,Python (3.4.3),py,Accepted,111,24744,170,
s209867578,p02791,u640919333,1580619754,Python,Python (3.4.3),py,Time Limit Exceeded,2104,24744,133,
s957319513,p02791,u391090563,1580617070,C++,C++14 (GCC 5.4.1),cpp,Accepted,19,2420,1126,
s320188033,p02791,u042716570,1580616174,Python,Python (3.4.3),py,Accepted,169,26012,191,
s595714769,p02791,u149925261,1580616129,C++,C++14 (GCC 5.4.1),cpp,Accepted,77,256,167,
s684497082,p02791,u042716570,1580615788,Python,Python (3.4.3),py,Time Limit Exceeded,2104,24744,144,
s224953562,p02791,u136509923,1580613346,C++,C++14 (GCC 5.4.1),cpp,Accepted,19,256,375,
s559424609,p02791,u020390084,1580606922,Python,Python (3.4.3),py,Accepted,144,25984,584,
s043922570,p02791,u768173071,1580605850,C++,C++14 (GCC 5.4.1),cpp,Accepted,82,1024,346,
s263746804,p02791,u615488644,1580605291,C++,C++14 (GCC 5.4.1),cpp,Accepted,18,1792,3129,
s350346970,p02791,u027479217,1580605254,C++,C++14 (GCC 5.4.1),cpp,Accepted,79,256,242,
s314935621,p02791,u945957386,1580604168,Rust,Rust (1.15.1),rs,Accepted,17,8948,139593,
s647854104,p02791,u768173071,1580602436,C++,C++14 (GCC 5.4.1),cpp,Time Limit Exceeded,2103,1024,445,
s074497416,p02791,u287920108,1580599653,Python,Python (3.4.3),py,Accepted,107,24744,224,
s357271777,p02791,u746849814,1580598884,Python,Python (3.4.3),py,Accepted,108,24744,169,
s605363997,p02791,u746849814,1580598678,Python,Python (3.4.3),py,Time Limit Exceeded,2104,24744,152,
s838914509,p02791,u746849814,1580598254,Python,Python (3.4.3),py,Time Limit Exceeded,2104,24744,111,
s711227683,p02791,u058348416,1580597730,C++,C++14 (GCC 5.4.1),cpp,Accepted,78,256,270,
s153688938,p02791,u863370423,1580597730,C++,C++14 (GCC 5.4.1),cpp,Accepted,19,1024,533,
s592530401,p02791,u058348416,1580597450,C++,C++14 (GCC 5.4.1),cpp,Wrong Answer,79,256,264,
s469480792,p02791,u779509224,1580594818,C,C (GCC 5.4.1),c,Accepted,22,896,245,
s699657892,p02791,u779509224,1580594218,C,C (GCC 5.4.1),c,Wrong Answer,22,896,223,
s096420053,p02791,u406828576,1580594010,C++,C++14 (GCC 5.4.1),cpp,Accepted,62,1024,415,
s168634214,p02791,u779509224,1580593918,C,C (GCC 5.4.1),c,Wrong Answer,22,896,248,
s056884929,p02791,u338193317,1580593407,C++,C++14 (GCC 5.4.1),cpp,Accepted,78,1024,784,
s074686516,p02791,u779509224,1580593172,C,C (GCC 5.4.1),c,Wrong Answer,22,1024,247,
s188458149,p02791,u001490106,1580592378,Python,PyPy3 (2.4.0),py,Accepted,272,76752,156,
s386483377,p02791,u525974535,1580589078,C++,C++14 (GCC 5.4.1),cpp,Accepted,76,256,238,
s331277350,p02791,u986399983,1580587179,C++,C++14 (GCC 5.4.1),cpp,Accepted,19,1024,918,
s535627225,p02791,u710789518,1580586762,C++,C++14 (Clang 3.8.0),cpp,Accepted,168,1152,413,
s918340421,p02791,u821969418,1580585246,Python,Python (3.4.3),py,Time Limit Exceeded,2104,24744,184,
s808398775,p02791,u821969418,1580584802,Python,Python (3.4.3),py,Time Limit Exceeded,2104,24744,180,
s495464980,p02791,u821969418,1580584688,Python,Python (3.4.3),py,Time Limit Exceeded,2104,24744,166,
s761132908,p02791,u468173409,1580584659,Python,Python (3.4.3),py,Accepted,143,18056,226,
s745254012,p02791,u680215768,1580584083,C++,C++14 (GCC 5.4.1),cpp,Accepted,77,1024,351,
s774340370,p02791,u960997735,1580579807,C++,C++14 (GCC 5.4.1),cpp,Accepted,80,1792,407,
s350377742,p02791,u960997735,1580579010,C++,C++14 (GCC 5.4.1),cpp,Time Limit Exceeded,2103,1024,422,
s314686662,p02791,u393187783,1580576724,C++,C++14 (GCC 5.4.1),cpp,Time Limit Exceeded,2103,1024,718,
s712648179,p02791,u393187783,1580576057,C++,C++14 (GCC 5.4.1),cpp,Wrong Answer,63,1024,557,
s232718179,p02791,u307592354,1580573413,Ruby,Ruby (2.3.3),rb,Accepted,98,16516,153,
s092559046,p02791,u934888100,1580573128,Python,Python (3.4.3),py,Accepted,196,22288,297,
s581248440,p02791,u934888100,1580572341,Python,Python (3.4.3),py,Time Limit Exceeded,2105,21780,265,
s590999842,p02791,u802016434,1580570536,C++,C++14 (GCC 5.4.1),cpp,Accepted,61,1024,464,
s643035694,p02791,u038408819,1580567712,Python,Python (3.4.3),py,Accepted,92,24744,177,
s475666456,p02791,u209927535,1580565646,C++,C++14 (GCC 5.4.1),cpp,Accepted,77,256,204,
s985787615,p02791,u388106450,1580564530,Kotlin,Kotlin (1.0.0),kt,Accepted,780,82836,315,
s717571831,p02791,u601708003,1580562967,C++,C++14 (GCC 5.4.1),cpp,Accepted,79,1024,327,
s705626981,p02791,u143212659,1580559668,Python,Python (3.4.3),py,Accepted,86,24744,396,
s201000417,p02791,u143212659,1580559545,Python,Python (3.4.3),py,Time Limit Exceeded,2104,24744,356,
s680440523,p02791,u977925575,1580559447,C++,C++14 (GCC 5.4.1),cpp,Accepted,60,1024,496,
s596113065,p02791,u316029122,1580554961,Python,Python (3.4.3),py,Accepted,128,24744,147,
s514823874,p02791,u316029122,1580553064,Python,Python (3.4.3),py,Wrong Answer,118,26012,125,
s405976997,p02791,u586225028,1580551805,C++,C++ (GCC 5.4.1),cpp,Accepted,76,256,322,
s718639206,p02791,u586225028,1580551703,C++,C++ (GCC 5.4.1),cpp,Compile Error,,,348,
s039767062,p02791,u586225028,1580551600,C++,C++ (GCC 5.4.1),cpp,Compile Error,,,348,
s583369842,p02791,u316029122,1580549680,Python,Python (3.4.3),py,Time Limit Exceeded,2104,24744,169,
s252836482,p02791,u970004496,1580542330,C++,C++14 (GCC 5.4.1),cpp,Accepted,77,1024,288,
s362807208,p02791,u008357982,1580531875,Python,Python (3.4.3),py,Accepted,96,24744,139,
s814544136,p02791,u888539441,1580520338,Java,Java8 (OpenJDK 1.8.0),java,Accepted,537,65048,421,
s631646500,p02791,u928313240,1580519094,C++,C++14 (GCC 5.4.1),cpp,Accepted,26,3328,730,
s514169505,p02791,u736149053,1580518036,Python,Python (3.4.3),py,Accepted,107,24744,171,
s629344950,p02791,u736149053,1580517948,Python,Python (3.4.3),py,Runtime Error,34,17940,166,
s506900592,p02791,u835297884,1580516011,C++,C++14 (GCC 5.4.1),cpp,Accepted,77,1024,364,
s495994225,p02791,u480938608,1580514373,C++,C++14 (GCC 5.4.1),cpp,Time Limit Exceeded,2103,1024,494,
s286928741,p02791,u846403188,1580513295,JavaScript,JavaScript (node.js v5.12),js,Accepted,107,22224,415,
s971997705,p02791,u846403188,1580513097,JavaScript,JavaScript (node.js v5.12),js,Wrong Answer,92,22608,393,
s914378729,p02791,u846403188,1580513003,JavaScript,JavaScript (node.js v5.12),js,Wrong Answer,92,21088,386,
s699066187,p02791,u846403188,1580511913,JavaScript,JavaScript (node.js v5.12),js,Wrong Answer,2113,102944,407,
s453081134,p02791,u846403188,1580511013,JavaScript,JavaScript (node.js v5.12),js,Wrong Answer,2109,23232,484,
s685184222,p02791,u846403188,1580509830,JavaScript,JavaScript (node.js v5.12),js,Wrong Answer,2109,22952,469,
s620903929,p02791,u345932819,1580508667,Java,Java8 (OpenJDK 1.8.0),java,Accepted,263,45480,10807,
s988151316,p02791,u345932819,1580507827,Java,Java8 (OpenJDK 1.8.0),java,Wrong Answer,287,56892,10884,
s525555240,p02791,u343441882,1580506927,C++,C++14 (GCC 5.4.1),cpp,Accepted,76,384,497,
s359652298,p02791,u942697937,1580506437,Python,Python (3.4.3),py,Accepted,103,25768,142,
s048640565,p02791,u772175167,1580506150,C++,C++14 (GCC 5.4.1),cpp,Accepted,76,256,319,
s813555427,p02791,u950909548,1580504869,C++,C++14 (GCC 5.4.1),cpp,Accepted,82,1792,249,
s994575129,p02791,u534772498,1580504696,C++,C++14 (GCC 5.4.1),cpp,Accepted,20,256,262,
s710481515,p02791,u572373398,1580504294,Python,Python (3.4.3),py,Accepted,126,24744,173,
s679911368,p02791,u093033848,1580502399,C++,C++14 (GCC 5.4.1),cpp,Accepted,61,1792,717,
s033408648,p02791,u837070143,1580502032,C++,C++14 (GCC 5.4.1),cpp,Accepted,27,1024,724,
s482371388,p02791,u006576567,1580501892,C++,C++14 (GCC 5.4.1),cpp,Accepted,21,1792,436,
s652379255,p02791,u741672523,1580499719,C++,C++14 (GCC 5.4.1),cpp,Accepted,18,1024,581,
s433089261,p02791,u093033848,1580495764,C++,C++14 (GCC 5.4.1),cpp,Time Limit Exceeded,2103,1024,535,
s089253193,p02791,u693716675,1580493759,C++,C++14 (GCC 5.4.1),cpp,Accepted,78,1152,843,
s777321585,p02791,u897282055,1580491817,C++,C++14 (GCC 5.4.1),cpp,Accepted,18,1792,6490,
s186532406,p02791,u326552320,1580487376,Python,Python (3.4.3),py,Time Limit Exceeded,2104,24744,240,
s406092507,p02791,u055854974,1580486948,Python,Python (3.4.3),py,Accepted,93,24744,151,
s266366437,p02791,u319957725,1580485366,Python,Python (3.4.3),py,Time Limit Exceeded,2109,34148,202,
s590185188,p02791,u319957725,1580485280,Python,Python (3.4.3),py,Runtime Error,165,27124,190,
s922843556,p02791,u319957725,1580485140,Python,Python (3.4.3),py,Time Limit Exceeded,2104,24744,163,
s706025642,p02791,u319957725,1580484992,Python,Python (3.4.3),py,Time Limit Exceeded,2104,24744,211,
s052653614,p02791,u219290217,1580484596,C++,C++14 (GCC 5.4.1),cpp,Accepted,78,1792,347,
s759169252,p02791,u564589929,1580484431,Python,Python (3.4.3),py,Accepted,273,34148,207,
s826549018,p02791,u219290217,1580484415,C++,C++14 (GCC 5.4.1),cpp,Time Limit Exceeded,2103,1792,423,
s569451697,p02791,u319957725,1580484246,Python,Python (3.4.3),py,Wrong Answer,2104,19240,348,
s190936043,p02791,u319957725,1580484128,Python,Python (3.4.3),py,Wrong Answer,2105,18216,325,
s488475216,p02791,u564589929,1580483865,Python,Python (3.4.3),py,Time Limit Exceeded,2112,34148,242,
s550080408,p02791,u564589929,1580483238,Python,Python (3.4.3),py,Wrong Answer,215,34152,190,
s360259489,p02791,u410506856,1580483050,C++,C++14 (GCC 5.4.1),cpp,Accepted,60,1024,750,
s899751132,p02791,u547167033,1580482546,Python,Python (3.4.3),py,Accepted,110,24744,147,
s325509661,p02791,u547167033,1580482421,Python,Python (3.4.3),py,Wrong Answer,106,24744,136,
s066088175,p02791,u119575931,1580480199,C#,C# (Mono 4.6.2.0),cs,Accepted,92,31068,968,
s051917486,p02791,u152449219,1580472860,Python,Python (3.4.3),py,Accepted,148,24744,301,
s021468280,p02791,u821969418,1580471793,Python,Python (3.4.3),py,Time Limit Exceeded,2104,24744,166,
s996313227,p02791,u502663663,1580471704,C,C (GCC 5.4.1),c,Wrong Answer,1,128,373,
s381613300,p02791,u502663663,1580471669,C,C (GCC 5.4.1),c,Compile Error,,,368,
s621188300,p02791,u502663663,1580471565,C,C (GCC 5.4.1),c,Wrong Answer,3,128,351,
s802958220,p02791,u502663663,1580471431,C,C (GCC 5.4.1),c,Wrong Answer,0,128,338,
s165628379,p02791,u502663663,1580471303,C,C (GCC 5.4.1),c,Compile Error,,,341,
s922113020,p02791,u502663663,1580471218,C,C (GCC 5.4.1),c,Compile Error,,,328,
s536091018,p02791,u502663663,1580471175,C,C (GCC 5.4.1),c,Compile Error,,,325,
s150524925,p02791,u502663663,1580471085,C,C (GCC 5.4.1),c,Wrong Answer,2,256,330,
s999520986,p02791,u502663663,1580471005,C,C (GCC 5.4.1),c,Compile Error,,,329,
s590523330,p02791,u502663663,1580470983,C,C (GCC 5.4.1),c,Compile Error,,,330,
s109975249,p02791,u502663663,1580470811,C,C (GCC 5.4.1),c,Wrong Answer,1,128,323,
s207249969,p02791,u502663663,1580470785,C,C (GCC 5.4.1),c,Compile Error,,,322,
s343300015,p02791,u143212659,1580470400,Python,Python (3.4.3),py,Runtime Error,164,24744,295,
s814609499,p02791,u066565357,1580469930,C++,C++14 (GCC 5.4.1),cpp,Accepted,22,1024,444,
s990625155,p02791,u024501673,1580468210,C++,C++14 (GCC 5.4.1),cpp,Accepted,62,1400,478,
s660401003,p02791,u821969418,1580466850,Python,Python (3.4.3),py,Wrong Answer,2104,24744,227,
s731350321,p02791,u295294832,1580466582,Python,Python (3.4.3),py,Accepted,316,34016,180,
s179567305,p02791,u295294832,1580466145,Python,Python (3.4.3),py,Time Limit Exceeded,2109,34032,161,
s251866027,p02791,u295294832,1580466034,Python,Python (3.4.3),py,Wrong Answer,2109,34016,160,
s702691785,p02791,u295294832,1580465916,Python,Python (3.4.3),py,Time Limit Exceeded,2109,34044,180,
s134914089,p02791,u295294832,1580465890,Python,Python (3.4.3),py,Runtime Error,76,25768,160,
s596077297,p02791,u769383879,1580463663,Python,Python (3.4.3),py,Accepted,275,33120,185,
s557597374,p02791,u769383879,1580463600,Python,Python (3.4.3),py,Wrong Answer,271,33016,185,
s172224692,p02791,u995485610,1580461203,C++,C++14 (GCC 5.4.1),cpp,Accepted,59,1792,402,
s438580652,p02791,u973302917,1580456972,C++,C++14 (GCC 5.4.1),cpp,Accepted,78,256,412,
s269822055,p02791,u943017136,1580450638,C++,C++14 (GCC 5.4.1),cpp,Accepted,18,1792,1273,
s002927164,p02791,u227871234,1580447205,C++,C++14 (GCC 5.4.1),cpp,Accepted,58,256,1472,
s637020850,p02791,u227871234,1580446929,C++,C++14 (GCC 5.4.1),cpp,Runtime Error,128,1024,1528,
s821583220,p02791,u227871234,1580446576,C++,C++14 (GCC 5.4.1),cpp,Runtime Error,126,1792,1548,
s643158787,p02791,u225162167,1580446352,Java,Java8 (OpenJDK 1.8.0),java,Accepted,375,55652,2055,
s199656345,p02791,u993656019,1580445526,C++,C++14 (GCC 5.4.1),cpp,Accepted,59,256,456,
s289722480,p02791,u514812122,1580445524,C++,C++14 (GCC 5.4.1),cpp,Accepted,76,384,277,
s114745687,p02791,u514812122,1580445434,C++,C++14 (GCC 5.4.1),cpp,Wrong Answer,80,256,273,
s650863936,p02791,u514812122,1580444910,C++,C++14 (GCC 5.4.1),cpp,Wrong Answer,78,1024,286,
s842879741,p02791,u514812122,1580444851,C++,C++14 (GCC 5.4.1),cpp,Wrong Answer,77,1024,285,
s344861091,p02791,u514812122,1580444710,C++,C++14 (GCC 5.4.1),cpp,Runtime Error,138,640,283,
s975040714,p02791,u282896139,1580438123,C++,C++14 (GCC 5.4.1),cpp,Accepted,77,1024,272,
s116371791,p02791,u282896139,1580437254,C++,C++14 (GCC 5.4.1),cpp,Time Limit Exceeded,2103,1024,369,
s620798522,p02791,u810816598,1580433870,Rust,Rust (1.15.1),rs,Accepted,14,10492,753,
s389236273,p02791,u292252214,1580430953,C,C (GCC 5.4.1),c,Accepted,22,128,252,
s090404008,p02791,u157874153,1580429026,Python,Python (3.4.3),py,Accepted,152,24744,159,
s941736173,p02791,u157874153,1580428861,Python,Python (3.4.3),py,Time Limit Exceeded,2104,24744,205,
s674118548,p02791,u587447760,1580423544,C++,C++14 (GCC 5.4.1),cpp,Accepted,78,256,811,
s267376464,p02791,u189487046,1580423155,Python,Python (3.4.3),py,Accepted,110,24744,174,
s610964111,p02791,u189487046,1580422766,Python,Python (3.4.3),py,Time Limit Exceeded,2104,24744,144,
s093243076,p02791,u541032448,1580422497,Go,Go (1.6),go,Accepted,971,4992,322,
s367708358,p02791,u055459962,1580421963,C++,C++14 (GCC 5.4.1),cpp,Accepted,77,256,479,
s607667451,p02791,u541032448,1580421802,Ruby,Ruby (2.3.3),rb,Accepted,105,16516,149,
s437832332,p02791,u527984331,1580421555,Haskell,Haskell (GHC 7.10.3),hs,Accepted,888,36348,233,
s574497606,p02791,u037098269,1580421525,Python,Python (3.4.3),py,Accepted,246,34120,174,
s120358425,p02791,u840078428,1580419308,C++,C++14 (GCC 5.4.1),cpp,Accepted,18,1024,338,
s639353189,p02791,u840078428,1580419161,C++,C++14 (GCC 5.4.1),cpp,Wrong Answer,18,1024,348,
s038086381,p02791,u205367115,1580419026,C++,C++ (Clang 3.8.0),cpp,Accepted,167,1024,934,
s334891426,p02791,u219873484,1580418851,C++,C++14 (GCC 5.4.1),cpp,Accepted,20,5888,1385,
s600335808,p02791,u219873484,1580418519,C++,C++14 (GCC 5.4.1),cpp,Wrong Answer,19,4352,1323,
s101978687,p02791,u219873484,1580417680,C++,C++14 (GCC 5.4.1),cpp,Wrong Answer,18,4352,1321,
s331437129,p02791,u219873484,1580417332,C++,C++14 (GCC 5.4.1),cpp,Wrong Answer,18,4352,1332,
s805508499,p02791,u930705402,1580415144,Python,Python (3.4.3),py,Accepted,110,24744,146,
s933011415,p02791,u569195503,1580414958,Python,PyPy3 (2.4.0),py,Accepted,247,75472,133,
s959515013,p02791,u569195503,1580414932,Python,PyPy3 (2.4.0),py,Wrong Answer,264,75472,143,
s060736976,p02791,u569195503,1580414875,Python,PyPy3 (2.4.0),py,Runtime Error,183,52300,125,
s959458307,p02791,u573789921,1580413351,C++,C++14 (GCC 5.4.1),cpp,Accepted,60,1024,383,
s111030531,p02791,u573789921,1580412802,C++,C++14 (GCC 5.4.1),cpp,Wrong Answer,2103,1024,362,
s276633251,p02791,u829735607,1580410265,Python,Python (3.4.3),py,Accepted,168,27188,830,
s160956289,p02791,u175113369,1580410040,Ruby,Ruby (2.3.3),rb,Accepted,100,16516,120,
s105102917,p02791,u175113369,1580409944,Ruby,Ruby (2.3.3),rb,Runtime Error,7,1788,114,
s818612338,p02791,u175113369,1580409714,Ruby,Ruby (2.3.3),rb,Wrong Answer,109,16516,131,
s718185211,p02791,u175113369,1580408845,Ruby,Ruby (2.3.3),rb,Wrong Answer,108,16516,141,
s699989156,p02791,u622585907,1580408757,C++,C++14 (GCC 5.4.1),cpp,Accepted,78,1024,3870,
s871909723,p02791,u175113369,1580407979,Ruby,Ruby (2.3.3),rb,Wrong Answer,109,16516,122,
s892009905,p02791,u175113369,1580407554,Ruby,Ruby (2.3.3),rb,Wrong Answer,109,16516,124,
s944785392,p02791,u829735607,1580407389,Python,Python (3.4.3),py,Time Limit Exceeded,2105,27180,872,
s096095065,p02791,u829735607,1580407349,Python,Python (3.4.3),py,Time Limit Exceeded,2105,27188,890,
s423853457,p02791,u809054673,1580406564,Python,Python (3.4.3),py,Accepted,106,24744,150,
s599148154,p02791,u547010320,1580403815,Java,Java8 (OpenJDK 1.8.0),java,Accepted,574,82936,642,
s683301282,p02791,u264547551,1580403194,C++,C++14 (GCC 5.4.1),cpp,Wrong Answer,2103,1024,393,
s052676029,p02791,u264547551,1580402938,C++,C++14 (GCC 5.4.1),cpp,Wrong Answer,2103,1024,392,
s289160309,p02791,u264547551,1580402852,C++,C++14 (GCC 5.4.1),cpp,Wrong Answer,2103,1024,395,
s305813560,p02791,u960687982,1580402686,C++,C++14 (GCC 5.4.1),cpp,Accepted,79,256,467,
s779742957,p02791,u264547551,1580400879,C++,C++14 (GCC 5.4.1),cpp,Compile Error,,,360,
s449870917,p02791,u138781768,1580400827,Python,Python (3.4.3),py,Accepted,89,24744,143,
s154248920,p02791,u138781768,1580400733,Python,Python (3.4.3),py,Wrong Answer,90,26012,142,
s166862754,p02791,u138781768,1580400677,Python,Python (3.4.3),py,Wrong Answer,101,24744,142,
s373924216,p02791,u791883159,1580400327,C++,C++14 (GCC 5.4.1),cpp,Wrong Answer,77,1024,280,
s442082112,p02791,u791883159,1580399907,C++,C++14 (GCC 5.4.1),cpp,Wrong Answer,77,1024,259,
s445618880,p02791,u791883159,1580399871,C++,C++14 (GCC 5.4.1),cpp,Wrong Answer,77,1024,259,
s634764373,p02791,u297367713,1580399801,Python,Python (3.4.3),py,Accepted,105,24744,158,
s263056077,p02791,u297367713,1580399660,Python,Python (3.4.3),py,Accepted,109,24744,158,
s296894016,p02791,u791883159,1580399325,C++,C++14 (GCC 5.4.1),cpp,Wrong Answer,77,1024,258,
s922588805,p02791,u297367713,1580399259,Python,Python (3.4.3),py,Wrong Answer,115,26012,195,
s683274113,p02791,u297367713,1580399197,Python,Python (3.4.3),py,Runtime Error,17,2940,205,
s413634469,p02791,u791883159,1580399180,C++,C++14 (GCC 5.4.1),cpp,Wrong Answer,78,1024,259,
s462746977,p02791,u297367713,1580399148,Python,Python (3.4.3),py,Wrong Answer,114,24744,187,
s836603901,p02791,u297367713,1580399063,Python,Python (3.4.3),py,Wrong Answer,64,17780,142,
s925763238,p02791,u172147273,1580398857,Python,Python (3.4.3),py,Accepted,93,24740,146,
s017144228,p02791,u296343454,1580398763,C++,C++14 (GCC 5.4.1),cpp,Accepted,79,256,225,
s592471069,p02791,u808916291,1580398636,Python,PyPy3 (2.4.0),py,Accepted,247,77464,155,
s475511664,p02791,u297367713,1580398566,Python,Python (3.4.3),py,Wrong Answer,66,17940,142,
s336213399,p02791,u172147273,1580398530,C++,C++14 (GCC 5.4.1),cpp,Accepted,77,1024,220,
s620462594,p02791,u296343454,1580398369,C++,C++14 (GCC 5.4.1),cpp,Wrong Answer,78,256,203,
s021187242,p02791,u295294832,1580398367,Python,Python (3.4.3),py,Time Limit Exceeded,2109,34060,190,
s084714672,p02791,u296343454,1580398240,C++,C++14 (GCC 5.4.1),cpp,Wrong Answer,77,256,204,
s369417914,p02791,u172147273,1580398090,C++,C++14 (GCC 5.4.1),cpp,Wrong Answer,77,1024,215,
s190414770,p02791,u297367713,1580397869,Python,Python (3.4.3),py,Wrong Answer,92,17780,138,
s433199923,p02791,u368249389,1580397818,Python,Python (3.4.3),py,Accepted,110,24744,343,
s747808008,p02791,u368249389,1580397403,Python,Python (3.4.3),py,Time Limit Exceeded,2105,24744,241,
s090650828,p02791,u363836311,1580397269,Python,Python (3.4.3),py,Accepted,107,24744,150,
s826292153,p02791,u368249389,1580397245,Python,PyPy3 (2.4.0),py,Time Limit Exceeded,2113,136756,221,
s874060796,p02791,u084703180,1580397043,C++,C++14 (GCC 5.4.1),cpp,Accepted,77,256,187,
s239009012,p02791,u368249389,1580397043,Python,PyPy3 (2.4.0),py,Time Limit Exceeded,2114,137344,326,
s976718396,p02791,u368249389,1580395979,Python,PyPy3 (2.4.0),py,Wrong Answer,2112,139560,285,
s745743287,p02791,u023540496,1580387019,C++,C++14 (GCC 5.4.1),cpp,Accepted,17,256,457,
s446504945,p02791,u715036868,1580385109,C++,C++14 (GCC 5.4.1),cpp,Accepted,76,256,373,
s731190322,p02791,u870192050,1580382035,C++,C++14 (GCC 5.4.1),cpp,Accepted,76,256,277,
s014477310,p02791,u287843391,1580380608,F#,F# (Mono 4.0),fs,Accepted,130,34268,250,
s956647773,p02791,u140188123,1580376421,Python,Python (3.4.3),py,Accepted,134,24744,182,
s689847584,p02791,u998169143,1580374907,Python,Python (3.4.3),py,Accepted,244,34020,203,
s224421319,p02791,u998169143,1580371441,Python,Python (3.4.3),py,Time Limit Exceeded,2109,34040,209,
s067470812,p02791,u998169143,1580370111,Python,Python (3.4.3),py,Time Limit Exceeded,2110,34016,169,
s197425886,p02791,u388323466,1580367153,C++,C++14 (GCC 5.4.1),cpp,Accepted,62,1024,347,
s427838013,p02791,u908542666,1580362856,C++,C++14 (GCC 5.4.1),cpp,Accepted,21,256,332,
s666061526,p02791,u067105756,1580362429,C,C (GCC 5.4.1),c,Time Limit Exceeded,2103,896,383,
s358233448,p02791,u100659799,1580357878,C++,C++14 (Clang 3.8.0),cpp,Accepted,158,888,575,
s491253074,p02791,u100659799,1580356703,C++,C++14 (Clang 3.8.0),cpp,Wrong Answer,2103,3568,791,
s828188197,p02791,u874706642,1580347821,C++,C++14 (GCC 5.4.1),cpp,Accepted,78,256,548,
s991947898,p02791,u029315034,1580340214,Go,Go (1.6),go,Accepted,39,3584,588,
s489325220,p02791,u379142263,1580339189,Python,Python (3.4.3),py,Time Limit Exceeded,2104,24744,259,
s477209704,p02791,u610801172,1580338778,Python,Python (3.4.3),py,Accepted,115,25984,705,
s420959371,p02791,u589374519,1580338249,C++,C++14 (GCC 5.4.1),cpp,Accepted,63,1024,322,
s146962332,p02791,u589374519,1580338078,C++,C++14 (GCC 5.4.1),cpp,Time Limit Exceeded,2103,1024,520,
s486801149,p02791,u589374519,1580337313,C++,C++14 (GCC 5.4.1),cpp,Time Limit Exceeded,2103,1024,395,
s836815269,p02791,u589374519,1580336994,C++,C++14 (GCC 5.4.1),cpp,Time Limit Exceeded,2107,1024,353,
s997739059,p02791,u569272329,1580336903,C++,C++14 (GCC 5.4.1),cpp,Accepted,67,1920,490,
s903892768,p02791,u569272329,1580334599,C++,C++14 (GCC 5.4.1),cpp,Time Limit Exceeded,2103,1024,518,
s226072511,p02791,u620961063,1580334435,C++,C++14 (GCC 5.4.1),cpp,Accepted,18,256,1157,
s715186624,p02791,u024383312,1580334113,Python,Python (3.4.3),py,Accepted,89,24744,149,
s209773940,p02791,u610801172,1580334020,Python,Python (3.4.3),py,Time Limit Exceeded,2105,25984,787,
s650423409,p02791,u610801172,1580333902,Python,Python (3.4.3),py,Time Limit Exceeded,2105,27872,765,
s731241638,p02791,u942424304,1580333013,Python,Python (3.4.3),py,Accepted,112,24744,148,
s609785450,p02791,u942424304,1580332904,Python,Python (3.4.3),py,Wrong Answer,128,24744,152,
s674316659,p02791,u942424304,1580332830,Python,Python (3.4.3),py,Wrong Answer,131,24744,146,
s643555441,p02791,u740284863,1580332669,Fortran,Fortran (gfortran v4.8.4),f,Time Limit Exceeded,2107,1536,283,
s546212344,p02791,u740284863,1580332629,Fortran,Fortran (gfortran v4.8.4),f,Wrong Answer,2103,4480,296,
s513439020,p02791,u942424304,1580332444,Python,Python (3.4.3),py,Wrong Answer,132,24744,129,
s413383641,p02791,u942424304,1580332347,Python,Python (3.4.3),py,Wrong Answer,135,24744,130,
s796685450,p02791,u740284863,1580332157,Python,PyPy3 (2.4.0),py,Time Limit Exceeded,2112,138348,183,
s687825054,p02791,u740284863,1580332126,Python,Python (3.4.3),py,Time Limit Exceeded,2104,24744,182,
s148485068,p02791,u732421371,1580330973,C++,C++14 (GCC 5.4.1),cpp,Accepted,63,1024,434,
s531057722,p02791,u942424304,1580330899,Python,Python (3.4.3),py,Wrong Answer,121,24744,127,
s003490670,p02791,u942424304,1580330802,C,C (GCC 5.4.1),c,Compile Error,,,139,
s899235841,p02791,u942424304,1580330675,C,C (GCC 5.4.1),c,Compile Error,,,158,
s793015435,p02791,u388323466,1580328344,C++,C++14 (GCC 5.4.1),cpp,Wrong Answer,62,1024,331,
s416552748,p02791,u258879700,1580324161,C++,C++14 (GCC 5.4.1),cpp,Accepted,12,256,577,
s385981251,p02791,u819330049,1580323148,PHP,PHP (5.6.30),php,Accepted,111,40180,224,
s031748369,p02791,u819330049,1580323071,PHP,PHP (5.6.30),php,Wrong Answer,103,40308,220,
s097474619,p02791,u441599836,1580321662,Python,Python (3.4.3),py,Accepted,112,24744,156,
s042136682,p02791,u666979183,1580321233,C++,C++14 (GCC 5.4.1),cpp,Accepted,61,1024,400,
s103722527,p02791,u686878148,1580318984,C++,C++14 (GCC 5.4.1),cpp,Accepted,60,1792,537,
s600515396,p02791,u704625420,1580318813,C++,C++14 (GCC 5.4.1),cpp,Accepted,19,1024,1991,
s820214373,p02791,u806201407,1580318532,C++,C++14 (GCC 5.4.1),cpp,Accepted,76,256,283,
s312927995,p02791,u700986952,1580318470,C++,C++14 (GCC 5.4.1),cpp,Accepted,62,1024,785,
s761715602,p02791,u686878148,1580318234,C++,C++14 (GCC 5.4.1),cpp,Time Limit Exceeded,2103,1792,411,
s079698654,p02791,u686878148,1580317982,C++,C++14 (GCC 5.4.1),cpp,Time Limit Exceeded,2103,1024,405,
s421275637,p02791,u795058347,1580317513,C++,C++14 (GCC 5.4.1),cpp,Accepted,18,256,3389,
s632686345,p02791,u004411048,1580317476,C++,C++14 (GCC 5.4.1),cpp,Accepted,64,3840,760,
s782723732,p02791,u743272507,1580314875,Python,Python (3.4.3),py,Accepted,91,24920,125,
s223649057,p02791,u376380063,1580313833,Python,Python (3.4.3),py,Accepted,80,24744,453,
s042715857,p02791,u615570905,1580311270,C++,C++14 (GCC 5.4.1),cpp,Accepted,78,1024,230,
s574057859,p02791,u735069283,1580311247,Python,Python (3.4.3),py,Accepted,153,24744,144,
s981186864,p02791,u615570905,1580310779,C++,C++14 (GCC 5.4.1),cpp,Time Limit Exceeded,2103,1024,274,
s853263843,p02791,u096449582,1580309816,Ruby,Ruby (2.3.3),rb,Accepted,99,16516,169,
s177251808,p02791,u452379143,1580309377,C++,C++14 (GCC 5.4.1),cpp,Accepted,76,256,210,
s397692451,p02791,u442877951,1580306777,Python,Python (3.4.3),py,Runtime Error,18,3060,141,
s602677751,p02791,u768638812,1580305149,C++,C++14 (GCC 5.4.1),cpp,Wrong Answer,61,1024,299,
s829520993,p02791,u751843916,1580304381,Python,Python (3.4.3),py,Accepted,154,24744,135,
s544722026,p02791,u768638812,1580301453,C++,C++14 (GCC 5.4.1),cpp,Wrong Answer,61,1024,299,
s688055279,p02791,u768638812,1580301144,C++,C++14 (GCC 5.4.1),cpp,Wrong Answer,61,1152,298,
s824815243,p02791,u480892088,1580299166,C++,C++14 (GCC 5.4.1),cpp,Accepted,58,256,1008,
s628940225,p02791,u172569352,1580298431,Python,Python (3.4.3),py,Accepted,158,25768,161,
s346492426,p02791,u119088863,1580298334,C++,C++14 (GCC 5.4.1),cpp,Accepted,64,1400,361,
s281565554,p02791,u172569352,1580298319,Python,Python (3.4.3),py,Time Limit Exceeded,2104,25768,152,
s927337291,p02791,u751843916,1580296025,Python,Python (3.4.3),py,Time Limit Exceeded,2104,24744,203,
s990877709,p02791,u739095155,1580294712,C++,C++14 (GCC 5.4.1),cpp,Accepted,60,1024,314,
s883568438,p02791,u751843916,1580294215,Python,Python (3.4.3),py,Wrong Answer,110,24744,164,
s950604036,p02791,u965529378,1580293962,C++,C++14 (GCC 5.4.1),cpp,Accepted,19,1024,500,
s736529972,p02791,u965529378,1580293250,C++,C++14 (GCC 5.4.1),cpp,Time Limit Exceeded,2103,1024,549,
s073666732,p02791,u962002718,1580293049,C++,C++14 (GCC 5.4.1),cpp,Accepted,148,10496,314,
s887159879,p02791,u962002718,1580292886,C++,C++14 (GCC 5.4.1),cpp,Wrong Answer,214,10368,339,
s973552026,p02791,u962002718,1580292798,C++,C++14 (GCC 5.4.1),cpp,Runtime Error,309,10496,337,
s900124620,p02791,u055221623,1580287617,C++,C++14 (GCC 5.4.1),cpp,Accepted,20,256,271,
s274996528,p02791,u735707638,1580286929,C++,C++14 (GCC 5.4.1),cpp,Accepted,60,1024,428,
s091358117,p02791,u735707638,1580286520,C++,C++14 (GCC 5.4.1),cpp,Accepted,76,256,327,
s842296715,p02791,u735707638,1580286447,C++,C++14 (GCC 5.4.1),cpp,Wrong Answer,62,1024,392,
s361496831,p02791,u777258731,1580282477,C++,C++14 (GCC 5.4.1),cpp,Accepted,61,1400,342,
s885620821,p02791,u491153752,1580272001,C++,C++14 (GCC 5.4.1),cpp,Accepted,18,256,2236,
s958573918,p02791,u799635973,1580270543,Python,Python (3.4.3),py,Accepted,109,25768,165,
s732777909,p02791,u799635973,1580270440,Python,Python (3.4.3),py,Wrong Answer,132,24744,173,
s411857662,p02791,u258183816,1580259032,C++,C++14 (GCC 5.4.1),cpp,Accepted,63,256,385,
s624860335,p02791,u172147273,1580257233,C++,C++14 (GCC 5.4.1),cpp,Time Limit Exceeded,2103,1024,275,
s333796332,p02791,u172147273,1580256578,C++,C++14 (GCC 5.4.1),cpp,Time Limit Exceeded,2103,1024,267,
s130395405,p02791,u600402037,1580253164,Python,Python (3.4.3),py,Accepted,212,34136,246,
s956841450,p02791,u460749497,1580252899,C++,C++14 (GCC 5.4.1),cpp,Accepted,79,384,273,
s048463174,p02791,u178770699,1580252080,Kotlin,Kotlin (1.0.0),kt,Accepted,336,48028,870,
s202228723,p02791,u178770699,1580251811,Kotlin,Kotlin (1.0.0),kt,Compile Error,,,751,
s564541355,p02791,u994851087,1580251547,Python,Python (3.4.3),py,Time Limit Exceeded,2104,24744,152,
s705596461,p02791,u994851087,1580251342,Python,Python (3.4.3),py,Time Limit Exceeded,2104,24744,162,
s297964940,p02791,u994851087,1580251056,Python,Python (3.4.3),py,Time Limit Exceeded,2104,24744,208,
s991756385,p02791,u994851087,1580250851,Python,Python (3.4.3),py,Time Limit Exceeded,2108,24744,237,
s530257831,p02791,u994851087,1580250568,Python,Python (3.4.3),py,Time Limit Exceeded,2104,26012,221,
s992319056,p02791,u994851087,1580250372,Python,PyPy3 (2.4.0),py,Time Limit Exceeded,2108,75472,221,
s057321038,p02791,u700705777,1580248880,Python,Python (3.4.3),py,Accepted,109,24744,163,
s330044040,p02791,u159994501,1580247748,Python,Python (3.4.3),py,Accepted,112,24744,160,
s442416767,p02791,u950174376,1580247553,C++,C++14 (GCC 5.4.1),cpp,Accepted,77,1024,2601,
s947324908,p02791,u154183184,1580245945,C++,C++14 (GCC 5.4.1),cpp,Accepted,30,1024,470,
s776083035,p02791,u657913472,1580245200,Haskell,Haskell (GHC 7.10.3),hs,Accepted,935,38268,125,
s002556034,p02791,u013582910,1580242747,Python,Python (3.4.3),py,Accepted,77,17780,168,
s253754928,p02791,u802614675,1580241628,Go,Go (1.6),go,Accepted,951,4992,367,
s572329155,p02791,u751843916,1580239768,Python,Python (3.4.3),py,Time Limit Exceeded,2104,24744,199,
s229139180,p02791,u751843916,1580239591,Python,Python (3.4.3),py,Time Limit Exceeded,2104,24744,181,
s841804646,p02791,u703130538,1580238520,C++,C++14 (GCC 5.4.1),cpp,Accepted,62,1024,373,
s153573248,p02791,u680046686,1580236922,Python,Python (3.4.3),py,Accepted,109,24744,199,
s431713449,p02791,u680046686,1580236526,Python,Python (3.4.3),py,Time Limit Exceeded,2104,24744,204,
s656549340,p02791,u680046686,1580236449,Python,Python (3.4.3),py,Runtime Error,64,24744,183,
s916399501,p02791,u680046686,1580236188,Python,Python (3.4.3),py,Runtime Error,17,2940,184,
s139677830,p02791,u106297876,1580233368,Python,PyPy3 (2.4.0),py,Accepted,251,76496,164,
s571037184,p02791,u213649374,1580233123,C++,C++14 (GCC 5.4.1),cpp,Accepted,59,256,300,
s870293809,p02791,u408375121,1580232040,Python,Python (3.4.3),py,Accepted,112,24744,182,
s814396646,p02791,u213649374,1580231748,C++,C++14 (GCC 5.4.1),cpp,Time Limit Exceeded,2103,1024,345,
s569966570,p02791,u408375121,1580231639,Python,Python (3.4.3),py,Time Limit Exceeded,2108,24744,160,
s575823455,p02791,u408375121,1580231241,Python,Python (3.4.3),py,Runtime Error,65,24744,157,
s266679699,p02791,u737546410,1580230947,Java,Java8 (OpenJDK 1.8.0),java,Accepted,574,63420,468,
s854831073,p02791,u583888880,1580230770,C++,C++14 (GCC 5.4.1),cpp,Accepted,60,1024,378,
s177473860,p02791,u975026125,1580230054,Java,Java8 (OpenJDK 1.8.0),java,Accepted,388,58100,481,
s246692542,p02791,u939198091,1580229971,Python,Python (3.4.3),py,Accepted,219,34004,301,
s251285011,p02791,u939198091,1580229835,Python,Python (3.4.3),py,Runtime Error,152,12496,303,
s943492419,p02791,u583888880,1580229615,C++,C++14 (GCC 5.4.1),cpp,Time Limit Exceeded,2103,1024,537,
s885827071,p02791,u975026125,1580228945,Java,Java8 (OpenJDK 1.8.0),java,Time Limit Exceeded,2109,57164,573,
s807246838,p02791,u430681166,1580228632,C++,C++14 (GCC 5.4.1),cpp,Accepted,18,256,662,
s871162865,p02791,u430681166,1580228417,C++,C++14 (GCC 5.4.1),cpp,Wrong Answer,18,256,644,
s571106116,p02791,u845284573,1580224545,C++,C++14 (GCC 5.4.1),cpp,Accepted,60,1024,1311,
s809615700,p02791,u690536347,1580224466,Python,PyPy3 (2.4.0),py,Accepted,267,84432,141,
s504684873,p02791,u686848263,1580223626,C++,C++14 (GCC 5.4.1),cpp,Accepted,78,1024,271,
s504472159,p02791,u633020228,1580222535,C++,C++14 (GCC 5.4.1),cpp,Accepted,18,1792,910,
s982336450,p02791,u101061242,1580221798,C++,C++14 (GCC 5.4.1),cpp,Accepted,19,1024,1315,
s912424130,p02791,u589578850,1580220431,Python,Python (3.4.3),py,Accepted,148,24872,185,
s662796393,p02791,u589578850,1580220167,Python,Python (3.4.3),py,Time Limit Exceeded,2104,24744,159,
s160711939,p02791,u589578850,1580218617,Python,Python (3.4.3),py,Wrong Answer,2104,36352,320,
s878582197,p02791,u140188123,1580217139,Python,Python (3.4.3),py,Time Limit Exceeded,2104,24744,152,
s459119704,p02791,u539004514,1580216412,C++,C++14 (GCC 5.4.1),cpp,Accepted,78,256,356,
s272212075,p02791,u290956456,1580214642,C++,C++14 (GCC 5.4.1),cpp,Accepted,76,256,313,
s868107636,p02791,u290956456,1580214514,C++,C++14 (GCC 5.4.1),cpp,Wrong Answer,77,256,310,
s956981279,p02791,u290956456,1580214247,C++,C++14 (GCC 5.4.1),cpp,Wrong Answer,77,256,327,
s804806940,p02791,u457483230,1580212766,C++,C++14 (GCC 5.4.1),cpp,Accepted,60,1792,352,
s192538042,p02791,u624463308,1580211764,C++,C++14 (GCC 5.4.1),cpp,Accepted,18,256,585,
s742239716,p02791,u694163146,1580208529,C++,C++14 (GCC 5.4.1),cpp,Accepted,79,256,288,
s171988736,p02791,u694163146,1580207222,C++,C++14 (GCC 5.4.1),cpp,Wrong Answer,76,256,270,
s126174457,p02791,u694163146,1580207182,C++,C++14 (GCC 5.4.1),cpp,Wrong Answer,76,256,268,
s229211893,p02791,u694163146,1580207154,C++,C++14 (GCC 5.4.1),cpp,Compile Error,,,260,
s659268413,p02791,u995997203,1580205971,C++,C++14 (GCC 5.4.1),cpp,Accepted,19,1024,811,
s443603160,p02791,u697641414,1580204680,C++,C++14 (GCC 5.4.1),cpp,Accepted,76,256,264,
s095950336,p02791,u207250646,1580192333,C++,C++14 (GCC 5.4.1),cpp,Accepted,19,256,410,
s372608048,p02791,u578509549,1580191604,C++,C++14 (GCC 5.4.1),cpp,Accepted,25,1400,308,
s380645114,p02791,u529371621,1580176032,C++,C++14 (GCC 5.4.1),cpp,Accepted,76,256,256,
s788477825,p02791,u949911426,1580175294,Rust,Rust (1.15.1),rs,Accepted,14,8444,3203,
s157126424,p02791,u507687295,1580174312,C++,C++14 (GCC 5.4.1),cpp,Time Limit Exceeded,2103,1024,389,
s996655205,p02791,u507687295,1580173950,C++,C++14 (GCC 5.4.1),cpp,Runtime Error,129,640,385,
s159862940,p02791,u507687295,1580173879,C++,C++14 (GCC 5.4.1),cpp,Runtime Error,130,640,386,
s790880394,p02791,u711686772,1580172204,C++,C++14 (GCC 5.4.1),cpp,Accepted,76,256,299,
s446287991,p02791,u711686772,1580172127,C++,C++14 (GCC 5.4.1),cpp,Compile Error,,,298,
s566438310,p02791,u049546354,1580171823,C++,C++14 (GCC 5.4.1),cpp,Accepted,18,256,409,
s593377527,p02791,u774263141,1580168505,C++,C++14 (GCC 5.4.1),cpp,Accepted,78,256,314,
s452423583,p02791,u438329926,1580168435,Haskell,Haskell (GHC 7.10.3),hs,Accepted,24,4476,447,
s593237975,p02791,u438329926,1580168406,Haskell,Haskell (GHC 7.10.3),hs,Compile Error,,,457,
s434356510,p02791,u774263141,1580168220,C++,C++14 (GCC 5.4.1),cpp,Wrong Answer,78,256,302,
s201935650,p02791,u276204978,1580165414,Python,Python (3.4.3),py,Accepted,249,34104,194,
s997970646,p02791,u276204978,1580164998,Python,Python (3.4.3),py,Time Limit Exceeded,2109,34016,177,
s693060290,p02791,u276204978,1580164792,Python,Python (3.4.3),py,Time Limit Exceeded,2109,34028,193,
s638081009,p02791,u180345531,1580164156,C++,C++14 (GCC 5.4.1),cpp,Accepted,88,1024,6387,
s740643046,p02791,u180345531,1580164099,C++,C++14 (GCC 5.4.1),cpp,Runtime Error,144,640,6387,
s536399253,p02791,u276204978,1580163630,Python,Python (3.4.3),py,Wrong Answer,79,24744,202,
s194865360,p02791,u140188123,1580163570,Python,Python (3.4.3),py,Time Limit Exceeded,2104,24744,143,
s823148200,p02791,u140188123,1580163459,Python,Python (3.4.3),py,Runtime Error,65,24744,140,
s930476086,p02791,u140188123,1580162420,Python,Python (3.4.3),py,Time Limit Exceeded,2105,24744,159,
s026776261,p02791,u140188123,1580162277,Python,PyPy3 (2.4.0),py,Time Limit Exceeded,2108,77392,159,
s876487636,p02791,u224590796,1580162146,C++,C++14 (GCC 5.4.1),cpp,Accepted,21,1024,317,
s006981484,p02791,u379710681,1580161880,C++,C++14 (GCC 5.4.1),cpp,Accepted,78,1792,584,
s126458710,p02791,u921722790,1580160392,C++,C++14 (GCC 5.4.1),cpp,Accepted,86,11264,1349,
s827566857,p02791,u951073166,1580159503,C++,C++14 (GCC 5.4.1),cpp,Accepted,63,1024,367,
s188728142,p02791,u955887368,1580158954,C++,C++14 (GCC 5.4.1),cpp,Accepted,21,1024,328,
s597063148,p02791,u848058000,1580158883,C++,C++14 (GCC 5.4.1),cpp,Accepted,76,1024,379,
s965200907,p02791,u955887368,1580158544,C++,C++14 (GCC 5.4.1),cpp,Wrong Answer,23,1024,326,
s441587530,p02791,u955887368,1580158490,C++,C++14 (GCC 5.4.1),cpp,Compile Error,,,324,
s224969261,p02791,u848058000,1580158279,C++,C++14 (GCC 5.4.1),cpp,Time Limit Exceeded,2103,1024,447,
s509325714,p02791,u914762730,1580157094,C++,C++14 (GCC 5.4.1),cpp,Accepted,21,1792,620,
s176091447,p02791,u033523569,1580156303,Python,Python (3.4.3),py,Accepted,130,24744,160,
s501605162,p02791,u033523569,1580156236,Python,Python (3.4.3),py,Wrong Answer,128,26012,159,
s509676833,p02791,u047630381,1580155821,Java,Java8 (OpenJDK 1.8.0),java,Accepted,593,85096,447,
s110654380,p02791,u140191608,1580155263,Python,Python (3.4.3),py,Accepted,150,24744,168,
s770549975,p02791,u140191608,1580155015,Python,Python (3.4.3),py,Time Limit Exceeded,2108,24744,166,
s463310943,p02791,u780475861,1580153812,Python,Python (3.4.3),py,Accepted,96,25116,118,
s557404525,p02791,u454290303,1580150196,C++,C++14 (GCC 5.4.1),cpp,Accepted,24,256,596,
s885276969,p02791,u515052479,1580149405,Python,Python (3.4.3),py,Accepted,107,26004,237,
s381307715,p02791,u033523569,1580148455,Python,Python (3.4.3),py,Time Limit Exceeded,2104,24744,212,
s246787983,p02791,u515052479,1580147868,Python,Python (3.4.3),py,Time Limit Exceeded,2109,35420,300,
s666404718,p02791,u855985627,1580147826,C++,C++14 (GCC 5.4.1),cpp,Accepted,18,1024,3616,
s805880861,p02791,u855985627,1580147722,C++,C++14 (GCC 5.4.1),cpp,Wrong Answer,18,1024,3616,
s388683531,p02791,u515052479,1580147641,Python,Python (3.4.3),py,Runtime Error,169,13080,246,
s975376720,p02791,u515052479,1580147276,Python,Python (3.4.3),py,Runtime Error,17,3060,216,
s649391751,p02791,u876442898,1580147153,C++,C++14 (GCC 5.4.1),cpp,Accepted,61,256,621,
s502175676,p02791,u163703551,1580147146,Python,Python (3.4.3),py,Accepted,450,26096,540,
s488968670,p02791,u515052479,1580146970,Python,Python (3.4.3),py,Time Limit Exceeded,2109,35412,300,
s298927001,p02791,u163703551,1580146920,Python,Python (3.4.3),py,Accepted,124,25380,499,
s563070795,p02791,u515052479,1580146900,Python,Python (3.4.3),py,Runtime Error,17,3060,216,
s097317347,p02791,u583354994,1580145277,C++,C++14 (GCC 5.4.1),cpp,Accepted,76,384,470,
s214426077,p02791,u913025634,1580143840,C++,C++14 (GCC 5.4.1),cpp,Wrong Answer,64,1024,328,
s210626689,p02791,u913025634,1580143758,C++,C++14 (GCC 5.4.1),cpp,Wrong Answer,63,1024,329,
s822968473,p02791,u161067211,1580142848,C++,C++14 (GCC 5.4.1),cpp,Accepted,60,1792,350,
s772297344,p02791,u161067211,1580142506,C++,C++14 (GCC 5.4.1),cpp,Time Limit Exceeded,2103,1792,443,
s783222182,p02791,u717687462,1580141526,C++,C++14 (GCC 5.4.1),cpp,Accepted,21,1024,887,
s244168577,p02791,u587202199,1580140552,C++,C++14 (GCC 5.4.1),cpp,Accepted,59,1792,268,
s009102362,p02791,u556672233,1580140311,Python,PyPy3 (2.4.0),py,Accepted,254,75344,170,
s226897776,p02791,u059919679,1580138562,C++,C++14 (GCC 5.4.1),cpp,Accepted,78,1024,400,
s252647878,p02791,u573673983,1580137833,Python,Python (3.4.3),py,Accepted,183,24744,209,
s830074083,p02791,u573673983,1580137776,Python,PyPy3 (2.4.0),py,Runtime Error,243,76192,208,
s538030626,p02791,u573673983,1580137027,Python,PyPy3 (2.4.0),py,Time Limit Exceeded,2110,137152,138,
s049397659,p02791,u606523772,1580135632,Python,Python (3.4.3),py,Accepted,112,24744,180,
s623673770,p02791,u852613820,1580134899,Python,Python (3.4.3),py,Accepted,91,24744,2231,
s431368816,p02791,u393693918,1580134749,Python,Python (3.4.3),py,Accepted,106,24744,170,
s639667495,p02791,u913025634,1580133557,C++,C++14 (GCC 5.4.1),cpp,Wrong Answer,61,1024,305,
s711020640,p02791,u407385821,1580132817,C++,C++14 (GCC 5.4.1),cpp,Time Limit Exceeded,2103,1024,400,
s679666031,p02791,u979452668,1580132335,C++,C++14 (GCC 5.4.1),cpp,Accepted,76,256,255,
s065864472,p02791,u449402702,1580132149,C++,C++14 (GCC 5.4.1),cpp,Accepted,20,5888,1503,
s184812646,p02791,u677149117,1580132148,C++,C++14 (GCC 5.4.1),cpp,Accepted,66,1024,1173,
s478551945,p02791,u598710706,1580131012,C#,C# (Mono 4.6.2.0),cs,Accepted,110,31964,9174,
s575506402,p02791,u638720739,1580113613,Python,Python (3.4.3),py,Time Limit Exceeded,2104,25768,208,
s427835118,p02791,u505331148,1580102696,C++,C++14 (GCC 5.4.1),cpp,Accepted,77,1024,402,
s364711905,p02791,u332926534,1580101507,Python,Python (3.4.3),py,Accepted,117,24744,161,
s534574241,p02791,u363338355,1580101129,Ruby,Ruby (2.3.3),rb,Wrong Answer,2108,17436,68,
s491679804,p02791,u363338355,1580101063,Ruby,Ruby (2.3.3),rb,Runtime Error,7,1788,71,
s404711573,p02791,u363338355,1580100236,Ruby,Ruby (2.3.3),rb,Runtime Error,7,1788,71,
s587286815,p02791,u363338355,1580100019,Ruby,Ruby (2.3.3),rb,Runtime Error,7,1788,69,
s132162137,p02791,u363338355,1580099953,Ruby,Ruby (2.3.3),rb,Runtime Error,7,1788,66,
s798876501,p02791,u363338355,1580099912,Ruby,Ruby (2.3.3),rb,Runtime Error,7,3836,65,
s037104759,p02791,u363338355,1580099858,Ruby,Ruby (2.3.3),rb,Runtime Error,7,1788,62,
s867549354,p02791,u014250021,1580098780,Python,PyPy3 (2.4.0),py,Runtime Error,168,38256,264,
s523248900,p02791,u656538922,1580098126,Ruby,Ruby (2.3.3),rb,Accepted,103,15236,175,
s081090362,p02791,u014250021,1580098082,Python,Python (3.4.3),py,Accepted,179,26012,211,
s825975796,p02791,u540066138,1580093447,C++,C++14 (GCC 5.4.1),cpp,Accepted,76,256,245,
s435807250,p02791,u912438064,1580092253,C++,C++14 (GCC 5.4.1),cpp,Accepted,59,384,371,
s648485682,p02791,u912438064,1580092163,C++,C++14 (GCC 5.4.1),cpp,Wrong Answer,58,256,371,
s405580424,p02791,u912438064,1580091858,C++,C++14 (GCC 5.4.1),cpp,Wrong Answer,76,384,336,
s316518486,p02791,u488499228,1580091753,C++,C++14 (GCC 5.4.1),cpp,Accepted,17,256,337,
s591991455,p02791,u912438064,1580091744,C++,C++14 (GCC 5.4.1),cpp,Wrong Answer,76,256,329,
s226542329,p02791,u377850460,1580091696,C++,C++14 (GCC 5.4.1),cpp,Accepted,17,256,2061,
s044804546,p02791,u540066138,1580091054,C++,C++14 (GCC 5.4.1),cpp,Time Limit Exceeded,2103,1024,304,
s189706757,p02791,u540066138,1580090557,C++,C++14 (GCC 5.4.1),cpp,Time Limit Exceeded,2103,1024,336,
s787250859,p02791,u448973897,1580090464,C++,C++14 (GCC 5.4.1),cpp,Accepted,19,1400,1329,
s660470529,p02791,u540066138,1580090369,C++,C++14 (GCC 5.4.1),cpp,Time Limit Exceeded,2107,1024,360,
s119764724,p02791,u540066138,1580089826,C++,C++14 (GCC 5.4.1),cpp,Time Limit Exceeded,2103,1024,385,
s075676391,p02791,u516805102,1580083384,C++,C++14 (GCC 5.4.1),cpp,Accepted,20,896,328,
s304138882,p02791,u516805102,1580082187,C++,C++14 (GCC 5.4.1),cpp,Accepted,23,1792,1095,
s699026494,p02791,u516805102,1580081986,C++,C++14 (GCC 5.4.1),cpp,Wrong Answer,2103,1792,566,
s412650891,p02791,u561870477,1580080645,Python,Python (3.4.3),py,Accepted,128,24744,182,
s758198167,p02791,u171356453,1580080503,Fortran,Fortran (gfortran v4.8.4),f,Runtime Error,16,1536,995,
s137285048,p02791,u561870477,1580080292,Python,Python (3.4.3),py,Time Limit Exceeded,2104,24744,140,
s214884956,p02791,u851356296,1580079800,C,C (GCC 5.4.1),c,Time Limit Exceeded,2103,1664,614,
s040540180,p02791,u561870477,1580079558,Python,Python (3.4.3),py,Time Limit Exceeded,2104,24744,232,
s597873356,p02791,u611581322,1580078422,C++,C++14 (GCC 5.4.1),cpp,Accepted,60,1792,415,
s291152220,p02791,u611581322,1580078199,C++,C++14 (GCC 5.4.1),cpp,Wrong Answer,60,1792,411,
s014443167,p02791,u975789781,1580078071,C++,C++14 (GCC 5.4.1),cpp,Accepted,26,1024,1583,
s556822130,p02791,u738269785,1580077914,Python,Python (3.4.3),py,Accepted,117,25768,210,
s743795090,p02791,u738269785,1580077528,Python,Python (3.4.3),py,Wrong Answer,135,25768,215,
s636489814,p02791,u738269785,1580077262,Python,Python (3.4.3),py,Wrong Answer,131,25768,213,
s164392700,p02791,u817523595,1580076947,C++,C++14 (GCC 5.4.1),cpp,Wrong Answer,62,1024,692,
s572852748,p02791,u817523595,1580076894,C++,C++14 (GCC 5.4.1),cpp,Wrong Answer,63,1024,691,
s161205487,p02791,u726663384,1580076806,Python,Python (3.4.3),py,Accepted,115,25768,194,
s309882574,p02791,u594518120,1580076777,Python,PyPy3 (2.4.0),py,Accepted,257,75472,168,
s405131496,p02791,u441197772,1580076341,Python,Python (3.4.3),py,Accepted,110,24744,307,
s861375738,p02791,u726663384,1580075999,Python,Python (3.4.3),py,Time Limit Exceeded,2104,24744,227,
s658127573,p02791,u614320306,1580075984,Python,Python (3.4.3),py,Accepted,154,24744,162,
s964146746,p02791,u985845435,1580075960,C++,C++14 (GCC 5.4.1),cpp,Accepted,137,11136,695,
s979756568,p02791,u757184869,1580075707,Python,Python (3.4.3),py,Wrong Answer,2104,25768,145,
s842604181,p02791,u800948590,1580075420,C++,C++14 (GCC 5.4.1),cpp,Accepted,18,256,447,
s174549111,p02791,u757184869,1580075416,Python,PyPy3 (2.4.0),py,Runtime Error,223,99696,142,
s629558669,p02791,u812179198,1580075111,C++,C++14 (GCC 5.4.1),cpp,Accepted,79,384,300,
s047450129,p02791,u730476362,1580074637,C++,C++14 (GCC 5.4.1),cpp,Accepted,65,1792,1481,
s719775440,p02791,u331121156,1580073680,C++,C++14 (GCC 5.4.1),cpp,Accepted,21,256,275,
s934491892,p02791,u608306652,1580072992,C++,C++14 (GCC 5.4.1),cpp,Accepted,18,256,375,
s200262890,p02791,u728120584,1580072729,Python,Python (3.4.3),py,Accepted,103,24744,171,
s808157861,p02791,u608306652,1580072529,C++,C++14 (GCC 5.4.1),cpp,Wrong Answer,28,2168,573,
s336417413,p02791,u608306652,1580072231,C++,C++14 (GCC 5.4.1),cpp,Wrong Answer,28,2168,571,
s337833254,p02791,u084411645,1580072004,C++,C++14 (GCC 5.4.1),cpp,Accepted,19,1024,668,
s078057207,p02791,u955887368,1580071104,C++,C++14 (GCC 5.4.1),cpp,Time Limit Exceeded,2103,1024,416,
s702222793,p02791,u955887368,1580071007,C++,C++14 (GCC 5.4.1),cpp,Compile Error,,,397,
s397389596,p02791,u955887368,1580070452,C++,C++14 (GCC 5.4.1),cpp,Time Limit Exceeded,2103,1024,385,
s896129707,p02791,u270596530,1580070385,C++,C++ (GCC 5.4.1),cpp,Accepted,77,256,205,
s514002383,p02791,u284511928,1580070284,C++,C++14 (GCC 5.4.1),cpp,Time Limit Exceeded,2103,1024,313,
s021168480,p02791,u305781333,1580070261,Python,Python (3.4.3),py,Accepted,147,24744,158,
s426028245,p02791,u955887368,1580069748,C++,C++14 (GCC 5.4.1),cpp,Time Limit Exceeded,2103,1024,388,
s008771441,p02791,u150022918,1580069679,C++,C++14 (GCC 5.4.1),cpp,Time Limit Exceeded,2103,1024,297,
s090447698,p02791,u955887368,1580069506,C++,C++14 (GCC 5.4.1),cpp,Wrong Answer,2103,1024,380,
s509166027,p02791,u150022918,1580069339,C++,C++14 (GCC 5.4.1),cpp,Wrong Answer,77,1024,229,
s169066105,p02791,u150022918,1580069244,C++,C++14 (GCC 5.4.1),cpp,Wrong Answer,77,1024,229,
s140875877,p02791,u142136760,1580069185,C++,C++14 (GCC 5.4.1),cpp,Wrong Answer,408,3584,392,
s550909928,p02791,u142136760,1580069125,C++,C++14 (GCC 5.4.1),cpp,Wrong Answer,392,3584,392,
s911639557,p02791,u157379742,1580068809,Python,PyPy3 (2.4.0),py,Accepted,252,75644,1232,
s231165441,p02791,u219290217,1580068790,C++,C++14 (GCC 5.4.1),cpp,Wrong Answer,2103,1024,520,
s988188687,p02791,u354492470,1580068690,Python,Python (3.4.3),py,Time Limit Exceeded,2104,24744,220,
s572556316,p02791,u863150907,1580068666,Python,Python (3.4.3),py,Accepted,121,24744,218,
s540013232,p02791,u976560086,1580068648,C++,C++14 (GCC 5.4.1),cpp,Accepted,19,1792,75759,
s406358293,p02791,u055775081,1580068541,C++,C++14 (GCC 5.4.1),cpp,Wrong Answer,60,256,244,
s355081074,p02791,u479462609,1580068514,Python,Python (3.4.3),py,Accepted,110,24744,187,
s748489287,p02791,u519759783,1580068302,C++,C++14 (Clang 3.8.0),cpp,Accepted,167,1792,501,
s352658238,p02791,u820925909,1580068203,C++,C++14 (GCC 5.4.1),cpp,Accepted,63,1024,448,
s329176399,p02791,u490963780,1580067990,C++,C++14 (GCC 5.4.1),cpp,Wrong Answer,77,1024,574,
s937099955,p02791,u490963780,1580067782,C++,C++14 (GCC 5.4.1),cpp,Time Limit Exceeded,2103,1024,696,
s285248434,p02791,u185518252,1580067766,C++,C++14 (GCC 5.4.1),cpp,Accepted,61,764,1404,
s494586246,p02791,u219290217,1580067652,C++,C++14 (GCC 5.4.1),cpp,Time Limit Exceeded,2103,1024,420,
s793556316,p02791,u943982899,1580067635,Python,Python (3.4.3),py,Accepted,99,24744,187,
s719372457,p02791,u006817280,1580067476,Python,Python (3.4.3),py,Accepted,89,25716,365,
s574106749,p02791,u452684981,1580067471,C++,C++14 (GCC 5.4.1),cpp,Accepted,79,1792,346,
s377776628,p02791,u943982899,1580067420,Python,Python (3.4.3),py,Time Limit Exceeded,2104,24744,170,
s970850586,p02791,u006817280,1580067114,Python,Python (3.4.3),py,Time Limit Exceeded,2104,25348,471,
s889246565,p02791,u943982899,1580066722,Python,Python (3.4.3),py,Time Limit Exceeded,2108,24744,220,
s998655486,p02791,u309985845,1580066721,C++,C++14 (GCC 5.4.1),cpp,Accepted,21,256,223,
s251221121,p02791,u683751117,1580066708,C++,C++14 (GCC 5.4.1),cpp,Accepted,18,1024,507,
s090127471,p02791,u080096625,1580066329,Java,Java8 (OpenJDK 1.8.0),java,Accepted,588,65420,970,
s758745271,p02791,u219290217,1580066318,C++,C++14 (GCC 5.4.1),cpp,Time Limit Exceeded,2103,1024,414,
s052901751,p02791,u080096625,1580066291,Java,Java8 (OpenJDK 1.8.0),java,Compile Error,,,967,
s606729171,p02791,u207359046,1580066109,Python,Python (3.4.3),py,Accepted,116,25768,211,
s362366458,p02791,u478452067,1580064872,C,C (GCC 5.4.1),c,Accepted,22,896,417,
s978319262,p02791,u259170411,1580064654,C++,C++14 (GCC 5.4.1),cpp,Accepted,82,1024,332,
s089577072,p02791,u478452067,1580064573,C,C (GCC 5.4.1),c,Time Limit Exceeded,2103,896,460,
s789752383,p02791,u971089878,1580064223,C++,C++14 (GCC 5.4.1),cpp,Accepted,61,1792,483,
s879371419,p02791,u259170411,1580064214,C++,C++14 (GCC 5.4.1),cpp,Time Limit Exceeded,2103,1024,398,
s311948472,p02791,u519759783,1580064193,C++,C++14 (Clang 3.8.0),cpp,Time Limit Exceeded,2103,1024,532,
s029180263,p02791,u971089878,1580063786,C++,C++14 (GCC 5.4.1),cpp,Time Limit Exceeded,2103,1024,457,
s821703267,p02791,u478452067,1580063268,Python,Python (3.4.3),py,Time Limit Exceeded,2109,34152,189,
s798107529,p02791,u399973890,1580062782,Python,Python (3.4.3),py,Accepted,155,24744,159,
s310575056,p02791,u284848973,1580062005,C++,C++14 (GCC 5.4.1),cpp,Accepted,18,1792,1563,
s539815850,p02791,u312374400,1580061774,C++,C++14 (GCC 5.4.1),cpp,Runtime Error,117,384,468,
s486985107,p02791,u436019023,1580061740,C++,C++14 (GCC 5.4.1),cpp,Accepted,59,1792,363,
s290017080,p02791,u841215059,1580061671,Java,Java8 (OpenJDK 1.8.0),java,Accepted,110,24788,3781,
s452526169,p02791,u312374400,1580061614,C++,C++14 (GCC 5.4.1),cpp,Runtime Error,105,256,468,
s873318958,p02791,u942393279,1580061583,C++,C++14 (GCC 5.4.1),cpp,Accepted,60,3328,725,
s886525792,p02791,u942393279,1580061560,C++,C++14 (GCC 5.4.1),cpp,Wrong Answer,375,4608,737,
s576106780,p02791,u312374400,1580061480,C++,C++14 (GCC 5.4.1),cpp,Runtime Error,110,384,453,
s789822343,p02791,u942393279,1580061331,C++,C++14 (GCC 5.4.1),cpp,Wrong Answer,60,3456,725,
s459105648,p02791,u942393279,1580061305,C++,C++14 (GCC 5.4.1),cpp,Runtime Error,139,1408,725,
s128059890,p02791,u111044572,1580060744,Java,Java8 (OpenJDK 1.8.0),java,Time Limit Exceeded,2109,85660,836,
s117053333,p02791,u500338327,1580060701,C++,C++14 (GCC 5.4.1),cpp,Accepted,77,1024,231,
s764849689,p02791,u111044572,1580060675,Java,Java8 (OpenJDK 1.8.0),java,Compile Error,,,707,
s478829556,p02791,u271369517,1580060492,C,C (GCC 5.4.1),c,Wrong Answer,22,896,265,
s139462423,p02791,u271369517,1580060453,C,C (GCC 5.4.1),c,Compile Error,,,265,
s387829091,p02791,u767871438,1580060316,C++,C++14 (GCC 5.4.1),cpp,Accepted,136,9600,241,
s766754759,p02791,u963646695,1580060259,C++,C++14 (GCC 5.4.1),cpp,Accepted,77,256,2163,
s279745237,p02791,u767871438,1580059966,C++,C++14 (GCC 5.4.1),cpp,Time Limit Exceeded,2103,1024,329,
s167934398,p02791,u702142173,1580059823,C++,C++14 (GCC 5.4.1),cpp,Accepted,19,3328,1132,
s653964341,p02791,u124659583,1580059671,C++,C++14 (GCC 5.4.1),cpp,Accepted,66,1024,482,
s683512731,p02791,u271369517,1580059602,C,C (GCC 5.4.1),c,Time Limit Exceeded,2103,896,350,
s775985781,p02791,u271369517,1580059576,C,C (GCC 5.4.1),c,Compile Error,,,349,
s758814140,p02791,u124659583,1580059568,C++,C++14 (GCC 5.4.1),cpp,Wrong Answer,64,1024,565,
s219276137,p02791,u353895424,1580059492,Python,Python (3.4.3),py,Accepted,140,24744,184,
s848918786,p02791,u124659583,1580058996,C++,C++14 (GCC 5.4.1),cpp,Time Limit Exceeded,2103,1024,423,
s337714437,p02791,u111044572,1580058652,Java,Java8 (OpenJDK 1.8.0),java,Time Limit Exceeded,2109,82448,506,
s641148824,p02791,u124659583,1580058610,C++,C++14 (GCC 5.4.1),cpp,Time Limit Exceeded,2103,1024,446,
s482379314,p02791,u124659583,1580058442,C++,C++14 (GCC 5.4.1),cpp,Time Limit Exceeded,2103,1024,486,
s759035364,p02791,u588235520,1580058271,Python,PyPy3 (2.4.0),py,Time Limit Exceeded,2112,137244,164,
s143164176,p02791,u204478136,1580058219,Python,Python (3.4.3),py,Accepted,111,24744,198,
s893600069,p02791,u637390672,1580058198,Haskell,Haskell (GHC 7.10.3),hs,Accepted,960,38268,441,
s041670773,p02791,u191339101,1580058000,Go,Go (1.6),go,Accepted,48,8448,492,
s314432164,p02791,u588235520,1580057942,Python,PyPy3 (2.4.0),py,Time Limit Exceeded,2111,137144,186,
s746663137,p02791,u204478136,1580057480,Python,Python (3.4.3),py,Time Limit Exceeded,2104,24744,182,
s591316335,p02791,u230371175,1580057123,Java,Java8 (OpenJDK 1.8.0),java,Accepted,572,64508,530,
s444579282,p02791,u191339101,1580057044,Go,Go (1.6),go,Time Limit Exceeded,2107,1280,528,
s765233744,p02791,u646792990,1580056964,C++,C++14 (GCC 5.4.1),cpp,Accepted,61,1792,363,
s903867592,p02791,u515052479,1580056830,Python,Python (3.4.3),py,Time Limit Exceeded,2109,35432,300,
s103381315,p02791,u629036250,1580056763,Python,Python (3.4.3),py,Time Limit Exceeded,2104,24744,194,
s508470476,p02791,u629036250,1580056714,Python,Python (3.4.3),py,Wrong Answer,2104,24744,193,
s485738322,p02791,u591589288,1580056570,Python,PyPy3 (2.4.0),py,Accepted,241,75472,154,
s367963558,p02791,u629036250,1580056436,Python,Python (3.4.3),py,Wrong Answer,2104,18052,163,
s546953646,p02791,u515052479,1580056173,Python,Python (3.4.3),py,Runtime Error,148,12488,243,
s334594071,p02791,u679245300,1580056146,C++,C++14 (GCC 5.4.1),cpp,Accepted,67,1024,396,
s561555643,p02791,u670724685,1580055970,Python,Python (3.4.3),py,Wrong Answer,2104,17940,151,
s141168598,p02791,u204478136,1580055652,Python,Python (3.4.3),py,Time Limit Exceeded,2104,25768,184,
s450061211,p02791,u279604464,1580055573,C++,C++14 (GCC 5.4.1),cpp,Accepted,78,1024,279,
s201567763,p02791,u116523315,1580055503,C++,C++14 (GCC 5.4.1),cpp,Accepted,77,256,265,
s539471392,p02791,u204478136,1580055288,Python,Python (3.4.3),py,Time Limit Exceeded,2104,25768,177,
s843965675,p02791,u204478136,1580055231,Python,Python (3.4.3),py,Runtime Error,72,24744,176,
s079233218,p02791,u414568024,1580055228,C++,C++14 (GCC 5.4.1),cpp,Accepted,63,1024,425,
s733319653,p02791,u204478136,1580055190,Python,Python (3.4.3),py,Runtime Error,73,25768,183,
s013436124,p02791,u043308881,1580055130,C++,C++14 (GCC 5.4.1),cpp,Accepted,79,1024,484,
s718439635,p02791,u499497733,1580055021,Go,Go (1.6),go,Accepted,40,3584,585,
s189967397,p02791,u499497733,1580054987,Go,Go (1.6),go,Runtime Error,3,640,585,
s808803861,p02791,u137087473,1580054843,Java,Java8 (OpenJDK 1.8.0),java,Accepted,114,25940,19449,
s453780702,p02791,u773115096,1580054715,C++,C++14 (GCC 5.4.1),cpp,Accepted,78,1024,1019,
s413567465,p02791,u696805736,1580054559,Python,Python (3.4.3),py,Accepted,153,24744,157,
s722041077,p02791,u723574055,1580054011,C++,C++14 (GCC 5.4.1),cpp,Accepted,21,1792,455,
s009591657,p02791,u580631296,1580053781,C++,C++14 (GCC 5.4.1),cpp,Accepted,60,1024,489,
s753219171,p02791,u191339101,1580053607,Go,Go (1.6),go,Time Limit Exceeded,2107,4096,525,
s942785183,p02791,u629036250,1580053040,Python,Python (3.4.3),py,Wrong Answer,2104,17800,164,
s540904034,p02791,u160658459,1580052688,C++,C++14 (Clang 3.8.0),cpp,Wrong Answer,67,12400,2815,
s984859776,p02791,u629036250,1580052538,Python,Python (3.4.3),py,Wrong Answer,2105,17940,198,
s605053743,p02791,u788544244,1580052272,C++,C++14 (GCC 5.4.1),cpp,Accepted,78,256,263,
s248430478,p02791,u629036250,1580052108,Python,Python (3.4.3),py,Runtime Error,35,17780,180,
s667312463,p02791,u160658459,1580052042,C++,C++14 (Clang 3.8.0),cpp,Time Limit Exceeded,2104,12672,2718,
s984667885,p02791,u858107870,1580051875,C++,C++14 (GCC 5.4.1),cpp,Accepted,17,256,686,
s419881244,p02791,u279604464,1580051667,C++,C++14 (GCC 5.4.1),cpp,Wrong Answer,78,1792,341,
s605294428,p02791,u160658459,1580051532,C++,C++14 (Clang 3.8.0),cpp,Time Limit Exceeded,2104,12272,2767,
s748998663,p02791,u279604464,1580050882,C++,C++14 (GCC 5.4.1),cpp,Wrong Answer,80,1792,343,
s329781573,p02791,u817240026,1580050800,C++,C++14 (GCC 5.4.1),cpp,Accepted,21,1024,388,
s702270098,p02791,u318165580,1580050632,Python,PyPy3 (2.4.0),py,Time Limit Exceeded,2108,77392,166,
s287859328,p02791,u022688266,1580050311,C++,C++14 (GCC 5.4.1),cpp,Accepted,18,256,1012,
s062486672,p02791,u851447314,1580050260,Python,Python (3.4.3),py,Accepted,180,24744,185,
s244315677,p02791,u022688266,1580050192,C++,C++14 (GCC 5.4.1),cpp,Compile Error,,,1013,
s524514172,p02791,u022688266,1580050148,C++,C++14 (GCC 5.4.1),cpp,Compile Error,,,1015,
s439107084,p02791,u022688266,1580049807,C++,C++14 (GCC 5.4.1),cpp,Wrong Answer,17,256,961,
s991210238,p02791,u249910602,1580048855,Kotlin,Kotlin (1.0.0),kt,Accepted,649,82440,1185,
s501261574,p02791,u249910602,1580048811,Kotlin,Kotlin (1.0.0),kt,Compile Error,,,1219,
s279962916,p02791,u123443984,1580048723,Python,Python (3.4.3),py,Accepted,106,24744,169,
s568146752,p02791,u735909278,1580048704,C++,C++14 (GCC 5.4.1),cpp,Accepted,60,1024,374,
s126722121,p02791,u123443984,1580048365,Python,Python (3.4.3),py,Time Limit Exceeded,2104,24744,142,
s436919494,p02791,u792021037,1580047956,C++,C++14 (GCC 5.4.1),cpp,Accepted,18,256,1260,
s389703821,p02791,u782387599,1580047932,C++,C++14 (GCC 5.4.1),cpp,Accepted,18,1792,749,
s258266709,p02791,u782387599,1580047746,C++,C++14 (GCC 5.4.1),cpp,Wrong Answer,18,1792,747,
s169064123,p02791,u468647389,1580047708,C++,C++14 (GCC 5.4.1),cpp,Accepted,19,1024,739,
s436412430,p02791,u577170763,1580047118,Python,Python (3.4.3),py,Accepted,80,24744,444,
s507535803,p02791,u577170763,1580047075,Python,Python (3.4.3),py,Runtime Error,17,2940,442,
s835906535,p02791,u577170763,1580047043,Python,Python (3.4.3),py,Runtime Error,17,3060,416,
s653118091,p02791,u384900964,1580046905,Rust,Rust (1.15.1),rs,Accepted,13,6524,1559,
s974186245,p02791,u398685345,1580046900,C++,C++14 (GCC 5.4.1),cpp,Wrong Answer,61,1024,300,
s084351776,p02791,u391630195,1580046136,Python,Python (3.4.3),py,Wrong Answer,116,24744,156,
s491198744,p02791,u398685345,1580045948,C++,C++14 (GCC 5.4.1),cpp,Wrong Answer,2103,1792,424,
s932758339,p02791,u398685345,1580045411,C++,C++14 (GCC 5.4.1),cpp,Time Limit Exceeded,2103,1024,325,
s685019606,p02791,u476155259,1580045329,C++,C++14 (GCC 5.4.1),cpp,Accepted,22,1024,1028,
s387211056,p02791,u796877631,1580045268,C++,C++14 (GCC 5.4.1),cpp,Accepted,60,1024,362,
s935608643,p02791,u704703586,1580045116,C++,C++14 (GCC 5.4.1),cpp,Accepted,19,1024,470,
s476062638,p02791,u476155259,1580044273,C++,C++14 (GCC 5.4.1),cpp,Time Limit Exceeded,2103,1024,855,
s858613509,p02791,u476155259,1580043897,C++,C++14 (GCC 5.4.1),cpp,Time Limit Exceeded,2103,1024,832,
s336155204,p02791,u398685345,1580043616,C++,C++14 (GCC 5.4.1),cpp,Time Limit Exceeded,2103,1024,416,
s401253071,p02791,u384900964,1580043426,Rust,Rust (1.15.1),rs,Time Limit Exceeded,2103,6396,1512,
s372913022,p02791,u503509918,1580041449,C,C (GCC 5.4.1),c,Accepted,23,896,354,
s292095062,p02791,u503509918,1580041407,C,C (GCC 5.4.1),c,Wrong Answer,22,896,354,
s432586504,p02791,u503509918,1580040987,C,C (GCC 5.4.1),c,Wrong Answer,15,384,360,
s139130072,p02791,u057633934,1580040845,C++,C++14 (GCC 5.4.1),cpp,Accepted,22,1024,353,
s482154534,p02791,u166553470,1580040741,C++,C++14 (GCC 5.4.1),cpp,Accepted,60,1024,300,
s388533920,p02791,u166553470,1580040552,C++,C++14 (GCC 5.4.1),cpp,Wrong Answer,60,1024,300,
s933903001,p02791,u984465701,1580040154,Java,Java8 (OpenJDK 1.8.0),java,Accepted,202,44048,1237,
s037913792,p02791,u418618289,1580039344,Go,Go (1.6),go,Accepted,63,14976,1084,
s867421289,p02791,u166378830,1580038990,C++,C++14 (GCC 5.4.1),cpp,Accepted,59,256,297,
s950017732,p02791,u166378830,1580038819,C++,C++14 (GCC 5.4.1),cpp,Wrong Answer,58,256,294,
s728683828,p02791,u936985471,1580038714,Python,Python (3.4.3),py,Accepted,111,24744,126,
s248748435,p02791,u418618289,1580038629,Go,Go (1.6),go,Time Limit Exceeded,2108,14976,1084,
s606243894,p02791,u503509918,1580038360,C,C (GCC 5.4.1),c,Wrong Answer,2103,384,484,
s770118011,p02791,u003545532,1580038156,C++,C++14 (GCC 5.4.1),cpp,Accepted,77,1024,387,
s173354252,p02791,u003545532,1580037797,C++,C++14 (GCC 5.4.1),cpp,Time Limit Exceeded,2103,1024,372,
s119743239,p02791,u418618289,1580037647,Go,Go (1.6),go,Runtime Error,3,768,776,
s824942946,p02791,u082601076,1580037034,Python,Python (3.4.3),py,Accepted,112,24744,140,
s695612775,p02791,u671252250,1580036805,Python,Python (3.4.3),py,Accepted,154,25128,334,
s650357564,p02791,u671252250,1580036325,Python,Python (3.4.3),py,Time Limit Exceeded,2104,25124,254,
s094912808,p02791,u566571310,1580035604,C++,C++14 (GCC 5.4.1),cpp,Accepted,63,1024,494,
s725531614,p02791,u082601076,1580035198,Python,Python (3.4.3),py,Time Limit Exceeded,2104,24744,129,
s870666179,p02791,u082601076,1580035025,Python,Python (3.4.3),py,Wrong Answer,2104,24744,151,
s527093109,p02791,u816645498,1580034064,C++,C++14 (GCC 5.4.1),cpp,Accepted,21,1792,524,
s866579165,p02791,u082601076,1580033861,Python,Python (3.4.3),py,Time Limit Exceeded,2104,24744,225,
s082867296,p02791,u082601076,1580033724,Python,Python (3.4.3),py,Time Limit Exceeded,2104,24744,220,
s835346909,p02791,u082601076,1580033605,Python,Python (3.4.3),py,Time Limit Exceeded,2104,24744,208,
s370562116,p02791,u957084285,1580033564,C++,C++14 (GCC 5.4.1),cpp,Time Limit Exceeded,2103,1024,817,
s808761964,p02791,u082601076,1580033335,Python,Python (3.4.3),py,Wrong Answer,2104,24920,220,
s549025083,p02791,u082601076,1580033265,Python,Python (3.4.3),py,Wrong Answer,2104,26012,224,
s786328325,p02791,u082601076,1580032240,Python,Python (3.4.3),py,Runtime Error,65,24744,221,
s461199161,p02791,u368142546,1580031236,C++,C++14 (GCC 5.4.1),cpp,Wrong Answer,2103,1024,388,
s808392801,p02791,u861223045,1580030550,Python,Python (3.4.3),py,Accepted,111,25768,201,
s603222641,p02791,u431042158,1580020040,C++,C++14 (GCC 5.4.1),cpp,Accepted,61,256,473,
s927974233,p02791,u931971262,1580017274,C++,C++14 (GCC 5.4.1),cpp,Accepted,77,256,286,
s186977790,p02791,u818971154,1580005337,C++,C++14 (GCC 5.4.1),cpp,Accepted,77,1792,341,
s886615777,p02791,u818971154,1580004695,C++,C++14 (GCC 5.4.1),cpp,Time Limit Exceeded,2103,1024,317,
s575470994,p02791,u453339133,1580002540,Java,Java8 (OpenJDK 1.8.0),java,Accepted,579,84008,436,
s024938715,p02791,u602464225,1580001652,C++,C++14 (GCC 5.4.1),cpp,Accepted,76,1024,382,
s201346660,p02791,u547469554,1580000609,C++,C++14 (GCC 5.4.1),cpp,Accepted,20,1792,374,
s209346665,p02791,u547469554,1580000212,C++,C++14 (GCC 5.4.1),cpp,Runtime Error,100,256,368,
s982391973,p02791,u012004082,1580000161,C++,C++14 (GCC 5.4.1),cpp,Accepted,77,1024,380,
s817115752,p02791,u719238648,1579999836,C++,C++14 (GCC 5.4.1),cpp,Accepted,76,256,414,
s153068976,p02791,u445083524,1579999635,C++,C++14 (GCC 5.4.1),cpp,Accepted,77,1024,359,
s419796285,p02791,u181039779,1579998391,Java,Java8 (OpenJDK 1.8.0),java,Accepted,570,79584,2070,
s358241313,p02791,u211311366,1579998009,C++,C++14 (GCC 5.4.1),cpp,Accepted,77,256,414,
s279444018,p02791,u648316001,1579997740,C++,C++14 (GCC 5.4.1),cpp,Accepted,60,1024,393,
s231204201,p02791,u648316001,1579997469,C++,C++14 (GCC 5.4.1),cpp,Time Limit Exceeded,2103,1024,504,
s342166330,p02791,u299626104,1579995778,C++,C++14 (GCC 5.4.1),cpp,Accepted,21,256,266,
s247509929,p02791,u064100484,1579995105,Ruby,Ruby (2.3.3),rb,Accepted,97,15236,136,
s403161904,p02791,u064100484,1579995053,Ruby,Ruby (2.3.3),rb,Runtime Error,7,1788,94,
s564630627,p02791,u703950586,1579994945,Python,Python (3.4.3),py,Accepted,107,24744,165,
s248967424,p02791,u921168761,1579994811,Scheme,Scheme (Gauche 0.9.3.3),scm,Accepted,131,4988,218,
s724683974,p02791,u703950586,1579994505,Python,Python (3.4.3),py,Wrong Answer,87,24744,173,
s058211055,p02791,u703950586,1579994225,Python,Python (3.4.3),py,Wrong Answer,83,24872,170,
s916092134,p02791,u928025324,1579992216,C#,C# (Mono 4.6.2.0),cs,Accepted,105,34012,18469,
s845022517,p02791,u514960601,1579991583,Python,Python (3.4.3),py,Wrong Answer,2104,24744,238,
s255791443,p02791,u888512581,1579989489,Python,Python (3.4.3),py,Runtime Error,157,24744,195,
s425777271,p02791,u888512581,1579989464,Python,Python (3.4.3),py,Runtime Error,153,24744,195,
s221805186,p02791,u888512581,1579989320,Python,Python (3.4.3),py,Runtime Error,155,24744,201,
s618376405,p02791,u870064349,1579987805,C#,C# (Mono 4.6.2.0),cs,Accepted,118,32348,576,
s806121758,p02791,u762183504,1579987625,C++,C++14 (GCC 5.4.1),cpp,Accepted,62,1792,677,
s073486829,p02791,u702996070,1579987492,C++,C++14 (GCC 5.4.1),cpp,Accepted,63,1792,963,
s852162341,p02791,u870064349,1579987399,C#,C# (Mono 4.6.2.0),cs,Wrong Answer,126,32220,628,
s379830917,p02791,u336024153,1579987380,C++,C++14 (GCC 5.4.1),cpp,Accepted,84,1024,262,
s549863422,p02791,u476054945,1579986952,C++,C++14 (GCC 5.4.1),cpp,Accepted,79,1024,241,
s140959259,p02791,u336024153,1579986926,C++,C++14 (GCC 5.4.1),cpp,Time Limit Exceeded,2103,1024,290,
s773433187,p02791,u686175224,1579986689,C++,C++14 (GCC 5.4.1),cpp,Time Limit Exceeded,2103,1024,2306,
s039143649,p02791,u476054945,1579986444,C++,C++14 (GCC 5.4.1),cpp,Wrong Answer,2103,1024,328,
s954913633,p02791,u476054945,1579986400,C++,C++14 (GCC 5.4.1),cpp,Wrong Answer,77,1024,328,
s842197052,p02791,u476054945,1579986071,C++,C++14 (GCC 5.4.1),cpp,Time Limit Exceeded,2107,1024,256,
s405775061,p02791,u353919145,1579984899,C,C (GCC 5.4.1),c,Accepted,22,896,369,
s252523308,p02791,u089230684,1579984827,C,C (GCC 5.4.1),c,Runtime Error,107,512,363,
s708426913,p02791,u234636620,1579984661,Fortran,Fortran (gfortran v4.8.4),f,Accepted,52,1536,351,
s159967804,p02791,u162612857,1579984567,Python,Python (3.4.3),py,Accepted,134,24744,186,
s399782719,p02791,u373450834,1579984404,C++,C++14 (GCC 5.4.1),cpp,Accepted,63,1024,538,
s168863444,p02791,u958948698,1579983499,C++,C++14 (GCC 5.4.1),cpp,Accepted,79,256,738,
s973102541,p02791,u870064349,1579983193,C#,C# (Mono 4.6.2.0),cs,Wrong Answer,130,32220,504,
s949897357,p02791,u958948698,1579983182,C++,C++14 (GCC 5.4.1),cpp,Wrong Answer,76,256,566,
s959344652,p02791,u264042550,1579982938,C++,C++14 (GCC 5.4.1),cpp,Accepted,19,1024,1158,
s522567020,p02791,u135863067,1579982786,C++,C++14 (GCC 5.4.1),cpp,Accepted,19,1024,1546,
s118017865,p02791,u152447503,1579982720,C++,C++14 (GCC 5.4.1),cpp,Accepted,18,256,1142,
s563323382,p02791,u119099532,1579982625,Ruby,Ruby (2.3.3),rb,Accepted,131,18948,311,
s413153708,p02791,u119099532,1579982481,Ruby,Ruby (2.3.3),rb,Wrong Answer,125,16900,290,
s979290459,p02791,u514129253,1579982340,Java,Java8 (OpenJDK 1.8.0),java,Accepted,448,49380,529,
s840020764,p02791,u850861362,1579982060,C++,C++14 (GCC 5.4.1),cpp,Compile Error,,,291,
s575761034,p02791,u514129253,1579981455,Java,Java8 (OpenJDK 1.8.0),java,Time Limit Exceeded,2109,51204,701,
s745445967,p02791,u944656871,1579981380,C++,C++14 (GCC 5.4.1),cpp,Accepted,60,1024,326,
s443748074,p02791,u476155259,1579980906,C++,C++14 (GCC 5.4.1),cpp,Compile Error,,,830,
s496128492,p02791,u119099532,1579980743,Ruby,Ruby (2.3.3),rb,Time Limit Exceeded,2108,20636,213,
s238697081,p02791,u476155259,1579980722,C++,C++14 (GCC 5.4.1),cpp,Time Limit Exceeded,2103,1024,832,
s084822246,p02791,u476155259,1579980544,C++,C++14 (GCC 5.4.1),cpp,Wrong Answer,2103,2304,830,
s785174156,p02791,u514129253,1579980384,Java,Java8 (OpenJDK 1.8.0),java,Time Limit Exceeded,2130,53204,750,
s168851864,p02791,u119099532,1579980329,Ruby,Ruby (2.3.3),rb,Time Limit Exceeded,2109,19204,251,
s511348832,p02791,u213006031,1579980273,C++,C++14 (GCC 5.4.1),cpp,Accepted,76,256,390,
s073769047,p02791,u961595602,1579979988,Python,Python (3.4.3),py,Accepted,111,23572,632,
s443100940,p02791,u966647557,1579979808,C++,C++14 (GCC 5.4.1),cpp,Accepted,79,1024,264,
s842822113,p02791,u089230684,1579979777,C,C (GCC 5.4.1),c,Accepted,22,896,310,
s388555246,p02791,u879581330,1579977269,C++,C++14 (GCC 5.4.1),cpp,Accepted,60,1024,333,
s394114890,p02791,u104922818,1579976692,C++,C++14 (GCC 5.4.1),cpp,Accepted,77,1152,344,
s099336136,p02791,u033676944,1579976659,C++,C++14 (GCC 5.4.1),cpp,Accepted,67,1792,311,
s552635259,p02791,u460375306,1579976620,Python,Python (3.4.3),py,Accepted,80,24744,801,
s574793415,p02791,u708590262,1579976571,C++,C++14 (GCC 5.4.1),cpp,Accepted,79,384,292,
s758912617,p02791,u460375306,1579976518,Python,Python (3.4.3),py,Runtime Error,17,3064,803,
s769354803,p02791,u104922818,1579976276,C++,C++14 (GCC 5.4.1),cpp,Time Limit Exceeded,2103,1024,368,
s039042280,p02791,u660694405,1579976079,C++,C++14 (GCC 5.4.1),cpp,Accepted,86,1024,278,
s790441384,p02791,u660694405,1579975872,C++,C++14 (GCC 5.4.1),cpp,Compile Error,,,274,
s166622262,p02791,u660694405,1579975588,C++,C++14 (GCC 5.4.1),cpp,Wrong Answer,78,1024,275,
s911817160,p02791,u660694405,1579975539,C++,C++14 (GCC 5.4.1),cpp,Compile Error,,,274,
s745432764,p02791,u813861561,1579974012,C++,C++14 (GCC 5.4.1),cpp,Accepted,78,256,1265,
s036785318,p02791,u442327849,1579973989,C++,C++14 (GCC 5.4.1),cpp,Accepted,18,1792,492,
s001912418,p02791,u868276730,1579973847,Ruby,Ruby (2.3.3),rb,Accepted,110,15228,136,
s885990681,p02791,u868276730,1579973733,Ruby,Ruby (2.3.3),rb,Accepted,104,15228,149,
s353440025,p02791,u868276730,1579973501,Ruby,Ruby (2.3.3),rb,Accepted,116,15356,150,
s522084017,p02791,u375616706,1579973483,Python,Python (3.4.3),py,Accepted,97,24744,151,
s200128863,p02791,u375616706,1579973404,Python,Python (3.4.3),py,Wrong Answer,76,24744,140,
s940957823,p02791,u438329926,1579973304,Haskell,Haskell (GHC 7.10.3),hs,Runtime Error,548,36348,233,
s329816763,p02791,u655777757,1579971817,C++,C++14 (GCC 5.4.1),cpp,Accepted,62,1024,1111,
s765903005,p02791,u716566635,1579971025,C++,C++14 (GCC 5.4.1),cpp,Accepted,60,1152,774,
s684077985,p02791,u950708010,1579970414,Python,PyPy3 (2.4.0),py,Accepted,244,70480,266,
s721783831,p02791,u481584122,1579969472,C++,C++14 (GCC 5.4.1),cpp,Accepted,77,256,331,
s729442433,p02791,u960142224,1579967350,C++,C++14 (GCC 5.4.1),cpp,Accepted,77,1024,449,
s083374886,p02791,u449352114,1579967206,C,C (GCC 5.4.1),c,Time Limit Exceeded,2103,1152,1032,
s130496657,p02791,u586273727,1579967152,C++,C++ (GCC 5.4.1),cpp,Accepted,18,1792,500,
s135421668,p02791,u960142224,1579966635,C++,C++14 (GCC 5.4.1),cpp,Runtime Error,106,256,448,
s746469338,p02791,u601321817,1579966522,Python,Python (3.4.3),py,Accepted,99,25768,143,
s878175412,p02791,u449352114,1579966425,C,C (GCC 5.4.1),c,Time Limit Exceeded,2103,1152,947,
s640772225,p02791,u449352114,1579966101,C,C (GCC 5.4.1),c,Time Limit Exceeded,2103,1152,943,
s691511401,p02791,u987170100,1579965694,Python,Python (3.4.3),py,Accepted,132,24744,154,
s384633521,p02791,u449352114,1579964860,C,C (GCC 5.4.1),c,Time Limit Exceeded,2103,1152,924,
s688898530,p02791,u277642816,1579964799,Python,Python (3.4.3),py,Accepted,105,24744,150,
s255795971,p02791,u449352114,1579964626,C,C (GCC 5.4.1),c,Time Limit Exceeded,2103,896,876,
s250904957,p02791,u277642816,1579964269,Python,Python (3.4.3),py,Time Limit Exceeded,2104,24744,163,
s562366632,p02791,u233149226,1579964087,C#,C# (Mono 4.6.2.0),cs,Accepted,108,31964,808,
s506887306,p02791,u284744415,1579964063,Python,Python (3.4.3),py,Accepted,110,24744,157,
s628661901,p02791,u284744415,1579963848,Python,Python (3.4.3),py,Wrong Answer,342,24744,178,
s438808639,p02791,u284744415,1579963793,Python,Python (3.4.3),py,Wrong Answer,518,24744,206,
s603584598,p02791,u032189172,1579963616,C++,C++14 (GCC 5.4.1),cpp,Accepted,77,384,494,
s688832880,p02791,u233149226,1579962961,C#,C# (Mono 4.6.2.0),cs,Wrong Answer,106,35676,716,
s441891260,p02791,u284744415,1579962888,Python,Python (3.4.3),py,Time Limit Exceeded,2104,25768,139,
s112384324,p02791,u233149226,1579962788,C#,C# (Mono 4.6.2.0),cs,Wrong Answer,2109,35676,804,
s092245519,p02791,u297507288,1579962784,Ruby,Ruby (2.3.3),rb,Accepted,98,15228,148,
s217490054,p02791,u780348602,1579961080,C++,C++14 (GCC 5.4.1),cpp,Accepted,77,1024,304,
s768010120,p02791,u854831509,1579960098,C++,C++14 (GCC 5.4.1),cpp,Accepted,63,1024,625,
s749499275,p02791,u404706753,1579959502,C++,C++14 (GCC 5.4.1),cpp,Accepted,79,256,270,
s624273444,p02791,u780348602,1579959320,C++,C++14 (GCC 5.4.1),cpp,Time Limit Exceeded,2103,1024,381,
s508175895,p02791,u439465393,1579959199,C++,C++14 (GCC 5.4.1),cpp,Accepted,141,14336,315,
s653026189,p02791,u439465393,1579958848,C++,C++14 (GCC 5.4.1),cpp,Wrong Answer,143,14336,331,
s876712703,p02791,u579699847,1579958706,Python,Python (3.4.3),py,Accepted,105,24744,168,
s596158038,p02791,u266874640,1579958399,C++,C++14 (GCC 5.4.1),cpp,Accepted,61,1024,339,
s675922706,p02791,u564094800,1579958104,C++,C++14 (GCC 5.4.1),cpp,Accepted,18,256,314,
s556209973,p02791,u579699847,1579958059,Python,Python (3.4.3),py,Time Limit Exceeded,2104,24744,165,
s570012589,p02791,u574211979,1579958011,Python,Python (3.4.3),py,Accepted,105,24744,191,
s831787026,p02791,u340228918,1579957886,C++,C++14 (GCC 5.4.1),cpp,Accepted,60,1792,329,
s820399484,p02791,u574211979,1579957780,Python,Python (3.4.3),py,Runtime Error,17,2940,179,
s259497538,p02791,u340228918,1579957613,C++,C++14 (GCC 5.4.1),cpp,Time Limit Exceeded,2103,1024,335,
s630767079,p02791,u574211979,1579957535,Python,Python (3.4.3),py,Time Limit Exceeded,2104,24744,211,
s360340784,p02791,u564094800,1579957489,C++,C++14 (GCC 5.4.1),cpp,Time Limit Exceeded,2103,1024,397,
s525435959,p02791,u095877092,1579956725,C++,C++14 (GCC 5.4.1),cpp,Accepted,18,256,555,
s564545532,p02791,u936205094,1579956593,C++,C++14 (GCC 5.4.1),cpp,Accepted,60,3328,537,
s798529412,p02791,u925673966,1579956590,C++,C++14 (GCC 5.4.1),cpp,Accepted,18,1792,499,
s722116130,p02791,u272150741,1579956584,C++,C++14 (GCC 5.4.1),cpp,Accepted,76,256,297,
s082997333,p02791,u272150741,1579956531,C++,C++14 (GCC 5.4.1),cpp,Wrong Answer,77,256,292,
s556132554,p02791,u820351940,1579956182,Python,Python (3.4.3),py,Accepted,89,24744,156,
s843648626,p02791,u272150741,1579955587,C++,C++14 (GCC 5.4.1),cpp,Time Limit Exceeded,2103,1024,282,
s421646165,p02791,u272150741,1579955459,C++,C++14 (GCC 5.4.1),cpp,Wrong Answer,2103,1024,301,
s471509349,p02791,u272150741,1579955053,C++,C++14 (GCC 5.4.1),cpp,Time Limit Exceeded,2103,1024,335,
s571757599,p02791,u272150741,1579954987,C++,C++14 (GCC 5.4.1),cpp,Wrong Answer,79,1024,308,
s698723194,p02791,u032189172,1579954678,C++,C++14 (GCC 5.4.1),cpp,Accepted,78,256,472,
s141295790,p02791,u360596432,1579953424,Python,Python (3.4.3),py,Accepted,115,25768,160,
s366345439,p02791,u635358463,1579952510,C++,C++14 (GCC 5.4.1),cpp,Accepted,77,256,318,
s102529844,p02791,u360596432,1579952507,Python,Python (3.4.3),py,Wrong Answer,2104,25768,146,
s635966516,p02791,u963949936,1579952196,Python,Python (3.4.3),py,Accepted,105,24744,160,
s964719930,p02791,u963949936,1579950746,Python,Python (3.4.3),py,Time Limit Exceeded,2104,24744,300,
s838969018,p02791,u891387249,1579950698,Scala,Scala (2.11.7),scala,Accepted,869,81124,478,
s654162067,p02791,u373450834,1579949700,C++,C++14 (GCC 5.4.1),cpp,Accepted,60,1024,418,
s128526999,p02791,u105791541,1579949522,C++,C++14 (GCC 5.4.1),cpp,Accepted,22,1024,782,
s049028210,p02791,u109256064,1579949302,C++,C++14 (GCC 5.4.1),cpp,Accepted,18,256,801,
s148299880,p02791,u141378465,1579948268,C++,C++14 (GCC 5.4.1),cpp,Accepted,18,1024,1538,
s606810728,p02791,u528266730,1579947576,Python,Python (3.4.3),py,Accepted,115,24744,281,
s055577826,p02791,u621836526,1579947332,C++,C++14 (GCC 5.4.1),cpp,Wrong Answer,61,1792,1360,
s974784436,p02791,u621836526,1579946262,C++,C++14 (GCC 5.4.1),cpp,Time Limit Exceeded,2103,1792,1167,
s827836010,p02791,u671395265,1579946196,F#,F# (Mono 4.0),fs,Accepted,145,35544,244,
s901958637,p02791,u105791541,1579944475,C++,C++14 (GCC 5.4.1),cpp,Accepted,111,10496,852,
s039284895,p02791,u127768253,1579944439,C++,C++14 (GCC 5.4.1),cpp,Accepted,62,1024,651,
s930369139,p02791,u904123392,1579944375,C++,C++14 (GCC 5.4.1),cpp,Accepted,77,256,275,
s714164597,p02791,u707853565,1579944046,C++,C++14 (GCC 5.4.1),cpp,Accepted,76,256,682,
s510985819,p02791,u366035313,1579944015,Java,Java8 (OpenJDK 1.8.0),java,Accepted,288,47888,1102,
s586766284,p02791,u468643492,1579943679,C++,C++14 (GCC 5.4.1),cpp,Accepted,62,1024,273,
s655011641,p02791,u141378465,1579943303,C++,C++14 (GCC 5.4.1),cpp,Accepted,18,1024,1538,
s966439186,p02791,u058597183,1579942472,C++,C++14 (GCC 5.4.1),cpp,Accepted,18,1024,1104,
s223642877,p02791,u013629972,1579941377,Python,Python (3.4.3),py,Accepted,242,26036,788,
s537656495,p02791,u483814783,1579940777,C++,C++14 (Clang 3.8.0),cpp,Accepted,167,256,1762,
s140590051,p02791,u899782392,1579940632,Python,Python (3.4.3),py,Accepted,143,25748,207,
s216128226,p02791,u899782392,1579940580,Python,Python (3.4.3),py,Runtime Error,20,5492,204,
s854686438,p02791,u213401801,1579940539,Python,PyPy3 (2.4.0),py,Accepted,246,76496,136,
s721915062,p02791,u891849765,1579920453,C++,C++14 (GCC 5.4.1),cpp,Wrong Answer,2103,1408,440,
s846978138,p02791,u891849765,1579920211,C++,C++14 (GCC 5.4.1),cpp,Wrong Answer,2103,1280,346,
s964607672,p02791,u102194372,1579918377,C++,C++14 (GCC 5.4.1),cpp,Accepted,18,1024,2498,
s349573779,p02791,u654999036,1579917579,C++,C++14 (GCC 5.4.1),cpp,Accepted,17,256,474,
s299502630,p02791,u083041127,1579917566,C++,C++14 (GCC 5.4.1),cpp,Accepted,18,1792,975,
s408718182,p02791,u654999036,1579917533,C++,C++14 (GCC 5.4.1),cpp,Wrong Answer,18,256,473,
s379523528,p02791,u186415333,1579916729,C++,C++14 (GCC 5.4.1),cpp,Accepted,19,1024,348,
s834823300,p02791,u686230543,1579913921,Python,Python (3.4.3),py,Accepted,94,17940,131,
s736792726,p02791,u253759478,1579913849,Go,Go (1.6),go,Accepted,38,2048,344,
s655717180,p02791,u587447760,1579913511,C++,C++14 (GCC 5.4.1),cpp,Runtime Error,129,1024,772,
s055028558,p02791,u592818901,1579913383,C++,C++14 (GCC 5.4.1),cpp,Accepted,20,5120,751,
s678076258,p02791,u352350187,1579911754,C++,C++14 (GCC 5.4.1),cpp,Accepted,77,1024,278,
s045012257,p02791,u814659744,1579910981,PHP,PHP (5.6.30),php,Accepted,194,40452,359,
s572413615,p02791,u057079894,1579908928,Python,Python (3.4.3),py,Accepted,108,24744,159,
s060622884,p02791,u665310498,1579908915,Java,Java8 (OpenJDK 1.8.0),java,Accepted,109,22868,3101,
s570862389,p02791,u572138437,1579908901,C++,C++14 (GCC 5.4.1),cpp,Accepted,18,1792,559,
s142840323,p02791,u057079894,1579908837,Python,Python (3.4.3),py,Wrong Answer,106,24744,157,
s830414498,p02791,u665310498,1579908140,Java,Java8 (OpenJDK 1.8.0),java,Wrong Answer,106,24384,3048,
s293583534,p02791,u303633930,1579907868,Python,Python (3.4.3),py,Accepted,129,23892,361,
s709493970,p02791,u397037010,1579907727,C++,C++14 (GCC 5.4.1),cpp,Accepted,62,1024,3192,
s647096982,p02791,u158994688,1579907541,C++,C++14 (GCC 5.4.1),cpp,Accepted,18,256,750,
s603113690,p02791,u037703936,1579907303,C++,C++14 (GCC 5.4.1),cpp,Accepted,18,1024,731,
s140546704,p02791,u303633930,1579907281,Python,Python (3.4.3),py,Runtime Error,39,17344,353,
s153142846,p02791,u058958514,1579906796,C++,C++14 (GCC 5.4.1),cpp,Accepted,77,1024,339,
s119202635,p02791,u058958514,1579906368,C++,C++14 (GCC 5.4.1),cpp,Wrong Answer,77,1024,302,
s892304660,p02791,u121700322,1579906320,Python,Python (3.4.3),py,Accepted,103,24744,190,
s262394630,p02791,u058958514,1579906233,C++,C++14 (GCC 5.4.1),cpp,Wrong Answer,77,1024,326,
s967807049,p02791,u058958514,1579905774,C++,C++14 (GCC 5.4.1),cpp,Wrong Answer,77,1024,375,
s611974688,p02791,u121700322,1579905686,Python,Python (3.4.3),py,Time Limit Exceeded,2108,34136,265,
s514310037,p02791,u121700322,1579905597,Python,Python (3.4.3),py,Wrong Answer,2109,34136,265,
s772923866,p02791,u121700322,1579905501,Python,Python (3.4.3),py,Wrong Answer,2108,34144,274,
s143615703,p02791,u121700322,1579905387,Python,Python (3.4.3),py,Wrong Answer,2109,34160,240,
s924533060,p02791,u863370423,1579905360,C++,C++14 (GCC 5.4.1),cpp,Wrong Answer,95,256,795,
s262707321,p02791,u018679195,1579905255,C++,C++14 (GCC 5.4.1),cpp,Wrong Answer,77,256,773,
s069294776,p02791,u912752743,1579905156,C++,C++14 (GCC 5.4.1),cpp,Accepted,77,1024,280,
s035380044,p02791,u353919145,1579905091,C++,C++14 (GCC 5.4.1),cpp,Wrong Answer,77,256,758,
s768883719,p02791,u420399048,1579905026,Python,Python (3.4.3),py,Accepted,95,24744,217,
s850044247,p02791,u058958514,1579904992,C++,C++14 (GCC 5.4.1),cpp,Wrong Answer,78,1024,263,
s191011288,p02791,u822037230,1579904940,C++,C++14 (GCC 5.4.1),cpp,Time Limit Exceeded,2107,1024,677,
s959989549,p02791,u283295031,1579904839,Go,Go (1.6),go,Time Limit Exceeded,2107,7040,393,
s309020624,p02791,u353919145,1579904827,Bash,Bash (GNU bash v4.3.11),sh,Runtime Error,2,504,221,
s421058237,p02791,u058958514,1579904760,C++,C++14 (GCC 5.4.1),cpp,Wrong Answer,77,1024,255,
s908731593,p02791,u283295031,1579904726,Go,Go (1.6),go,Wrong Answer,2104,12544,389,
s312637099,p02791,u018679195,1579904716,Bash,Bash (GNU bash v4.3.11),sh,Runtime Error,3,504,764,
s928435481,p02791,u121700322,1579904687,Python,Python (3.4.3),py,Time Limit Exceeded,2104,24744,198,
s920093857,p02791,u353919145,1579904594,Bash,Bash (GNU bash v4.3.11),sh,Runtime Error,9,744,758,
s134934726,p02791,u822037230,1579904477,C++,C++14 (GCC 5.4.1),cpp,Time Limit Exceeded,2103,1024,657,
s056619764,p02791,u121700322,1579904323,Python,Python (3.4.3),py,Time Limit Exceeded,2104,24744,158,
s272789480,p02791,u279196402,1579904081,C++,C++14 (GCC 5.4.1),cpp,Accepted,6,1024,4667,
s400306307,p02791,u822037230,1579904015,C++,C++14 (GCC 5.4.1),cpp,Time Limit Exceeded,2103,1024,658,
s062778878,p02791,u602947958,1579903904,C++,C++14 (GCC 5.4.1),cpp,Accepted,21,1664,508,
s899577162,p02791,u246639932,1579903777,C++,C++14 (GCC 5.4.1),cpp,Accepted,59,1792,480,
s758764870,p02791,u992723601,1579903759,C++,C++14 (GCC 5.4.1),cpp,Accepted,61,1024,316,
s108359587,p02791,u121700322,1579903694,Python,Python (3.4.3),py,Time Limit Exceeded,2104,24744,290,
s949121518,p02791,u602947958,1579903387,C++,C++14 (GCC 5.4.1),cpp,Accepted,28,1664,1007,
s528453548,p02791,u095420129,1579902970,C++,C++14 (GCC 5.4.1),cpp,Time Limit Exceeded,2103,1400,439,
s432730240,p02791,u201234972,1579902960,Python,Python (3.4.3),py,Accepted,80,24744,234,
s360956511,p02791,u095420129,1579902886,C++,C++14 (GCC 5.4.1),cpp,Time Limit Exceeded,2103,1400,421,
s722193247,p02791,u058958514,1579902617,C++,C++14 (GCC 5.4.1),cpp,Wrong Answer,79,1024,279,
s843758790,p02791,u578563928,1579902115,C++,C++14 (GCC 5.4.1),cpp,Accepted,61,1024,340,
s974351184,p02791,u664332285,1579901743,C++,C++14 (GCC 5.4.1),cpp,Accepted,18,256,2519,
s825084759,p02791,u839455216,1579901022,Java,Java8 (OpenJDK 1.8.0),java,Accepted,583,84984,2425,
s675814984,p02791,u655612181,1579900252,Python,PyPy3 (2.4.0),py,Accepted,238,75472,162,
s145402806,p02791,u862316882,1579899553,C++,C++14 (GCC 5.4.1),cpp,Accepted,96,9600,797,
s828613571,p02791,u006600745,1579898356,Python,Python (3.4.3),py,Accepted,154,24744,216,
s086775512,p02791,u471898432,1579898034,Python,Python (3.4.3),py,Accepted,136,25768,170,
s447297940,p02791,u319410662,1579897007,Python,Python (3.4.3),py,Accepted,141,24744,152,
s998879906,p02791,u870610226,1579896880,C++,C++14 (GCC 5.4.1),cpp,Accepted,20,5120,750,
s148002160,p02791,u089528214,1579896010,Python,Python (3.4.3),py,Accepted,108,24744,174,
s710133625,p02791,u270178188,1579893784,C++,C++14 (GCC 5.4.1),cpp,Accepted,21,1792,708,
s748036590,p02791,u523303964,1579893696,C++,C++14 (GCC 5.4.1),cpp,Accepted,60,1792,415,
s132361221,p02791,u367259152,1579893532,Ruby,Ruby (2.3.3),rb,Accepted,161,20484,151,
s226842948,p02791,u177278281,1579893504,Python,Python (3.4.3),py,Time Limit Exceeded,2104,17940,215,
s641232759,p02791,u523303964,1579893413,C++,C++14 (GCC 5.4.1),cpp,Time Limit Exceeded,2103,1024,414,
s990804294,p02791,u497103679,1579893000,C++,C++14 (GCC 5.4.1),cpp,Accepted,64,1024,346,
s356260731,p02791,u497103679,1579892966,C++,C++14 (GCC 5.4.1),cpp,Compile Error,,,349,
s572667582,p02791,u451010951,1579892634,C++,C++14 (GCC 5.4.1),cpp,Accepted,66,1024,612,
s795330675,p02791,u289381123,1579892407,Python,Python (3.4.3),py,Accepted,103,24744,171,
s708851661,p02791,u289381123,1579892340,Python,Python (3.4.3),py,Wrong Answer,112,24744,170,
s179338541,p02791,u289381123,1579892200,Python,Python (3.4.3),py,Wrong Answer,109,24744,150,
s482157785,p02791,u458798873,1579892193,C++,C++14 (GCC 5.4.1),cpp,Time Limit Exceeded,2103,1792,887,
s759903175,p02791,u289381123,1579891567,Python,Python (3.4.3),py,Time Limit Exceeded,2105,26964,195,
s379569013,p02791,u289381123,1579891422,Python,Python (3.4.3),py,Runtime Error,75,24744,192,
s467511773,p02791,u270178188,1579891400,C++,C++14 (GCC 5.4.1),cpp,Time Limit Exceeded,2103,1792,728,
s898209890,p02791,u957567306,1579891030,C++,C++14 (Clang 3.8.0),cpp,Accepted,166,256,282,
s394039328,p02791,u817523595,1579890927,C++,C++14 (GCC 5.4.1),cpp,Time Limit Exceeded,2103,1024,432,
s538372942,p02791,u164316941,1579890570,Ruby,Ruby (2.3.3),rb,Accepted,102,16516,150,
s609435152,p02791,u164316941,1579890327,Ruby,Ruby (2.3.3),rb,Time Limit Exceeded,2108,19204,129,
s006175987,p02791,u817523595,1579890023,C++,C++14 (GCC 5.4.1),cpp,Time Limit Exceeded,2103,1024,442,
s604853864,p02791,u086485448,1579890006,C++,C++14 (GCC 5.4.1),cpp,Accepted,76,256,239,
s426127967,p02791,u187113978,1579889645,C#,C# (Mono 4.6.2.0),cs,Time Limit Exceeded,2109,33628,1425,
s187768091,p02791,u187113978,1579889118,C#,C# (Mono 4.6.2.0),cs,Time Limit Exceeded,2109,31580,1583,
s833876325,p02791,u170183831,1579888786,Python,Python (3.4.3),py,Accepted,87,24744,260,
s813210015,p02791,u013202780,1579888525,Python,Python (3.4.3),py,Accepted,74,24872,253,
s753424069,p02791,u561007032,1579888312,C++,C++14 (GCC 5.4.1),cpp,Accepted,77,256,300,
s316154880,p02791,u795987907,1579888221,Python,Python (3.4.3),py,Accepted,113,24744,163,
s355570844,p02791,u795987907,1579888004,Python,Python (3.4.3),py,Time Limit Exceeded,2104,24744,133,
s684723435,p02791,u795987907,1579887882,Python,Python (3.4.3),py,Wrong Answer,2104,24744,134,
s827669881,p02791,u795987907,1579887721,Python,Python (3.4.3),py,Wrong Answer,2105,24744,134,
s089139481,p02791,u192154323,1579887676,Python,Python (3.4.3),py,Time Limit Exceeded,2108,24744,154,
s710684792,p02791,u237990044,1579887450,C++,C++14 (GCC 5.4.1),cpp,Accepted,62,1792,1124,
s044295604,p02791,u795987907,1579887206,Python,Python (3.4.3),py,Time Limit Exceeded,2104,24744,202,
s182068233,p02791,u795987907,1579887020,Python,Python (3.4.3),py,Time Limit Exceeded,2104,24744,202,
s630618513,p02791,u785497694,1579886113,C++,C++14 (GCC 5.4.1),cpp,Accepted,79,1024,262,
s584084652,p02791,u785497694,1579886002,C++,C++14 (GCC 5.4.1),cpp,Runtime Error,98,512,256,
s575605951,p02791,u785497694,1579885944,C++,C++14 (GCC 5.4.1),cpp,Runtime Error,98,256,293,
s055753850,p02791,u608129209,1579885916,C++,C++14 (GCC 5.4.1),cpp,Accepted,80,1024,231,
s907098307,p02791,u785497694,1579885899,C++,C++14 (GCC 5.4.1),cpp,Compile Error,,,293,
s346435851,p02791,u608129209,1579885858,C++,C++14 (GCC 5.4.1),cpp,Wrong Answer,77,1024,231,
s391368458,p02791,u785497694,1579885818,C++,C++14 (GCC 5.4.1),cpp,Runtime Error,100,256,260,
s406773596,p02791,u608129209,1579885773,C++,C++14 (GCC 5.4.1),cpp,Wrong Answer,77,1024,204,
s430227450,p02791,u785497694,1579885770,C++,C++14 (GCC 5.4.1),cpp,Compile Error,,,267,
s138013770,p02791,u785497694,1579885712,C++,C++14 (GCC 5.4.1),cpp,Runtime Error,98,256,273,
s926835721,p02791,u962609087,1579885326,C++,C++14 (GCC 5.4.1),cpp,Accepted,62,1024,358,
s578328379,p02791,u608129209,1579885291,C++,C++14 (GCC 5.4.1),cpp,Wrong Answer,2103,1920,314,
s027687144,p02791,u085230437,1579885001,C,C (GCC 5.4.1),c,Accepted,22,896,324,
s144515238,p02791,u962609087,1579884873,C++,C++14 (GCC 5.4.1),cpp,Wrong Answer,60,1024,339,
s120857170,p02791,u129667379,1579884545,C++,C++14 (GCC 5.4.1),cpp,Accepted,18,1792,501,
s985379686,p02791,u608129209,1579884437,C++,C++14 (GCC 5.4.1),cpp,Time Limit Exceeded,2103,1024,278,
s606440979,p02791,u151896155,1579884149,C++,C++14 (GCC 5.4.1),cpp,Accepted,60,1024,331,
s097355248,p02791,u098982053,1579883887,Python,Python (3.4.3),py,Accepted,121,24744,177,
s579698211,p02791,u151896155,1579883319,C++,C++14 (GCC 5.4.1),cpp,Time Limit Exceeded,2103,1024,487,
s619611729,p02791,u785497694,1579883294,C++,C++14 (GCC 5.4.1),cpp,Wrong Answer,79,1024,240,
s766622791,p02791,u690357343,1579883187,Python,Python (3.4.3),py,Accepted,114,26008,224,
s519719144,p02791,u098982053,1579883156,Python,Python (3.4.3),py,Time Limit Exceeded,2105,27816,234,
s373018986,p02791,u151896155,1579882575,C++,C++14 (GCC 5.4.1),cpp,Time Limit Exceeded,2103,1024,406,
s947369281,p02791,u233588813,1579882435,Python,PyPy3 (2.4.0),py,Accepted,247,75984,129,
s378337344,p02791,u785497694,1579882341,C++,C++14 (GCC 5.4.1),cpp,Time Limit Exceeded,2103,1024,289,
s180663837,p02791,u785497694,1579882198,C++,C++14 (GCC 5.4.1),cpp,Time Limit Exceeded,2103,1024,279,
s153216864,p02791,u596311864,1579882012,C++,C++14 (GCC 5.4.1),cpp,Accepted,77,1024,381,
s345061706,p02791,u596311864,1579881397,C++,C++14 (GCC 5.4.1),cpp,Time Limit Exceeded,2103,1024,548,
s124338885,p02791,u596311864,1579881250,C++,C++14 (GCC 5.4.1),cpp,Time Limit Exceeded,2103,1024,523,
s766522558,p02791,u233588813,1579881157,Python,PyPy3 (2.4.0),py,Wrong Answer,241,75984,131,
s025869462,p02791,u596311864,1579881132,C++,C++14 (GCC 5.4.1),cpp,Time Limit Exceeded,2103,1024,517,
s588204531,p02791,u596311864,1579881009,C++,C++14 (GCC 5.4.1),cpp,Time Limit Exceeded,2103,1024,500,
s329091055,p02791,u464627439,1579880987,Python,Python (3.4.3),py,Accepted,90,24744,176,
s658776429,p02791,u074135432,1579880077,Haskell,Haskell (GHC 7.10.3),hs,Accepted,885,38268,396,
s670216901,p02791,u189884068,1579879247,C++,C++14 (GCC 5.4.1),cpp,Accepted,63,1024,515,
s070498733,p02791,u762540523,1579879036,Python,Python (3.4.3),py,Accepted,92,17780,105,
s078478325,p02791,u706730549,1579878859,C++,C++14 (GCC 5.4.1),cpp,Accepted,18,1024,790,
s426404613,p02791,u318165580,1579877908,Python,PyPy3 (2.4.0),py,Wrong Answer,2108,77420,164,
s390075483,p02791,u788717734,1579877663,C++,C++14 (Clang 3.8.0),cpp,Accepted,22,384,272,
s552415977,p02791,u788717734,1579877611,C++,C++14 (GCC 5.4.1),cpp,Accepted,20,128,272,
s321222539,p02791,u788717734,1579877401,C++,C++14 (GCC 5.4.1),cpp,Accepted,21,256,241,
s225992683,p02791,u788717734,1579877167,C,C (GCC 5.4.1),c,Accepted,22,128,242,
s029138992,p02791,u788717734,1579876816,C,C (GCC 5.4.1),c,Wrong Answer,22,128,244,
s291237050,p02791,u937518774,1579875475,C#,C# (Mono 4.6.2.0),cs,Accepted,109,34012,513,
s399078331,p02791,u402547605,1579873494,Python,Python (3.4.3),py,Accepted,105,24872,153,
s473544606,p02791,u402547605,1579873408,Python,Python (3.4.3),py,Wrong Answer,108,24744,130,
s594622212,p02791,u402547605,1579873252,Python,Python (3.4.3),py,Wrong Answer,109,24744,131,
s120147490,p02791,u483697387,1579873111,C++,C++14 (GCC 5.4.1),cpp,Accepted,60,1792,342,
s309178433,p02791,u472544532,1579872039,Ruby,Ruby (2.3.3),rb,Accepted,115,15228,125,
s600145148,p02791,u036492525,1579871945,Python,Python (3.4.3),py,Accepted,116,24744,150,
s051912366,p02791,u472544532,1579871628,Ruby,Ruby (2.3.3),rb,Time Limit Exceeded,2108,19204,118,
s011519488,p02791,u036492525,1579871319,Python,Python (3.4.3),py,Time Limit Exceeded,2104,24744,199,
s415341888,p02791,u670430370,1579870595,Ruby,Ruby (2.3.3),rb,Wrong Answer,2112,18948,312,
s999361379,p02791,u670430370,1579870203,Ruby,Ruby (2.3.3),rb,Wrong Answer,149,20868,330,
s977134449,p02791,u485576979,1579870159,C++,C++14 (GCC 5.4.1),cpp,Accepted,77,256,402,
s472945165,p02791,u670430370,1579870090,Ruby,Ruby (2.3.3),rb,Wrong Answer,2108,17060,294,
s207444962,p02791,u308754115,1579869994,Python,Python (3.4.3),py,Accepted,92,24744,175,
s091943810,p02791,u308754115,1579869938,Python,Python (3.4.3),py,Wrong Answer,218,24744,197,
s853701804,p02791,u670430370,1579869723,Ruby,Ruby (2.3.3),rb,Wrong Answer,2109,17052,354,
s375498173,p02791,u132324749,1579869249,Scala,Scala (2.11.7),scala,Accepted,837,68588,270,
s947194999,p02791,u308754115,1579869217,Python,Python (3.4.3),py,Wrong Answer,2104,24744,252,
s560223723,p02791,u308754115,1579869173,Python,Python (3.4.3),py,Runtime Error,35,17780,246,
s728900934,p02791,u308754115,1579869115,Python,Python (3.4.3),py,Runtime Error,34,17940,252,
s195691217,p02791,u288948615,1579868182,Ruby,Ruby (2.3.3),rb,Accepted,98,16516,127,
s477412009,p02791,u948524308,1579868164,Python,Python (3.4.3),py,Accepted,109,24744,141,
s349697513,p02791,u948524308,1579867850,Python,Python (3.4.3),py,Time Limit Exceeded,2104,24744,127,
s148987592,p02791,u686252487,1579867344,C++,C++14 (GCC 5.4.1),cpp,Accepted,59,1024,479,
s201093334,p02791,u686252487,1579867320,C++,C++14 (GCC 5.4.1),cpp,Compile Error,,,478,
s368471885,p02791,u686252487,1579867166,C++,C++14 (GCC 5.4.1),cpp,Time Limit Exceeded,2103,1024,494,
s498980636,p02791,u901813121,1579866580,C++,C++14 (GCC 5.4.1),cpp,Accepted,79,384,839,
s042115255,p02791,u555503067,1579862357,Python,Python (3.4.3),py,Accepted,110,24744,197,
s690977943,p02791,u483697387,1579862189,C++,C++14 (GCC 5.4.1),cpp,Runtime Error,100,256,341,
s122286356,p02791,u483697387,1579862146,C++,C++14 (GCC 5.4.1),cpp,Runtime Error,284,256,341,
s325838494,p02791,u483697387,1579861911,C++,C++14 (GCC 5.4.1),cpp,Runtime Error,100,384,348,
s681965198,p02791,u483697387,1579861536,C++,C++14 (GCC 5.4.1),cpp,Runtime Error,99,256,339,
s766331855,p02791,u483697387,1579861508,C++,C++14 (GCC 5.4.1),cpp,Compile Error,,,338,
s619219903,p02791,u771239421,1579861493,C++,C++14 (GCC 5.4.1),cpp,Accepted,61,3328,743,
s947661889,p02791,u483697387,1579861406,C++,C++14 (GCC 5.4.1),cpp,Compile Error,,,334,
s680928886,p02791,u371773542,1579860340,C#,C# (Mono 4.6.2.0),cs,Accepted,94,33116,530,
s178494319,p02791,u326014872,1579859406,Java,Java8 (OpenJDK 1.8.0),java,Accepted,529,65860,523,
s681771023,p02791,u008729541,1579859310,C++,C++14 (GCC 5.4.1),cpp,Accepted,62,1792,358,
s202254138,p02791,u008729541,1579859001,C++,C++14 (GCC 5.4.1),cpp,Wrong Answer,60,1792,339,
s089244472,p02791,u008729541,1579858922,C++,C++14 (GCC 5.4.1),cpp,Wrong Answer,63,1792,332,
s604121830,p02791,u204785680,1579858334,C++,C++14 (GCC 5.4.1),cpp,Accepted,79,256,286,
s463635742,p02791,u204785680,1579857820,C++,C++14 (GCC 5.4.1),cpp,Runtime Error,98,256,281,
s173065445,p02791,u376110943,1579857671,C#,C# (Mono 4.6.2.0),cs,Accepted,93,31068,714,
s108889101,p02791,u204785680,1579857668,C++,C++14 (GCC 5.4.1),cpp,Compile Error,,,226,
s465807678,p02791,u376110943,1579857604,C#,C# (Mono 4.6.2.0),cs,Wrong Answer,92,31452,713,
s688434285,p02791,u875029389,1579855363,C#,C# (Mono 4.6.2.0),cs,Accepted,93,33116,725,
s056450918,p02791,u875029389,1579855078,C#,C# (Mono 4.6.2.0),cs,Wrong Answer,93,31068,723,
s761708005,p02791,u101079650,1579850393,Java,Java8 (OpenJDK 1.8.0),java,Accepted,574,84824,438,
s546517570,p02791,u101079650,1579850210,Java,Java8 (OpenJDK 1.8.0),java,Time Limit Exceeded,2109,64788,493,
s572392090,p02791,u697658632,1579848567,C++,C++14 (GCC 5.4.1),cpp,Accepted,77,256,250,
s577482549,p02791,u846226907,1579848121,C++,C++14 (GCC 5.4.1),cpp,Accepted,59,256,537,
s563880626,p02791,u846226907,1579847240,C++,C++14 (GCC 5.4.1),cpp,Wrong Answer,59,256,613,
s691434071,p02791,u871730273,1579842541,C++,C++14 (GCC 5.4.1),cpp,Accepted,78,1024,330,
s165273019,p02791,u286223754,1579835686,C++,C++14 (GCC 5.4.1),cpp,Accepted,18,256,711,
s503590718,p02791,u883745615,1579833894,C++,C++14 (GCC 5.4.1),cpp,Accepted,18,256,4009,
s130609464,p02791,u883745615,1579833832,C++,C++14 (GCC 5.4.1),cpp,Accepted,18,256,4026,
s389746546,p02791,u500297289,1579831553,Python,Python (3.4.3),py,Accepted,90,24744,151,
s304449582,p02791,u210522720,1579829137,C++,C++14 (GCC 5.4.1),cpp,Accepted,76,256,268,
s158901979,p02791,u210522720,1579829006,C++,C++14 (GCC 5.4.1),cpp,Wrong Answer,76,256,272,
s807919605,p02791,u210522720,1579828895,C++,C++14 (GCC 5.4.1),cpp,Wrong Answer,76,256,259,
s420475173,p02791,u526854325,1579828861,C++,C++14 (GCC 5.4.1),cpp,Accepted,62,1024,437,
s277371884,p02791,u210522720,1579828651,C++,C++14 (GCC 5.4.1),cpp,Wrong Answer,77,256,251,
s374837182,p02791,u466335531,1579828569,C++,C++14 (GCC 5.4.1),cpp,Accepted,79,256,367,
s343317131,p02791,u337877776,1579828479,C++,C++14 (GCC 5.4.1),cpp,Accepted,77,256,1064,
s673019357,p02791,u210522720,1579828474,C++,C++14 (GCC 5.4.1),cpp,Wrong Answer,76,384,255,
s148956206,p02791,u210522720,1579828408,C++,C++14 (GCC 5.4.1),cpp,Wrong Answer,8,764,243,
s836283805,p02791,u210522720,1579828327,C++,C++14 (GCC 5.4.1),cpp,Wrong Answer,1,256,239,
s267540451,p02791,u210522720,1579828294,C++,C++14 (GCC 5.4.1),cpp,Compile Error,,,238,
s452774282,p02791,u210522720,1579828257,C++,C++14 (GCC 5.4.1),cpp,Compile Error,,,194,
s414423429,p02791,u605685616,1579827655,C++,C++14 (GCC 5.4.1),cpp,Accepted,60,1024,319,
s657970249,p02791,u462566409,1579827454,C++,C++14 (GCC 5.4.1),cpp,Accepted,60,1400,382,
s689272454,p02791,u462566409,1579827314,C++,C++14 (GCC 5.4.1),cpp,Wrong Answer,60,1400,381,
s427876854,p02791,u462566409,1579827128,C++,C++14 (GCC 5.4.1),cpp,Runtime Error,99,256,482,
s705242806,p02791,u605685616,1579826977,C++,C++14 (GCC 5.4.1),cpp,Wrong Answer,67,1024,276,
s267371918,p02791,u462566409,1579826563,C++,C++14 (GCC 5.4.1),cpp,Time Limit Exceeded,2103,1400,431,
s017406403,p02791,u462566409,1579826499,C++,C++14 (GCC 5.4.1),cpp,Runtime Error,100,256,390,
s047498394,p02791,u911222357,1579826439,C++,C++14 (GCC 5.4.1),cpp,Accepted,60,1024,920,
s644387959,p02791,u238353279,1579825931,C++,C++14 (GCC 5.4.1),cpp,Accepted,60,1024,376,
s200609571,p02791,u839397805,1579824916,C++,C++14 (GCC 5.4.1),cpp,Accepted,22,1792,3281,
s920667066,p02791,u365858785,1579824081,Python,Python (3.4.3),py,Accepted,89,24744,131,
s408607169,p02791,u219041750,1579823765,C++,C++14 (GCC 5.4.1),cpp,Accepted,22,1024,387,
s605869238,p02791,u365858785,1579823630,Python,Python (3.4.3),py,Wrong Answer,89,24744,120,
s051407220,p02791,u180528413,1579821305,Python,Python (3.4.3),py,Time Limit Exceeded,2104,24872,223,
s343876099,p02791,u913852240,1579820915,C++,C++14 (GCC 5.4.1),cpp,Accepted,77,1024,397,
s150974728,p02791,u588327005,1579820860,Python,Python (3.4.3),py,Time Limit Exceeded,2104,24744,164,
s556699756,p02791,u039518194,1579820809,C++,C++14 (GCC 5.4.1),cpp,Accepted,60,1024,337,
s811774965,p02791,u588327005,1579820740,Python,Python (3.4.3),py,Time Limit Exceeded,2104,24744,164,
s267045071,p02791,u913852240,1579820659,C++,C++14 (GCC 5.4.1),cpp,Runtime Error,144,768,397,
s680484893,p02791,u045818861,1579820301,C++,C++14 (GCC 5.4.1),cpp,Accepted,112,14336,1261,
s791506578,p02791,u248554859,1579819046,C++,C++14 (GCC 5.4.1),cpp,Accepted,61,1024,1563,
s018354640,p02791,u668974816,1579818820,C++,C++14 (GCC 5.4.1),cpp,Accepted,76,256,323,
s176843144,p02791,u668974816,1579818726,C++,C++14 (GCC 5.4.1),cpp,Wrong Answer,77,256,323,
s775823788,p02791,u668974816,1579818044,C++,C++14 (GCC 5.4.1),cpp,Time Limit Exceeded,2103,1024,446,
s085181601,p02791,u170183831,1579818024,Python,Python (3.4.3),py,Accepted,86,24744,232,
s354051872,p02791,u170183831,1579817541,Python,Python (3.4.3),py,Wrong Answer,85,24744,232,
s395628037,p02791,u799521877,1579817074,C++,C++14 (GCC 5.4.1),cpp,Wrong Answer,2103,1024,295,
s369151399,p02791,u824638574,1579816675,Rust,Rust (1.15.1),rs,Accepted,14,8444,2156,
s020383353,p02791,u170183831,1579816548,Python,Python (3.4.3),py,Wrong Answer,86,24744,225,
s796185278,p02791,u170183831,1579816435,Python,Python (3.4.3),py,Wrong Answer,85,24744,217,
s251796379,p02791,u977401791,1579815532,C++,C++14 (Clang 3.8.0),cpp,Accepted,12,1024,1251,
s066400257,p02791,u977401791,1579815473,C++,C++14 (Clang 3.8.0),cpp,Runtime Error,110,640,1251,
s234338614,p02791,u302818391,1579815115,C,C (GCC 5.4.1),c,Accepted,22,896,362,
s090057689,p02791,u242435425,1579814878,Java,Java8 (OpenJDK 1.8.0),java,Time Limit Exceeded,2113,78872,626,
s685126513,p02791,u283850313,1579814846,C++,C++14 (Clang 3.8.0),cpp,Accepted,167,1024,378,
s148140639,p02791,u943657163,1579814440,Go,Go (1.6),go,Accepted,967,4992,303,
s123277343,p02791,u639104973,1579813370,Python,Python (3.4.3),py,Accepted,107,24744,153,
s175967656,p02791,u873616440,1579813103,Python,Python (3.4.3),py,Accepted,114,24744,192,
s473884436,p02791,u873616440,1579812771,Python,Python (3.4.3),py,Time Limit Exceeded,2108,24744,146,
s699598623,p02791,u665452497,1579812267,Python,Python (3.4.3),py,Accepted,188,24872,221,
s457422177,p02791,u555655948,1579811965,C++,C++14 (GCC 5.4.1),cpp,Accepted,19,1024,413,
s278722978,p02791,u693569496,1579811912,C++,C++14 (GCC 5.4.1),cpp,Accepted,61,3328,1663,
s457953923,p02791,u665452497,1579811864,Python,Python (3.4.3),py,Time Limit Exceeded,2104,24872,162,
s168831127,p02791,u074901076,1579811748,Python,Python (3.4.3),py,Time Limit Exceeded,2104,24744,158,
s700912360,p02791,u555655948,1579811624,C++,C++14 (GCC 5.4.1),cpp,Wrong Answer,18,1024,401,
s014065423,p02791,u606523772,1579811424,Python,Python (3.4.3),py,Accepted,131,24744,186,
s203653453,p02791,u074901076,1579811387,Python,Python (3.4.3),py,Time Limit Exceeded,2104,17940,197,
s410128500,p02791,u142887097,1579811325,C#,C# (Mono 4.6.2.0),cs,Accepted,92,33116,653,
s277330700,p02791,u074901076,1579811226,Python,Python (3.4.3),py,Wrong Answer,2104,17828,197,
s239387738,p02791,u606523772,1579811217,Python,Python (3.4.3),py,Wrong Answer,108,24744,164,
s902595803,p02791,u074901076,1579811200,Python,Python (3.4.3),py,Runtime Error,17,2940,196,
s713583105,p02791,u901615543,1579811100,C++,C++14 (GCC 5.4.1),cpp,Accepted,77,256,478,
s809314149,p02791,u074901076,1579811023,Python,Python (3.4.3),py,Time Limit Exceeded,2104,18160,237,
s617559614,p02791,u614866423,1579810863,C++,C++14 (GCC 5.4.1),cpp,Accepted,18,256,448,
s104647163,p02791,u202727309,1579810701,Python,Python (3.4.3),py,Runtime Error,157,12976,1501,
s150486178,p02791,u606523772,1579810682,Python,Python (3.4.3),py,Time Limit Exceeded,2104,24744,193,
s938375920,p02791,u142887097,1579810618,C#,C# (Mono 4.6.2.0),cs,Time Limit Exceeded,2108,33116,832,
s447227535,p02791,u665452497,1579810228,Python,Python (3.4.3),py,Time Limit Exceeded,2104,24744,234,
s970780424,p02791,u755121033,1579808752,C++,C++14 (GCC 5.4.1),cpp,Accepted,76,256,305,
s557853526,p02791,u686352452,1579807899,C++,C++14 (GCC 5.4.1),cpp,Accepted,60,1792,525,
s387464067,p02791,u971091945,1579807337,Python,Python (3.4.3),py,Accepted,152,26012,168,
s420132641,p02791,u518182877,1579806296,C++,C++14 (GCC 5.4.1),cpp,Accepted,66,1792,484,
s332316648,p02791,u518182877,1579806137,C++,C++14 (GCC 5.4.1),cpp,Wrong Answer,61,1792,464,
s431127108,p02791,u518182877,1579806084,C++,C++14 (GCC 5.4.1),cpp,Wrong Answer,61,1792,463,
s448274493,p02791,u518182877,1579806022,C++,C++14 (GCC 5.4.1),cpp,Wrong Answer,2103,1792,528,
s429849090,p02791,u460214387,1579806006,C,C (Clang 3.8.0),c,Accepted,22,128,369,
s976833699,p02791,u898245351,1579805938,C++,C++14 (GCC 5.4.1),cpp,Accepted,19,1024,343,
s938787102,p02791,u518182877,1579805883,C++,C++14 (GCC 5.4.1),cpp,Time Limit Exceeded,2103,764,520,
s708927449,p02791,u460214387,1579805525,C++,C++14 (Clang 3.8.0),cpp,Time Limit Exceeded,2103,1024,433,
s320077070,p02791,u815968708,1579805283,C++,C++14 (GCC 5.4.1),cpp,Accepted,18,1024,626,
s181430592,p02791,u460214387,1579805245,C++,C++14 (GCC 5.4.1),cpp,Time Limit Exceeded,2103,896,407,
s224990126,p02791,u460214387,1579805087,C++,C++14 (Clang 3.8.0),cpp,Time Limit Exceeded,2103,1024,452,
s742520463,p02791,u460214387,1579804761,C++,C++14 (Clang 3.8.0),cpp,Time Limit Exceeded,2103,1024,560,
s768503014,p02791,u460214387,1579804609,C++,C++14 (Clang 3.8.0),cpp,Time Limit Exceeded,2103,1024,592,
s418805118,p02791,u460214387,1579803764,C++,C++14 (Clang 3.8.0),cpp,Wrong Answer,2103,1024,451,
s912830871,p02791,u460214387,1579803370,C++,C++14 (GCC 5.4.1),cpp,Wrong Answer,2103,896,451,
s258872560,p02791,u979966078,1579803085,C++,C++14 (GCC 5.4.1),cpp,Accepted,77,1024,1274,
s451377036,p02791,u979966078,1579802871,C++,C++14 (GCC 5.4.1),cpp,Time Limit Exceeded,2103,1024,1332,
s987178877,p02791,u090266528,1579802686,Python,PyPy3 (2.4.0),py,Accepted,264,75344,140,
s095699540,p02791,u895500575,1579802331,C#,C# (Mono 4.6.2.0),cs,Accepted,110,35676,553,
s589312700,p02791,u895500575,1579802287,C#,C# (Mono 4.6.2.0),cs,Wrong Answer,111,34012,553,
s401139238,p02791,u895500575,1579802094,C#,C# (Mono 4.6.2.0),cs,Time Limit Exceeded,2109,35676,681,
s291666428,p02791,u895500575,1579801916,C#,C# (Mono 4.6.2.0),cs,Time Limit Exceeded,2109,34112,646,
s695331814,p02791,u895500575,1579801769,C#,C# (Mono 4.6.2.0),cs,Time Limit Exceeded,2109,34012,625,
s930065151,p02791,u895500575,1579801506,C#,C# (Mono 4.6.2.0),cs,Time Limit Exceeded,2113,49992,1093,
s569298894,p02791,u895500575,1579801008,C#,C# (Mono 4.6.2.0),cs,Time Limit Exceeded,2109,35676,888,
s236363855,p02791,u895500575,1579800935,C#,C# (Mono 4.6.2.0),cs,Wrong Answer,2109,33084,879,
s884541199,p02791,u895500575,1579800878,C#,C# (Mono 4.6.2.0),cs,Compile Error,,,877,
s811340409,p02791,u895500575,1579800779,C#,C# (Mono 4.6.2.0),cs,Compile Error,,,716,
s810497837,p02791,u501952592,1579800290,Python,Python (3.4.3),py,Accepted,131,24744,138,
s259899358,p02791,u501952592,1579800105,Python,Python (3.4.3),py,Wrong Answer,134,24872,148,
s107185035,p02791,u501952592,1579799981,Python,Python (3.4.3),py,Wrong Answer,89,24744,142,
s555301620,p02791,u394721319,1579799669,Python,Python (3.4.3),py,Accepted,118,24744,167,
s258979138,p02791,u246471788,1579799340,C++,C++14 (GCC 5.4.1),cpp,Accepted,87,11264,856,
s225051977,p02791,u930398193,1579798075,C++,C++14 (GCC 5.4.1),cpp,Accepted,20,128,204,
s885760841,p02791,u930398193,1579798024,C++,C++14 (GCC 5.4.1),cpp,Wrong Answer,20,128,196,
s962256505,p02791,u930398193,1579797987,C++,C++14 (GCC 5.4.1),cpp,Compile Error,,,196,
s583588767,p02791,u258808501,1579797638,C++,C++14 (GCC 5.4.1),cpp,Accepted,77,1792,444,
s715726611,p02791,u703969935,1579797409,Python,Python (3.4.3),py,Accepted,105,24744,185,
s098549412,p02791,u082861480,1579797236,Python,Python (3.4.3),py,Accepted,97,25768,157,
s043308031,p02791,u242598160,1579797018,C#,C# (Mono 4.6.2.0),cs,Accepted,105,34012,469,
s762708672,p02791,u230414490,1579796670,C++,C++14 (GCC 5.4.1),cpp,Accepted,62,1792,649,
s508435651,p02791,u977697682,1579796282,Ruby,Ruby (2.3.3),rb,Accepted,121,20732,106,
s983130564,p02791,u242598160,1579796165,C#,C# (Mono 4.6.2.0),cs,Wrong Answer,105,34012,469,
s726927307,p02791,u208608367,1579796051,C++,C++14 (GCC 5.4.1),cpp,Accepted,20,256,233,
s046617787,p02791,u218315167,1579795976,C,C (GCC 5.4.1),c,Accepted,22,896,205,
s885931201,p02791,u218315167,1579795595,C,C (GCC 5.4.1),c,Wrong Answer,22,896,226,
s473848966,p02791,u218315167,1579795332,C,C (GCC 5.4.1),c,Wrong Answer,22,896,193,
s742860249,p02791,u045818861,1579795312,C++,C++14 (GCC 5.4.1),cpp,Wrong Answer,107,14336,1271,
s038389391,p02791,u218315167,1579795182,C,C (GCC 5.4.1),c,Time Limit Exceeded,2103,896,273,
s329721516,p02791,u218315167,1579795036,C,C (GCC 5.4.1),c,Runtime Error,113,512,273,
s480775884,p02791,u301362135,1579794873,Python,Python (3.4.3),py,Accepted,111,25768,197,
s209582230,p02791,u301362135,1579794527,Python,Python (3.4.3),py,Runtime Error,117,25768,454,
s748878823,p02791,u787311704,1579793309,C++,C++14 (GCC 5.4.1),cpp,Accepted,80,256,297,
s687732734,p02791,u787311704,1579793291,C++,C++14 (GCC 5.4.1),cpp,Compile Error,,,296,
s841847793,p02791,u787311704,1579792868,C++,C++14 (GCC 5.4.1),cpp,Wrong Answer,77,1024,308,
s171944399,p02791,u061597928,1579792759,C++,C++14 (GCC 5.4.1),cpp,Accepted,21,256,284,
s822642940,p02791,u258808501,1579792555,C++,C++14 (GCC 5.4.1),cpp,Wrong Answer,2103,1024,331,
s822148364,p02791,u787311704,1579792534,C++,C++14 (GCC 5.4.1),cpp,Wrong Answer,77,1024,328,
s993120853,p02791,u258808501,1579792442,C++,C++14 (GCC 5.4.1),cpp,Time Limit Exceeded,2103,1024,332,
s041443536,p02791,u787311704,1579792367,C++,C++14 (GCC 5.4.1),cpp,Wrong Answer,79,1152,327,
s591649277,p02791,u258808501,1579792331,C++,C++14 (GCC 5.4.1),cpp,Time Limit Exceeded,2103,1024,322,
s548231048,p02791,u011492570,1579792173,C++,C++14 (GCC 5.4.1),cpp,Accepted,21,1024,349,
s237478331,p02791,u011492570,1579792129,C++,C++14 (GCC 5.4.1),cpp,Runtime Error,138,640,349,
s235876461,p02791,u098700286,1579791662,C++,C++14 (GCC 5.4.1),cpp,Accepted,60,1024,337,
s008172715,p02791,u961136005,1579791149,C++,C++14 (GCC 5.4.1),cpp,Accepted,60,1024,297,
s822839125,p02791,u472645805,1579791102,C++,C++14 (GCC 5.4.1),cpp,Accepted,60,1792,343,
s360869457,p02791,u098700286,1579791080,C++,C++14 (GCC 5.4.1),cpp,Time Limit Exceeded,2103,1024,457,
s432791351,p02791,u961136005,1579790592,C++,C++14 (GCC 5.4.1),cpp,Time Limit Exceeded,2103,1024,345,
s070364970,p02791,u961136005,1579790487,C++,C++14 (GCC 5.4.1),cpp,Time Limit Exceeded,2103,1024,325,
s599371786,p02791,u961136005,1579790468,C++,C++14 (GCC 5.4.1),cpp,Wrong Answer,2103,1024,323,
s632168956,p02791,u375675917,1579789671,C++,C++14 (GCC 5.4.1),cpp,Wrong Answer,2103,1024,394,
s446270757,p02791,u961136005,1579788739,C++,C++14 (GCC 5.4.1),cpp,Time Limit Exceeded,2103,1024,358,
s896987640,p02791,u952437626,1579788492,C++,C++14 (GCC 5.4.1),cpp,Accepted,66,1024,345,
s029874894,p02791,u564377816,1579788404,C++,C++14 (GCC 5.4.1),cpp,Accepted,60,1024,378,
s691504685,p02791,u952437626,1579788174,C++,C++14 (GCC 5.4.1),cpp,Wrong Answer,63,1024,270,
s126344821,p02791,u993619636,1579788037,C++,C++14 (GCC 5.4.1),cpp,Accepted,76,256,251,
s129004987,p02791,u594249018,1579787457,C++,C++14 (GCC 5.4.1),cpp,Accepted,69,1024,275,
s448779332,p02791,u594249018,1579787224,C++,C++14 (GCC 5.4.1),cpp,Time Limit Exceeded,2103,1024,369,
s096301661,p02791,u098923136,1579787198,C++,C++14 (GCC 5.4.1),cpp,Accepted,60,1024,338,
s853170395,p02791,u098923136,1579787137,C++,C++14 (GCC 5.4.1),cpp,Wrong Answer,62,1024,337,
s354600022,p02791,u276229014,1579785419,C,C (GCC 5.4.1),c,Runtime Error,99,128,458,
s744731636,p02791,u276229014,1579785291,C,C (GCC 5.4.1),c,Compile Error,,,458,
s326334831,p02791,u869917163,1579783064,Python,Python (3.4.3),py,Accepted,116,24744,202,
s446130331,p02791,u117615163,1579782127,C++,C++14 (GCC 5.4.1),cpp,Accepted,18,256,674,
s163362536,p02791,u869917163,1579781605,Python,Python (3.4.3),py,Time Limit Exceeded,2104,24744,192,
s743132893,p02791,u559994901,1579781562,C,C (GCC 5.4.1),c,Accepted,23,2944,325,
s149617243,p02791,u150998503,1579781390,C++,C++14 (GCC 5.4.1),cpp,Accepted,76,256,207,
s656920747,p02791,u259552674,1579781212,C++,C++14 (GCC 5.4.1),cpp,Accepted,61,1400,292,
s434196197,p02791,u869917163,1579781078,Python,Python (3.4.3),py,Time Limit Exceeded,2105,24744,195,
s989939192,p02791,u559994901,1579781057,C,C (GCC 5.4.1),c,Accepted,21,3712,348,
s815570776,p02791,u274080981,1579780869,Python,Python (3.4.3),py,Accepted,135,17940,123,
s534104037,p02791,u693570218,1579780369,Python,PyPy3 (2.4.0),py,Accepted,245,75344,168,
s509895389,p02791,u274080981,1579780216,Python,Python (3.4.3),py,Wrong Answer,55,17780,107,
s583655428,p02791,u274080981,1579779904,Python,Python (3.4.3),py,Wrong Answer,66,17780,152,
s839564266,p02791,u811558048,1579779866,C++,C++14 (GCC 5.4.1),cpp,Accepted,62,1024,574,
s999144479,p02791,u869917163,1579779836,Python,Python (3.4.3),py,Time Limit Exceeded,2104,24744,156,
s152052493,p02791,u274080981,1579779773,Python,Python (3.4.3),py,Wrong Answer,69,17940,150,
s721861924,p02791,u811558048,1579779658,C++,C++14 (GCC 5.4.1),cpp,Wrong Answer,1,256,355,
s191970339,p02791,u274080981,1579779621,Python,Python (3.4.3),py,Wrong Answer,70,16916,149,
s757892681,p02791,u869917163,1579779504,Python,Python (3.4.3),py,Runtime Error,65,24744,142,
s948031668,p02791,u890485928,1579779468,Python,Python (3.4.3),py,Accepted,104,26012,162,
s550735937,p02791,u057993957,1579779276,Python,Python (3.4.3),py,Accepted,112,24744,165,
s841477575,p02791,u890485928,1579779075,Python,Python (3.4.3),py,Runtime Error,17,2940,168,
s261033681,p02791,u545770260,1579778958,C++,C++14 (GCC 5.4.1),cpp,Accepted,60,1792,384,
s942052640,p02791,u545770260,1579778818,C++,C++14 (GCC 5.4.1),cpp,Time Limit Exceeded,2104,14336,403,
s552414234,p02791,u864202285,1579778576,Python,Python (3.4.3),py,Accepted,108,24744,181,
s385432574,p02791,u864202285,1579777864,Python,Python (3.4.3),py,Time Limit Exceeded,2105,24744,172,
s219094670,p02791,u267267582,1579777638,Python,Python (3.4.3),py,Time Limit Exceeded,2104,25768,153,
s159138924,p02791,u267267582,1579777539,Python,Python (3.4.3),py,Time Limit Exceeded,2104,24744,148,
s396609443,p02791,u159548042,1579777354,C++,C++14 (GCC 5.4.1),cpp,Accepted,18,1024,552,
s419170264,p02791,u267267582,1579777341,Python,Python (3.4.3),py,Time Limit Exceeded,2104,24744,138,
s082503963,p02791,u159548042,1579777317,C++,C++14 (GCC 5.4.1),cpp,Runtime Error,99,384,548,
s228345554,p02791,u864202285,1579776789,Python,Python (3.4.3),py,Wrong Answer,2104,26012,308,
s443230417,p02791,u302818391,1579776526,C,C (GCC 5.4.1),c,Time Limit Exceeded,2103,896,389,
s487852207,p02791,u302818391,1579776298,C,C (GCC 5.4.1),c,Time Limit Exceeded,2103,1664,392,
s924580668,p02791,u809786633,1579775940,C#,C# (Mono 4.6.2.0),cs,Accepted,104,31580,498,
s907691322,p02791,u249447366,1579775627,Python,Python (3.4.3),py,Accepted,124,25496,177,
s936260384,p02791,u864202285,1579775517,Python,Python (3.4.3),py,Time Limit Exceeded,2104,24744,285,
s746900549,p02791,u249447366,1579775124,Python,Python (3.4.3),py,Time Limit Exceeded,2104,24744,131,
s993607215,p02791,u193470608,1579774651,Ruby,Ruby (2.3.3),rb,Accepted,104,15236,138,
s886971812,p02791,u864202285,1579774624,Python,Python (3.4.3),py,Time Limit Exceeded,2108,24744,209,
s175990322,p02791,u427571081,1579774045,Python,Python (3.4.3),py,Accepted,133,24744,130,
s757258900,p02791,u427571081,1579773915,Python,Python (3.4.3),py,Wrong Answer,130,24744,124,
s753946678,p02791,u568787360,1579773201,Java,Java8 (OpenJDK 1.8.0),java,Accepted,563,64992,416,
s190139489,p02791,u955614143,1579770740,C,C (GCC 5.4.1),c,Accepted,23,1664,352,
s978781941,p02791,u152979987,1579770707,Python,Python (3.4.3),py,Time Limit Exceeded,2104,25116,193,
s814536175,p02791,u226951654,1579770589,C++,C++14 (GCC 5.4.1),cpp,Accepted,63,1024,778,
s917415228,p02791,u838994321,1579768467,Fortran,Fortran (gfortran v4.8.4),f,Wrong Answer,2103,1536,458,
s408262847,p02791,u838994321,1579768302,Fortran,Fortran (gfortran v4.8.4),f,Time Limit Exceeded,2107,1536,562,
s694057672,p02791,u838994321,1579768175,Fortran,Fortran (gfortran v4.8.4),f,Time Limit Exceeded,2103,1664,533,
s028609496,p02791,u375675917,1579766799,C++,C++14 (GCC 5.4.1),cpp,Compile Error,,,332,
s204762199,p02791,u461454424,1579766258,Python,Python (3.4.3),py,Accepted,336,24744,255,
s417284535,p02791,u194385557,1579765443,C++,C++14 (GCC 5.4.1),cpp,Accepted,46,4352,1816,
s123391605,p02791,u774417629,1579764462,C++,C++14 (GCC 5.4.1),cpp,Accepted,18,256,495,
s487349253,p02791,u461454424,1579764439,Python,Python (3.4.3),py,Wrong Answer,115,24744,158,
s834777544,p02791,u774417629,1579764345,C++,C++14 (GCC 5.4.1),cpp,Wrong Answer,18,256,492,
s504983498,p02791,u955125992,1579763250,Python,Python (3.4.3),py,Wrong Answer,2104,24744,243,
s808331453,p02791,u955125992,1579762440,Python,Python (3.4.3),py,Wrong Answer,2104,24744,217,
s479324152,p02791,u699560477,1579760646,Python,Python (3.4.3),py,Accepted,107,17780,163,
s913570929,p02791,u960611411,1579760145,Python,Python (3.4.3),py,Accepted,94,24744,165,
s949156406,p02791,u031590570,1579758689,C++,C++ (GCC 5.4.1),cpp,Accepted,59,256,348,
s312736600,p02791,u578409327,1579757167,C++,C++14 (GCC 5.4.1),cpp,Accepted,59,1792,542,
s970956956,p02791,u278868910,1579757134,C++,C++14 (GCC 5.4.1),cpp,Accepted,20,1792,2201,
s317979448,p02791,u479371430,1579755691,C++,C++14 (GCC 5.4.1),cpp,Accepted,67,1024,314,
s179263118,p02791,u760794812,1579754643,Python,Python (3.4.3),py,Accepted,105,24744,191,
s988198452,p02791,u783950415,1579751916,C++,C++14 (GCC 5.4.1),cpp,Accepted,78,1024,220,
s814179836,p02791,u179873016,1579751862,Python,Python (3.4.3),py,Accepted,114,24744,167,
s829792915,p02791,u321537345,1579751666,C++,C++14 (GCC 5.4.1),cpp,Accepted,76,1024,234,
s681219818,p02791,u179873016,1579751554,Python,Python (3.4.3),py,Time Limit Exceeded,2109,35812,322,
s166535101,p02791,u539850805,1579751249,C++,C++14 (GCC 5.4.1),cpp,Accepted,18,1792,445,
s315213582,p02791,u179873016,1579751215,Python,Python (3.4.3),py,Time Limit Exceeded,2109,34096,288,
s400122552,p02791,u539850805,1579751022,C++,C++14 (GCC 5.4.1),cpp,Wrong Answer,18,1792,437,
s608451656,p02791,u033659729,1579749694,C++,C++14 (GCC 5.4.1),cpp,Accepted,96,10368,1523,
s251674166,p02791,u179873016,1579749577,Python,Python (3.4.3),py,Time Limit Exceeded,2104,26012,246,
s311619226,p02791,u179873016,1579749459,Python,Python (3.4.3),py,Wrong Answer,2105,26012,272,
s107771307,p02791,u162629735,1579749402,C++,C++14 (GCC 5.4.1),cpp,Accepted,61,1024,487,
s521123019,p02791,u179873016,1579749395,Python,Python (3.4.3),py,Runtime Error,17,2940,218,
s339888060,p02791,u221842690,1579748616,Python,Python (3.4.3),py,Accepted,125,24872,229,
s900216466,p02791,u570582659,1579747932,C++,C++14 (GCC 5.4.1),cpp,Accepted,21,256,5294,
s821897302,p02791,u179873016,1579747813,Python,Python (3.4.3),py,Wrong Answer,77,24744,230,
s593398259,p02791,u179873016,1579747637,Python,Python (3.4.3),py,Wrong Answer,78,24744,193,
s396762912,p02791,u179873016,1579747508,Python,Python (3.4.3),py,Wrong Answer,76,24744,158,
s068755794,p02791,u179873016,1579747445,Python,Python (3.4.3),py,Runtime Error,17,2940,161,
s048687854,p02791,u065754185,1579745682,C++,C++14 (GCC 5.4.1),cpp,Accepted,76,256,243,
s696716470,p02791,u065754185,1579745645,C++,C++14 (GCC 5.4.1),cpp,Wrong Answer,1,256,227,
s551159468,p02791,u581237280,1579744338,C++,C++14 (GCC 5.4.1),cpp,Accepted,28,3328,575,
s134455830,p02791,u591914971,1579743269,C++,C++14 (GCC 5.4.1),cpp,Accepted,18,256,1123,
s607903723,p02791,u938841444,1579743015,Python,Python (3.4.3),py,Accepted,150,24744,171,
s889957711,p02791,u939702463,1579739362,Rust,Rust (1.15.1),rs,Accepted,14,8444,1493,
s802503089,p02791,u023397458,1579738741,C++,C++14 (GCC 5.4.1),cpp,Accepted,18,256,348,
s162440321,p02791,u809153881,1579737255,C++,C++14 (Clang 3.8.0),cpp,Accepted,166,256,228,
s140317782,p02791,u896108868,1579737199,C++,C++14 (GCC 5.4.1),cpp,Accepted,87,5120,543,
s197983352,p02791,u203033720,1579736948,C++,C++14 (GCC 5.4.1),cpp,Accepted,87,11136,12467,
s303398904,p02791,u020499417,1579736382,C++,C++14 (GCC 5.4.1),cpp,Accepted,76,256,740,
s045316234,p02791,u032189172,1579735201,C++,C++14 (GCC 5.4.1),cpp,Accepted,60,1792,558,
s755955019,p02791,u597013723,1579734681,Python,Python (3.4.3),py,Accepted,92,24872,155,
s560321013,p02791,u597013723,1579734561,Python,Python (3.4.3),py,Time Limit Exceeded,2104,24744,175,
s205984879,p02791,u389904062,1579734173,C,C (GCC 5.4.1),c,Accepted,22,896,343,
s529139927,p02791,u485859160,1579733665,Python,Python (3.4.3),py,Accepted,89,17940,136,
s852337445,p02791,u328510800,1579733081,Python,Python (3.4.3),py,Accepted,152,24744,217,
s925593636,p02791,u328510800,1579733006,Python,Python (3.4.3),py,Wrong Answer,128,17940,174,
s551468400,p02791,u389904062,1579732868,C,C (GCC 5.4.1),c,Wrong Answer,22,896,336,
s126119775,p02791,u888881904,1579732774,Python,Python (3.4.3),py,Accepted,154,24744,182,
s768517292,p02791,u799978560,1579732504,Python,Python (3.4.3),py,Accepted,110,24744,164,
s917080520,p02791,u650081733,1579732379,Java,Java8 (OpenJDK 1.8.0),java,Accepted,579,85720,457,
s259111566,p02791,u267267582,1579732372,Python,Python (3.4.3),py,Wrong Answer,2104,17832,125,
s609096678,p02791,u799978560,1579732273,Python,Python (3.4.3),py,Wrong Answer,130,24744,218,
s959193292,p02791,u267267582,1579731978,Python,Python (3.4.3),py,Wrong Answer,2105,17832,124,
s800351045,p02791,u955614143,1579731723,C,C (GCC 5.4.1),c,Wrong Answer,2103,896,348,
s529418322,p02791,u324197506,1579731617,Python,Python (3.4.3),py,Accepted,110,24744,245,
s692598532,p02791,u344122377,1579731285,C++,C++14 (GCC 5.4.1),cpp,Accepted,62,1792,379,
s455138846,p02791,u732647191,1579731211,C++,C++14 (GCC 5.4.1),cpp,Accepted,61,1024,386,
s796471998,p02791,u324197506,1579731098,Python,Python (3.4.3),py,Wrong Answer,101,24744,183,
s698070726,p02791,u389904062,1579730999,C,C (GCC 5.4.1),c,Wrong Answer,22,896,336,
s174880890,p02791,u267267582,1579730653,Python,Python (3.4.3),py,Wrong Answer,2104,17892,124,
s642421544,p02791,u196762344,1579730575,C++,C++14 (GCC 5.4.1),cpp,Accepted,18,256,687,
s240142879,p02791,u474760662,1579729440,C++,C++14 (GCC 5.4.1),cpp,Accepted,63,1024,441,
s381471511,p02791,u628583308,1579729439,Python,Python (3.4.3),py,Accepted,104,25984,721,
s771141844,p02791,u433390191,1579729303,C++,C++14 (GCC 5.4.1),cpp,Accepted,61,1792,989,
s710325857,p02791,u249447366,1579728799,Python,Python (3.4.3),py,Time Limit Exceeded,2104,24744,193,
s514868643,p02791,u193860216,1579728631,C++,C++14 (GCC 5.4.1),cpp,Accepted,20,256,517,
s378454510,p02791,u929167734,1579728162,C++,C++14 (GCC 5.4.1),cpp,Accepted,19,1024,570,
s589946977,p02791,u929167734,1579727914,C++,C++14 (GCC 5.4.1),cpp,Wrong Answer,19,1024,567,
s078727597,p02791,u929167734,1579727865,C++,C++14 (GCC 5.4.1),cpp,Compile Error,,,567,
s708302734,p02791,u630713695,1579727109,C++,C++14 (GCC 5.4.1),cpp,Accepted,77,256,214,
s483395758,p02791,u069325246,1579726801,C++,C++14 (GCC 5.4.1),cpp,Accepted,21,3456,3911,
s115770105,p02791,u417283058,1579726616,C++,C++14 (GCC 5.4.1),cpp,Time Limit Exceeded,2103,1024,293,
s028725624,p02791,u389904062,1579726294,C,C (GCC 5.4.1),c,Wrong Answer,2103,128,402,
s041500314,p02791,u331681714,1579725733,C++,C++14 (GCC 5.4.1),cpp,Accepted,18,1792,695,
s393914609,p02791,u126823513,1579725483,Python,Python (3.4.3),py,Accepted,147,24744,252,
s442259367,p02791,u040490988,1579725404,C++,C++14 (GCC 5.4.1),cpp,Accepted,21,1024,313,
s607757340,p02791,u283295031,1579724964,C,C (GCC 5.4.1),c,Time Limit Exceeded,2103,896,495,
s002360422,p02791,u224993839,1579724819,Python,Python (3.4.3),py,Accepted,124,24744,192,
s193157158,p02791,u546418037,1579724528,Java,Java8 (OpenJDK 1.8.0),java,Accepted,216,43728,1298,
s988358372,p02791,u919543471,1579723487,C++,C++14 (GCC 5.4.1),cpp,Accepted,76,256,280,
s503043720,p02791,u919543471,1579722377,C++,C++14 (GCC 5.4.1),cpp,Wrong Answer,86,1792,369,
s907359004,p02791,u919543471,1579722234,C++,C++14 (GCC 5.4.1),cpp,Wrong Answer,91,1024,369,
s379953796,p02791,u752949890,1579722119,C++,C++14 (GCC 5.4.1),cpp,Accepted,77,256,312,
s094222339,p02791,u319763571,1579721008,C++,C++14 (GCC 5.4.1),cpp,Accepted,61,1792,378,
s914910290,p02791,u210850855,1579720987,Java,Java8 (OpenJDK 1.8.0),java,Accepted,218,47640,2219,
s052839663,p02791,u041108736,1579720881,C++,C++14 (GCC 5.4.1),cpp,Accepted,78,1152,368,
s690306212,p02791,u319763571,1579720818,C++,C++14 (GCC 5.4.1),cpp,Wrong Answer,61,1792,347,
s175312911,p02791,u389904062,1579720709,C,C (GCC 5.4.1),c,Wrong Answer,22,896,346,
s615095701,p02791,u389904062,1579720027,C,C (GCC 5.4.1),c,Wrong Answer,22,896,334,
s982615125,p02791,u319763571,1579719898,C++,C++14 (GCC 5.4.1),cpp,Wrong Answer,69,1792,750,
s780316406,p02791,u663710122,1579719825,Python,Python (3.4.3),py,Accepted,131,24744,148,
s059942300,p02791,u389904062,1579719731,C,C (GCC 5.4.1),c,Wrong Answer,22,896,329,
s830250561,p02791,u267267582,1579719616,Python,Python (3.4.3),py,Wrong Answer,2105,17940,124,
s261239471,p02791,u915011497,1579719538,C++,C++14 (GCC 5.4.1),cpp,Wrong Answer,77,1024,318,
s577822550,p02791,u915011497,1579719422,C++,C++14 (GCC 5.4.1),cpp,Wrong Answer,77,1024,315,
s611980362,p02791,u915011497,1579719341,C++,C++14 (GCC 5.4.1),cpp,Runtime Error,134,640,325,
s422804809,p02791,u267267582,1579719289,Python,Python (3.4.3),py,Wrong Answer,2104,17832,142,
s652258534,p02791,u319763571,1579719247,C++,C++14 (GCC 5.4.1),cpp,Wrong Answer,2103,1792,386,
s050552547,p02791,u915011497,1579719240,C++,C++14 (GCC 5.4.1),cpp,Runtime Error,134,640,372,
s964566404,p02791,u267267582,1579718901,Python,Python (3.4.3),py,Wrong Answer,2104,18568,132,
s309727763,p02791,u470864029,1579718767,C++,C++14 (GCC 5.4.1),cpp,Accepted,61,1024,357,
s715047090,p02791,u467168157,1579718743,C++,C++14 (GCC 5.4.1),cpp,Accepted,18,256,2689,
s494490669,p02791,u365144954,1579718709,C++,C++14 (GCC 5.4.1),cpp,Accepted,60,2420,326,
s129637434,p02791,u267267582,1579718688,Python,Python (3.4.3),py,Runtime Error,2110,146856,149,
s576767016,p02791,u319763571,1579718652,C++,C++14 (GCC 5.4.1),cpp,Wrong Answer,2103,1792,392,
s941323536,p02791,u666844906,1579718124,Python,Python (3.4.3),py,Accepted,174,24744,176,
s282017647,p02791,u120727594,1579717287,C++,C++14 (GCC 5.4.1),cpp,Accepted,77,1792,482,
s286531306,p02791,u267267582,1579716628,Python,Python (3.4.3),py,Runtime Error,1787,148556,215,
s618929939,p02791,u489197691,1579715856,Python,PyPy3 (2.4.0),py,Accepted,239,75472,146,
s385529442,p02791,u283229916,1579715688,C++,C++14 (GCC 5.4.1),cpp,Accepted,60,1024,751,
s555054988,p02791,u452567689,1579715348,Scala,Scala (2.11.7),scala,Accepted,762,79020,207,
s999293477,p02791,u267267582,1579714875,Python,Python (3.4.3),py,Wrong Answer,2104,17780,168,
s029904668,p02791,u942774736,1579714644,C++,C++14 (GCC 5.4.1),cpp,Accepted,78,256,194,
s150421266,p02791,u876149922,1579714495,Go,Go (1.6),go,Accepted,39,3584,398,
s960926298,p02791,u145635628,1579714338,Go,Go (1.6),go,Time Limit Exceeded,2107,4992,698,
s968478864,p02791,u494058663,1579713973,Python,Python (3.4.3),py,Accepted,236,24744,262,
s341022726,p02791,u145635628,1579713574,Go,Go (1.6),go,Time Limit Exceeded,2107,4992,891,
s573427638,p02791,u976418120,1579713320,C++,C++14 (GCC 5.4.1),cpp,Accepted,78,1024,282,
s676064023,p02791,u496279623,1579712713,C++,C++ (Clang 3.8.0),cpp,Accepted,168,256,1004,
s725758295,p02791,u724742135,1579712514,Python,Python (3.4.3),py,Accepted,104,25768,204,
s678184455,p02791,u840731541,1579712419,C++,C++14 (GCC 5.4.1),cpp,Accepted,78,256,217,
s484461362,p02791,u840731541,1579712216,C++,C++14 (GCC 5.4.1),cpp,Wrong Answer,97,156544,368,
s153835735,p02791,u496279623,1579712201,C++,C++ (Clang 3.8.0),cpp,Time Limit Exceeded,2103,1400,1166,
s062814182,p02791,u840731541,1579712169,C++,C++14 (GCC 5.4.1),cpp,Runtime Error,98,256,361,
s071938012,p02791,u840731541,1579712091,C++,C++14 (GCC 5.4.1),cpp,Wrong Answer,63,15872,363,
s241532871,p02791,u728006466,1579712058,Go,Go (1.6),go,Wrong Answer,1,768,625,
s274303324,p02791,u840731541,1579712044,C++,C++14 (GCC 5.4.1),cpp,Runtime Error,98,256,357,
s524917669,p02791,u720420025,1579711851,C++,C++14 (GCC 5.4.1),cpp,Accepted,19,1024,3609,
s382242989,p02791,u928857737,1579711299,Java,Java8 (OpenJDK 1.8.0),java,Accepted,504,48872,698,
s839353865,p02791,u840731541,1579711134,C++,C++14 (GCC 5.4.1),cpp,Runtime Error,103,384,431,
s784544190,p02791,u929167734,1579710600,C++,C++14 (GCC 5.4.1),cpp,Wrong Answer,2103,1024,593,
s865813117,p02791,u840731541,1579710203,C++,C++14 (GCC 5.4.1),cpp,Wrong Answer,66,16000,351,
s008123758,p02791,u840731541,1579710118,C++,C++14 (GCC 5.4.1),cpp,Runtime Error,105,256,347,
s171227452,p02791,u027424986,1579710080,C++,C++14 (GCC 5.4.1),cpp,Accepted,60,1400,863,
s601098505,p02791,u913963251,1579710050,C++,C++14 (GCC 5.4.1),cpp,Accepted,18,1024,371,
s455258695,p02791,u728006466,1579709971,Go,Go (1.6),go,Runtime Error,3,768,572,
s753183640,p02791,u007018214,1579709591,Python,Python (3.4.3),py,Accepted,92,17780,124,
s690476918,p02791,u474551232,1579709363,C++,C++14 (GCC 5.4.1),cpp,Accepted,60,1792,881,
s108618008,p02791,u007018214,1579709330,Python,Python (3.4.3),py,Wrong Answer,2105,17776,100,
s801188796,p02791,u027424986,1579708215,C++,C++14 (GCC 5.4.1),cpp,Time Limit Exceeded,2103,1400,1352,
s665929487,p02791,u027424986,1579708066,C++,C++14 (GCC 5.4.1),cpp,Time Limit Exceeded,2103,2676,1319,
s854792165,p02791,u782616557,1579707909,Python,Python (3.4.3),py,Accepted,104,24744,150,
s155742680,p02791,u043964516,1579707865,C++,C++14 (GCC 5.4.1),cpp,Accepted,78,256,268,
s622391469,p02791,u782616557,1579707683,Python,Python (3.4.3),py,Wrong Answer,98,24744,153,
s468400837,p02791,u728894486,1579707588,C++,C++14 (GCC 5.4.1),cpp,Time Limit Exceeded,2103,1024,394,
s326635268,p02791,u782616557,1579707556,Python,Python (3.4.3),py,Wrong Answer,102,24744,149,
s973385216,p02791,u223975415,1579707064,C++,C++14 (GCC 5.4.1),cpp,Accepted,79,1024,323,
s351700110,p02791,u803893892,1579706869,C++,C++14 (GCC 5.4.1),cpp,Accepted,79,256,2435,
s385626829,p02791,u376817785,1579706631,C++,C++14 (GCC 5.4.1),cpp,Accepted,67,1024,391,
s704022643,p02791,u223975415,1579706296,C++,C++14 (GCC 5.4.1),cpp,Wrong Answer,77,1024,285,
s417145095,p02791,u911222357,1579706081,C++,C++14 (GCC 5.4.1),cpp,Time Limit Exceeded,2103,1024,1038,
s861708520,p02791,u752907966,1579705679,Python,Python (3.4.3),py,Accepted,109,24744,157,
s442302180,p02791,u083980875,1579705590,C++,C++14 (GCC 5.4.1),cpp,Accepted,77,256,311,
s695332149,p02791,u752907966,1579705546,Python,Python (3.4.3),py,Wrong Answer,110,24744,153,
s394981531,p02791,u391475811,1579705510,Python,Python (3.4.3),py,Accepted,113,25768,181,
s960035235,p02791,u911222357,1579705373,C++,C++14 (GCC 5.4.1),cpp,Time Limit Exceeded,2103,1024,1018,
s717060323,p02791,u420130252,1579705132,C++,C++14 (GCC 5.4.1),cpp,Runtime Error,98,256,346,
s248067586,p02791,u420130252,1579705049,C++,C++14 (GCC 5.4.1),cpp,Runtime Error,97,256,334,
s683686139,p02791,u624523023,1579704532,Scala,Scala (2.11.7),scala,Time Limit Exceeded,2111,79500,361,
s507961973,p02791,u763349756,1579704139,C++,C++14 (GCC 5.4.1),cpp,Wrong Answer,62,1792,291,
s977532285,p02791,u763349756,1579704090,C++,C++14 (GCC 5.4.1),cpp,Compile Error,,,290,
s868942666,p02791,u763349756,1579704032,C++,C++14 (GCC 5.4.1),cpp,Compile Error,,,290,
s552477282,p02791,u763349756,1579703945,C++,C++14 (GCC 5.4.1),cpp,Compile Error,,,269,
s185688111,p02791,u763349756,1579703881,C++,C++14 (GCC 5.4.1),cpp,Compile Error,,,248,
s300925376,p02791,u118501689,1579703843,C++,C++14 (GCC 5.4.1),cpp,Accepted,79,256,333,
s694461258,p02791,u102795616,1579703762,C++,C++14 (GCC 5.4.1),cpp,Accepted,63,1792,340,
s448873758,p02791,u931489673,1579703519,Python,Python (3.4.3),py,Time Limit Exceeded,2104,24744,117,
s866647403,p02791,u288432959,1579703484,C++,C++14 (GCC 5.4.1),cpp,Accepted,58,384,1129,
s359354094,p02791,u288432959,1579703423,C++,C++14 (GCC 5.4.1),cpp,Wrong Answer,59,384,894,
s344305981,p02791,u288432959,1579703179,C++,C++14 (GCC 5.4.1),cpp,Wrong Answer,58,256,1127,
s138778411,p02791,u316491370,1579702813,C++,C++14 (GCC 5.4.1),cpp,Accepted,63,1024,289,
s867186146,p02791,u540724932,1579702618,C++,C++14 (GCC 5.4.1),cpp,Accepted,85,256,296,
s915752103,p02791,u840810569,1579700877,C++,C++14 (GCC 5.4.1),cpp,Accepted,60,1792,346,
s677787519,p02791,u793061180,1579698826,C++,C++14 (GCC 5.4.1),cpp,Accepted,77,1024,302,
s625120606,p02791,u009108126,1579698563,C++,C++14 (GCC 5.4.1),cpp,Accepted,77,1024,345,
s809502765,p02791,u793061180,1579698143,C++,C++14 (GCC 5.4.1),cpp,Time Limit Exceeded,2103,1024,414,
s680068965,p02791,u793061180,1579697495,Python,Python (3.4.3),py,Time Limit Exceeded,2104,24872,241,
s010567318,p02791,u793061180,1579697385,Python,Python (3.4.3),py,Time Limit Exceeded,2104,24744,291,
s409101556,p02791,u911815052,1579697266,Ruby,Ruby (2.3.3),rb,Accepted,104,15236,195,
s700219239,p02791,u372416888,1579697157,C++,C++14 (GCC 5.4.1),cpp,Accepted,77,1024,328,
s823007766,p02791,u911815052,1579697114,Ruby,Ruby (2.3.3),rb,Runtime Error,7,1788,179,
s667609802,p02791,u117387512,1579696832,C++,C++14 (GCC 5.4.1),cpp,Accepted,77,1024,709,
s512285375,p02791,u081275802,1579696309,C++,C++14 (GCC 5.4.1),cpp,Accepted,77,256,299,
s823487493,p02791,u729337236,1579695775,C++,C++14 (GCC 5.4.1),cpp,Accepted,77,256,300,
s610014067,p02791,u824327013,1579695739,Python,Python (3.4.3),py,Accepted,124,17780,114,
s917814866,p02791,u241190159,1579693879,Python,PyPy3 (2.4.0),py,Accepted,253,84356,174,
s715736723,p02791,u838994321,1579692509,Fortran,Fortran (gfortran v4.8.4),f,Accepted,53,1536,460,
s758018312,p02791,u838994321,1579691994,Fortran,Fortran (gfortran v4.8.4),f,Wrong Answer,53,1536,609,
s932024842,p02791,u814781830,1579691680,Python,Python (3.4.3),py,Accepted,147,24744,164,
s691926485,p02791,u838994321,1579691393,Fortran,Fortran (gfortran v4.8.4),f,Time Limit Exceeded,2103,1536,454,
s472207057,p02791,u005640591,1579691150,JavaScript,JavaScript (node.js v5.12),js,Time Limit Exceeded,2109,37444,641,
s988838910,p02791,u838994321,1579690827,Fortran,Fortran (gfortran v4.8.4),f,Wrong Answer,2103,2044,459,
s253877318,p02791,u692336506,1579690802,C++,C++14 (GCC 5.4.1),cpp,Accepted,76,256,286,
s984802680,p02791,u838994321,1579690590,Fortran,Fortran (gfortran v4.8.4),f,Time Limit Exceeded,2103,1792,457,
s711185510,p02791,u375103032,1579690088,C#,C# (Mono 4.6.2.0),cs,Accepted,105,31964,442,
s122311139,p02791,u838994321,1579689801,Fortran,Fortran (gfortran v4.8.4),f,Time Limit Exceeded,2107,1536,506,
s592873713,p02791,u838994321,1579689673,Fortran,Fortran (gfortran v4.8.4),f,Wrong Answer,190,1536,506,
s557196502,p02791,u838994321,1579689550,Fortran,Fortran (gfortran v4.8.4),f,Wrong Answer,183,1536,508,
s779246036,p02791,u120582723,1579689443,Lua,Lua (5.3.2),lua,Accepted,52,632,149,
s329551414,p02791,u825075571,1579689407,C++,C++14 (GCC 5.4.1),cpp,Accepted,21,1024,471,
s593296574,p02791,u924032147,1579689335,C++,C++14 (GCC 5.4.1),cpp,Accepted,78,1024,361,
s446765467,p02791,u838994321,1579689253,Fortran,Fortran (gfortran v4.8.4),f,Time Limit Exceeded,2103,1536,504,
s172381142,p02791,u838994321,1579689112,Fortran,Fortran (gfortran v4.8.4),f,Time Limit Exceeded,2103,1536,503,
s628883533,p02791,u917101497,1579689097,C++,C++14 (GCC 5.4.1),cpp,Accepted,60,1024,591,
s357098881,p02791,u838994321,1579688951,Fortran,Fortran (gfortran v4.8.4),f,Time Limit Exceeded,2103,1536,500,
s983296387,p02791,u838994321,1579688595,Fortran,Fortran (gfortran v4.8.4),f,Time Limit Exceeded,2103,1536,436,
s462193907,p02791,u600402037,1579688258,Python,Python (3.4.3),py,Accepted,213,34156,264,
s278574932,p02791,u199371251,1579688185,C++,C++14 (GCC 5.4.1),cpp,Accepted,20,1792,1093,
s391896310,p02791,u600402037,1579688182,Python,Python (3.4.3),py,Accepted,490,34140,254,
s264177652,p02791,u838994321,1579688092,Fortran,Fortran (gfortran v4.8.4),f,Wrong Answer,2103,1536,436,
s586794193,p02791,u838994321,1579687814,Fortran,Fortran (gfortran v4.8.4),f,Wrong Answer,2103,1536,423,
s688200027,p02791,u693007703,1579687685,Python,Python (3.4.3),py,Accepted,115,25768,235,
s814947434,p02791,u059223549,1579687549,Kotlin,Kotlin (1.0.0),kt,Accepted,714,58952,356,
s190644027,p02791,u059223549,1579687487,Kotlin,Kotlin (1.0.0),kt,Accepted,827,71776,365,
s842712098,p02791,u693007703,1579687429,Python,Python (3.4.3),py,Time Limit Exceeded,2104,24744,200,
s217537747,p02791,u838994321,1579687365,Fortran,Fortran (gfortran v4.8.4),f,Wrong Answer,2103,1536,409,
s955058995,p02791,u102278909,1579687065,Python,PyPy3 (2.4.0),py,Accepted,244,75984,145,
s538869143,p02791,u201441274,1579686633,Ruby,Ruby (2.3.3),rb,Accepted,97,15228,132,
s279232618,p02791,u880930934,1579686378,Python,PyPy3 (2.4.0),py,Time Limit Exceeded,2107,75620,301,
s111965259,p02791,u201441274,1579686259,Ruby,Ruby (2.3.3),rb,Wrong Answer,97,17276,129,
s375005026,p02791,u815341111,1579685793,Java,Java8 (OpenJDK 1.8.0),java,Accepted,563,83144,417,
s663156837,p02791,u649865415,1579685646,C#,C# (Mono 4.6.2.0),cs,Accepted,93,31068,806,
s854399174,p02791,u649865415,1579685598,C#,C# (Mono 4.6.2.0),cs,Wrong Answer,93,33116,808,
s793604166,p02791,u649865415,1579685178,C#,C# (Mono 4.6.2.0),cs,Wrong Answer,93,31068,761,
s356725833,p02791,u242082438,1579685036,Java,Java8 (OpenJDK 1.8.0),java,Accepted,584,65016,425,
s185375667,p02791,u201441274,1579684942,Ruby,Ruby (2.3.3),rb,Wrong Answer,98,15228,124,
s214320799,p02791,u201441274,1579684805,Ruby,Ruby (2.3.3),rb,Wrong Answer,99,15228,127,
s874366387,p02791,u201441274,1579684636,Ruby,Ruby (2.3.3),rb,Wrong Answer,9,1788,115,
s282501296,p02791,u720630462,1579684628,Python,Python (3.4.3),py,Accepted,86,17780,163,
s957671880,p02791,u720630462,1579684459,Python,Python (3.4.3),py,Wrong Answer,17,3060,155,
s194117746,p02791,u608258653,1579684317,C++,C++14 (GCC 5.4.1),cpp,Accepted,19,1024,750,
s930919439,p02791,u219873012,1579683978,C++,C++14 (GCC 5.4.1),cpp,Accepted,62,3444,2445,
s773940741,p02791,u938389536,1579683111,C++,C++14 (GCC 5.4.1),cpp,Accepted,18,256,1240,
s168523315,p02791,u095266283,1579680283,Python,Python (3.4.3),py,Accepted,108,24744,161,
s661956268,p02791,u452567689,1579679608,Scala,Scala (2.11.7),scala,Time Limit Exceeded,2111,157796,217,
s914552952,p02791,u043150661,1579679316,Kotlin,Kotlin (1.0.0),kt,Accepted,649,83092,455,
s334522229,p02791,u209713918,1579676742,C++,C++14 (GCC 5.4.1),cpp,Accepted,20,128,851,
s488127444,p02791,u934788990,1579676582,Python,Python (3.4.3),py,Accepted,158,25768,200,
s536205873,p02791,u372416888,1579675644,C++,C++14 (GCC 5.4.1),cpp,Wrong Answer,77,1024,195,
s606623154,p02791,u030094342,1579674984,C++,C++14 (GCC 5.4.1),cpp,Accepted,62,1024,488,
s381651850,p02791,u372416888,1579674957,C++,C++14 (GCC 5.4.1),cpp,Wrong Answer,77,1024,196,
s299624333,p02791,u030094342,1579674917,C++,C++14 (GCC 5.4.1),cpp,Wrong Answer,62,1024,453,
s103088355,p02791,u532780765,1579670656,C++,C++14 (GCC 5.4.1),cpp,Accepted,20,1792,634,
s869298170,p02791,u532780765,1579670576,C++,C++14 (GCC 5.4.1),cpp,Wrong Answer,19,1792,650,
s242246711,p02791,u532780765,1579670151,C++,C++14 (GCC 5.4.1),cpp,Wrong Answer,20,1792,569,
s900286868,p02791,u532780765,1579670083,C++,C++14 (GCC 5.4.1),cpp,Runtime Error,97,2560,642,
s935642633,p02791,u532780765,1579669938,C++,C++14 (GCC 5.4.1),cpp,Runtime Error,96,2560,636,
s148604126,p02791,u532780765,1579669907,C++,C++14 (GCC 5.4.1),cpp,Runtime Error,115,1024,636,
s295280718,p02791,u273760499,1579669849,C++,C++14 (GCC 5.4.1),cpp,Accepted,76,256,417,
s594798356,p02791,u561797607,1579666414,C++,C++14 (GCC 5.4.1),cpp,Accepted,78,1024,247,
s942942636,p02791,u430393185,1579665115,C++,C++14 (GCC 5.4.1),cpp,Accepted,19,1024,445,
s965345044,p02791,u778887443,1579664592,C++,C++14 (Clang 3.8.0),cpp,Accepted,232,9600,415,
s021585015,p02791,u342809635,1579664391,C++,C++14 (GCC 5.4.1),cpp,Accepted,20,1792,828,
s322063144,p02791,u870575557,1579664318,Python,Python (3.4.3),py,Time Limit Exceeded,2104,24744,183,
s156887521,p02791,u241874341,1579664160,Java,Java8 (OpenJDK 1.8.0),java,Accepted,489,48120,785,
s602378226,p02791,u241874341,1579664095,Java,Java8 (OpenJDK 1.8.0),java,Wrong Answer,489,49880,770,
s289600750,p02791,u594956556,1579662848,Python,Python (3.4.3),py,Accepted,98,24744,173,
s803269389,p02791,u460819600,1579662612,C++,C++14 (GCC 5.4.1),cpp,Accepted,18,256,2456,
s761504700,p02791,u879309973,1579661921,Python,Python (3.4.3),py,Accepted,129,24744,276,
s282390860,p02791,u635804867,1579661358,C++,C++14 (GCC 5.4.1),cpp,Accepted,19,1024,788,
s118575842,p02791,u436516835,1579661235,C++,C++14 (GCC 5.4.1),cpp,Accepted,19,1792,1117,
s620281961,p02791,u436516835,1579661186,C++,C++14 (GCC 5.4.1),cpp,Compile Error,,,1117,
s157082654,p02791,u625963200,1579660506,Python,Python (3.4.3),py,Accepted,92,24744,127,
s522682651,p02791,u497326082,1579659148,Python,Python (3.4.3),py,Accepted,182,26012,191,
s527120997,p02791,u804239270,1579658079,C++,C++14 (GCC 5.4.1),cpp,Accepted,17,256,796,
s519372851,p02791,u550314572,1579657954,Java,Java8 (OpenJDK 1.8.0),java,Accepted,260,37128,125475,
s107284100,p02791,u804239270,1579657855,C++,C++14 (GCC 5.4.1),cpp,Wrong Answer,18,256,827,
s468469534,p02791,u600420034,1579657500,Java,Java8 (OpenJDK 1.8.0),java,Accepted,625,65228,547,
s232006192,p02791,u195912432,1579657098,PHP,PHP7 (7.0.15),php,Accepted,36,27120,220,
s082801435,p02791,u620319546,1579656897,C++,C++14 (GCC 5.4.1),cpp,Accepted,30,17408,976,
s823728791,p02791,u600420034,1579656548,Java,Java8 (OpenJDK 1.8.0),java,Wrong Answer,585,84020,435,
s585120020,p02791,u600420034,1579656480,Java,Java8 (OpenJDK 1.8.0),java,Wrong Answer,571,87384,435,
s290755000,p02791,u114920558,1579656221,Python,Python (3.4.3),py,Accepted,128,24744,196,
s419931288,p02791,u013734211,1579655622,C++,C++14 (GCC 5.4.1),cpp,Accepted,76,256,310,
s613235916,p02791,u192675031,1579655194,Rust,Rust (1.15.1),rs,Accepted,11,8828,315095,
s614872254,p02791,u458652149,1579654242,C++,C++14 (GCC 5.4.1),cpp,Accepted,77,1024,264,
s990838506,p02791,u311090874,1579653945,C++,C++14 (GCC 5.4.1),cpp,Accepted,77,1024,276,
s598555410,p02791,u458652149,1579653426,C++,C++14 (GCC 5.4.1),cpp,Time Limit Exceeded,2103,1024,447,
s726628389,p02791,u458652149,1579653332,C++,C++14 (GCC 5.4.1),cpp,Time Limit Exceeded,2103,1024,397,
s830680518,p02791,u456731505,1579653113,C++,C++14 (GCC 5.4.1),cpp,Accepted,77,1024,362,
s934116864,p02791,u266302548,1579653105,C++,C++14 (GCC 5.4.1),cpp,Accepted,67,3328,871,
s264412096,p02791,u337550605,1579652945,C++,C++14 (GCC 5.4.1),cpp,Accepted,24,15872,899,
s493114584,p02791,u198693633,1579652906,C++,C++14 (GCC 5.4.1),cpp,Accepted,77,256,207,
s445478201,p02791,u826702060,1579652862,Python,Python (3.4.3),py,Accepted,94,24744,263,
s396548008,p02791,u337550605,1579652845,C++,C++14 (GCC 5.4.1),cpp,Wrong Answer,25,15872,901,
s087394039,p02791,u386344986,1579652814,C++,C++14 (GCC 5.4.1),cpp,Accepted,89,11264,607,
s443351337,p02791,u198693633,1579652811,C++,C++14 (GCC 5.4.1),cpp,Wrong Answer,78,256,201,
s946078443,p02791,u826702060,1579652801,Python,Python (3.4.3),py,Wrong Answer,97,24744,264,
s899280041,p02791,u458652149,1579652549,C++,C++14 (GCC 5.4.1),cpp,Time Limit Exceeded,2103,1024,395,
s108998284,p02791,u337550605,1579652389,C++,C++14 (GCC 5.4.1),cpp,Wrong Answer,26,15872,906,
s888683041,p02791,u456731505,1579652352,C++,C++14 (GCC 5.4.1),cpp,Time Limit Exceeded,2103,1024,345,
s910854849,p02791,u466275789,1579652216,C++,C++14 (GCC 5.4.1),cpp,Accepted,78,256,709,
s384092480,p02791,u458652149,1579652142,C++,C++14 (GCC 5.4.1),cpp,Wrong Answer,2103,1024,371,
s521626808,p02791,u458652149,1579652059,C++,C++14 (GCC 5.4.1),cpp,Wrong Answer,2103,1024,370,
s014929363,p02791,u466275789,1579651765,C++,C++14 (GCC 5.4.1),cpp,Time Limit Exceeded,2103,1400,829,
s983458848,p02791,u667543757,1579651756,Rust,Rust (1.15.1),rs,Accepted,13,8700,153551,
s216843983,p02791,u826702060,1579651749,Python,Python (3.4.3),py,Time Limit Exceeded,2104,24744,254,
s063222899,p02791,u016119075,1579651527,C++,C++14 (GCC 5.4.1),cpp,Accepted,79,256,269,
s218017989,p02791,u739162091,1579651525,C++,C++14 (GCC 5.4.1),cpp,Accepted,77,1024,248,
s714501821,p02791,u103600314,1579651012,Go,Go (1.6),go,Accepted,119,7808,8516,
s526002425,p02791,u739162091,1579650373,C++,C++14 (GCC 5.4.1),cpp,Time Limit Exceeded,2103,1152,285,
s475020237,p02791,u696240348,1579650294,Python,PyPy3 (2.4.0),py,Accepted,257,76624,164,
s433915785,p02791,u466275789,1579650043,C++,C++14 (GCC 5.4.1),cpp,Wrong Answer,79,256,703,
s290398157,p02791,u348670055,1579649764,C++,C++14 (GCC 5.4.1),cpp,Accepted,77,1024,303,
s667781251,p02791,u335278042,1579649740,C++,C++14 (GCC 5.4.1),cpp,Accepted,20,256,1804,
s665738798,p02791,u084466852,1579649570,C++,C++14 (GCC 5.4.1),cpp,Accepted,18,1792,1108,
s664357404,p02791,u084466852,1579649101,C++,C++14 (GCC 5.4.1),cpp,Wrong Answer,18,1792,1034,
s903139132,p02791,u576559024,1579649098,C++,C++14 (GCC 5.4.1),cpp,Accepted,18,3956,1919,
s847178519,p02791,u084466852,1579649049,C++,C++14 (GCC 5.4.1),cpp,Wrong Answer,18,1792,1033,
s120918900,p02791,u466275789,1579648793,C++,C++14 (GCC 5.4.1),cpp,Time Limit Exceeded,2103,1400,847,
s481572199,p02791,u882674169,1579648755,C++,C++14 (GCC 5.4.1),cpp,Accepted,60,1792,436,
s835942848,p02791,u030848580,1579648196,C++,C++14 (GCC 5.4.1),cpp,Accepted,62,1792,349,
s087933957,p02791,u526226910,1579648051,C++,C++14 (GCC 5.4.1),cpp,Accepted,17,256,312,
s647674051,p02791,u751468134,1579647995,C++,C++14 (GCC 5.4.1),cpp,Accepted,18,1792,1967,
s868978417,p02791,u606045429,1579647943,Python,Python (3.4.3),py,Accepted,139,25116,140,
s260201390,p02791,u979126665,1579647651,Python,Python (3.4.3),py,Accepted,117,24744,260,
s728291699,p02791,u032189172,1579646760,C++,C++14 (GCC 5.4.1),cpp,Time Limit Exceeded,2103,1024,627,
s547876259,p02791,u202667807,1579646709,C,C (GCC 5.4.1),c,Accepted,22,256,236,
s773751839,p02791,u202667807,1579646455,C,C (GCC 5.4.1),c,Wrong Answer,22,128,236,
s048692083,p02791,u504588563,1579646309,Python,PyPy3 (2.4.0),py,Accepted,243,75984,159,
s907860837,p02791,u202667807,1579646222,C,C (GCC 5.4.1),c,Wrong Answer,22,128,243,
s510137780,p02791,u202667807,1579646135,C,C (GCC 5.4.1),c,Wrong Answer,22,128,224,
s406333686,p02791,u202667807,1579645789,C,C (GCC 5.4.1),c,Time Limit Exceeded,2103,896,288,
s363615223,p02791,u415956569,1579645509,C++,C++14 (GCC 5.4.1),cpp,Accepted,19,1024,921,
s881398850,p02791,u839270538,1579645487,C++,C++14 (GCC 5.4.1),cpp,Accepted,159,9728,249,
s753807627,p02791,u839270538,1579645384,C++,C++14 (Clang 3.8.0),cpp,Compile Error,,,249,
s643774024,p02791,u644546699,1579645217,Python,Python (3.4.3),py,Accepted,118,17940,249,
s062090749,p02791,u213570908,1579645149,C++,C++14 (GCC 5.4.1),cpp,Accepted,78,1792,425,
s674213395,p02791,u893853810,1579645113,Python,Python (3.4.3),py,Accepted,93,24744,158,
s464488793,p02791,u213570908,1579645080,C++,C++14 (Clang 3.8.0),cpp,Compile Error,,,425,
s920508847,p02791,u213570908,1579645028,C++,C++14 (Clang 3.8.0),cpp,Compile Error,,,416,
s664158059,p02791,u213570908,1579645001,C++,C++14 (Clang 3.8.0),cpp,Compile Error,,,417,
s901929560,p02791,u893853810,1579644958,Python,Python (3.4.3),py,Wrong Answer,91,24744,156,
s988873965,p02791,u893853810,1579644782,Python,Python (3.4.3),py,Wrong Answer,79,24744,151,
s115940938,p02791,u569552918,1579644239,C++,C++14 (GCC 5.4.1),cpp,Accepted,19,1024,370,
s906644771,p02791,u340688691,1579644183,C++,C++14 (GCC 5.4.1),cpp,Accepted,60,1024,359,
s027471947,p02791,u726630158,1579644170,Go,Go (1.6),go,Accepted,41,3584,20448,
s625919013,p02791,u407127838,1579644148,C++,C++14 (GCC 5.4.1),cpp,Wrong Answer,76,256,249,
s504153074,p02791,u407127838,1579644012,C++,C++14 (GCC 5.4.1),cpp,Wrong Answer,76,256,248,
s314732750,p02791,u477393226,1579643844,C++,C++14 (GCC 5.4.1),cpp,Accepted,77,256,273,
s871710942,p02791,u893853810,1579643796,Python,Python (3.4.3),py,Time Limit Exceeded,2110,38684,320,
s789576022,p02791,u340688691,1579643438,C++,C++14 (GCC 5.4.1),cpp,Time Limit Exceeded,2214,1769972,512,
s042852921,p02791,u089241640,1579643402,C++,C++14 (GCC 5.4.1),cpp,Accepted,76,256,209,
s146179872,p02791,u443975466,1579642856,C++,C++14 (GCC 5.4.1),cpp,Accepted,59,1792,497,
s293923768,p02791,u453412459,1579642846,C++,C++14 (GCC 5.4.1),cpp,Accepted,138,10496,1644,
s223052658,p02791,u234435881,1579642328,C++,C++14 (GCC 5.4.1),cpp,Accepted,60,1024,266,
s845685812,p02791,u544212192,1579642293,Python,Python (3.4.3),py,Accepted,155,17780,146,
s525499749,p02791,u198738430,1579642235,C++,C++14 (GCC 5.4.1),cpp,Accepted,78,1024,241,
s322435611,p02791,u412424361,1579642228,C++,C++14 (GCC 5.4.1),cpp,Accepted,79,1024,283,
s422692364,p02791,u198738430,1579642059,C++,C++14 (GCC 5.4.1),cpp,Wrong Answer,79,1024,241,
s975937478,p02791,u544212192,1579641892,Python,Python (3.4.3),py,Time Limit Exceeded,2104,17940,180,
s482666770,p02791,u998008108,1579641674,Python,Python (3.4.3),py,Accepted,109,24744,139,
s770185722,p02791,u486906248,1579641662,C++,C++14 (GCC 5.4.1),cpp,Accepted,77,1024,282,
s987933448,p02791,u486906248,1579641513,C++,C++14 (GCC 5.4.1),cpp,Wrong Answer,77,1024,278,
s413646873,p02791,u644546699,1579641328,Python,Python (3.4.3),py,Time Limit Exceeded,2108,24744,316,
s286245857,p02791,u042365947,1579641090,C#,C# (Mono 4.6.2.0),cs,Accepted,107,34012,6336,
s378061120,p02791,u340688691,1579641075,C++,C++14 (GCC 5.4.1),cpp,Wrong Answer,60,1400,362,
s506580444,p02791,u980960666,1579640687,Java,Java8 (OpenJDK 1.8.0),java,Accepted,581,79368,406,
s762674101,p02791,u227478170,1579640608,C++,C++14 (GCC 5.4.1),cpp,Accepted,77,1024,294,
s244689706,p02791,u227478170,1579640555,C++,C++14 (GCC 5.4.1),cpp,Compile Error,,,294,
s972043565,p02791,u578647703,1579640510,Python,PyPy3 (2.4.0),py,Time Limit Exceeded,2112,138220,166,
s892332098,p02791,u200785298,1579640479,Python,Python (3.4.3),py,Accepted,135,25984,569,
s857041726,p02791,u227478170,1579640454,C++,C++14 (GCC 5.4.1),cpp,Wrong Answer,82,1024,298,
s996742306,p02791,u720483676,1579640401,Python,Python (3.4.3),py,Accepted,183,25116,136,
s137257323,p02791,u578647703,1579640347,Python,PyPy3 (2.4.0),py,Runtime Error,2112,138348,171,
s068535760,p02791,u227478170,1579640317,C++,C++14 (GCC 5.4.1),cpp,Wrong Answer,77,1024,295,
s031710526,p02791,u098494358,1579640265,C++,C++14 (GCC 5.4.1),cpp,Wrong Answer,2103,1400,355,
s148402808,p02791,u227478170,1579640224,C++,C++14 (GCC 5.4.1),cpp,Compile Error,,,296,
s479129652,p02791,u578647703,1579640127,Python,PyPy3 (2.4.0),py,Time Limit Exceeded,2112,136188,202,
s637630830,p02791,u834777932,1579640101,C++,C++14 (GCC 5.4.1),cpp,Accepted,18,256,8270,
s077567259,p02791,u098494358,1579639967,C++,C++14 (GCC 5.4.1),cpp,Wrong Answer,2103,1400,356,
s583186076,p02791,u784448849,1579639905,Kotlin,Kotlin (1.0.0),kt,Accepted,661,82652,540,
s051883487,p02791,u681787145,1579639881,C++,C++ (GCC 5.4.1),cpp,Wrong Answer,88,1792,684,
s909156861,p02791,u098494358,1579639860,C++,C++14 (GCC 5.4.1),cpp,Wrong Answer,2103,1400,355,
s211878594,p02791,u637175065,1579639830,Python,Python (3.4.3),py,Accepted,112,28228,1092,
s385236364,p02791,u041513069,1579639714,C++,C++14 (GCC 5.4.1),cpp,Accepted,60,1792,496,
s229507295,p02791,u098494358,1579639672,C++,C++14 (GCC 5.4.1),cpp,Wrong Answer,2103,1400,355,
s999229223,p02791,u098494358,1579639484,C++,C++14 (GCC 5.4.1),cpp,Wrong Answer,2103,1528,363,
s436825852,p02791,u098494358,1579639293,C++,C++14 (GCC 5.4.1),cpp,Wrong Answer,2103,1400,364,
s720787227,p02791,u627245729,1579639034,C++,C++14 (GCC 5.4.1),cpp,Accepted,66,1400,296,
s798341261,p02791,u578647703,1579638547,Python,PyPy3 (2.4.0),py,Time Limit Exceeded,2108,75504,195,
s208463913,p02791,u238987462,1579638376,Python,Python (3.4.3),py,Accepted,98,17940,111,
s349853137,p02791,u238987462,1579638290,Python,Python (3.4.3),py,Runtime Error,34,17780,111,
s729432121,p02791,u381585104,1579638275,C++,C++14 (GCC 5.4.1),cpp,Accepted,60,1024,1322,
s420610132,p02791,u604231488,1579638222,Python,Python (3.4.3),py,Accepted,105,24872,249,
s102053734,p02791,u311671153,1579637928,C++,C++14 (GCC 5.4.1),cpp,Accepted,20,4352,2420,
s813598213,p02791,u624714778,1579637708,C++,C++14 (GCC 5.4.1),cpp,Wrong Answer,78,1024,312,
s261534243,p02791,u194384772,1579637253,C++,C++14 (GCC 5.4.1),cpp,Accepted,19,384,381,
s996558530,p02791,u391731808,1579637200,Python,Python (3.4.3),py,Accepted,173,24744,161,
s644410723,p02791,u369212307,1579637025,C++,C++14 (GCC 5.4.1),cpp,Accepted,65,1400,670,
s838244549,p02791,u399973890,1579637019,Python,Python (3.4.3),py,Time Limit Exceeded,2104,24744,195,
s945135546,p02791,u601983745,1579636775,C++,C++14 (GCC 5.4.1),cpp,Accepted,18,1792,580,
s252204146,p02791,u952669998,1579636760,Python,Python (3.4.3),py,Accepted,106,24744,166,
s774101063,p02791,u159335277,1579636655,Rust,Rust (1.15.1),rs,Accepted,39,6396,2494,
s615164635,p02791,u952669998,1579636614,Python,Python (3.4.3),py,Time Limit Exceeded,2104,24744,166,
s470758386,p02791,u892957002,1579635344,C++,C++14 (GCC 5.4.1),cpp,Accepted,65,256,362,
s482248390,p02791,u624696727,1579635277,Python,Python (3.4.3),py,Accepted,171,25696,332,
s152430592,p02791,u386170566,1579635078,Python,Python (3.4.3),py,Accepted,153,24744,239,
s978830526,p02791,u394271841,1579635072,Rust,Rust (1.15.1),rs,Accepted,13,6396,1483,
s588232157,p02791,u892957002,1579634610,C++,C++14 (GCC 5.4.1),cpp,Time Limit Exceeded,2103,1024,364,
s367035167,p02791,u892957002,1579634543,C++,C++14 (GCC 5.4.1),cpp,Time Limit Exceeded,2103,1024,345,
s617680439,p02791,u892957002,1579634465,C++,C++14 (GCC 5.4.1),cpp,Time Limit Exceeded,2103,1024,379,
s567739226,p02791,u764860208,1579634461,C++,C++14 (GCC 5.4.1),cpp,Runtime Error,98,256,1239,
s835604786,p02791,u433541168,1579634456,Python,Python (3.4.3),py,Accepted,164,24744,181,
s893741421,p02791,u764860208,1579634412,C++,C++14 (GCC 5.4.1),cpp,Runtime Error,2103,640,1240,
s378385206,p02791,u395242880,1579634406,Java,Java8 (OpenJDK 1.8.0),java,Accepted,558,81156,473,
s198388170,p02791,u433541168,1579634330,Python,Python (3.4.3),py,Time Limit Exceeded,2108,24744,190,
s179402750,p02791,u892957002,1579634303,C++,C++14 (GCC 5.4.1),cpp,Wrong Answer,2103,1024,378,
s267876529,p02791,u433541168,1579634192,Python,Python (3.4.3),py,Time Limit Exceeded,2105,24744,328,
s643165341,p02791,u433541168,1579633819,Python,Python (3.4.3),py,Runtime Error,65,24744,320,
s346361132,p02791,u433541168,1579633539,Python,Python (3.4.3),py,Runtime Error,65,24744,152,
s740099750,p02791,u234435881,1579633472,C++,C++14 (GCC 5.4.1),cpp,Accepted,155,10368,322,
s266074330,p02791,u010962920,1579633368,C++,C++14 (GCC 5.4.1),cpp,Accepted,61,1024,377,
s825653339,p02791,u395242880,1579633353,Java,Java8 (OpenJDK 1.8.0),java,Wrong Answer,546,76768,436,
s069621244,p02791,u838744063,1579633164,C++,C++14 (GCC 5.4.1),cpp,Accepted,61,1024,438,
s482749494,p02791,u073500051,1579632640,C++,C++14 (GCC 5.4.1),cpp,Accepted,78,1024,292,
s563595104,p02791,u838744063,1579632529,C++,C++14 (GCC 5.4.1),cpp,Time Limit Exceeded,2103,1024,409,
s189391742,p02791,u168026006,1579632376,C++,C++14 (GCC 5.4.1),cpp,Accepted,18,1792,1188,
s810168747,p02791,u617659131,1579630522,Python,Python (3.4.3),py,Accepted,115,24744,155,
s149655317,p02791,u120810144,1579630049,C++,C++14 (GCC 5.4.1),cpp,Accepted,60,1024,1272,
s944423562,p02791,u193637378,1579629918,C++,C++14 (GCC 5.4.1),cpp,Accepted,109,9600,389,
s711705713,p02791,u679366464,1579629733,C++,C++14 (GCC 5.4.1),cpp,Accepted,19,1024,468,
s243895495,p02791,u271719815,1579628558,C++,C++14 (GCC 5.4.1),cpp,Accepted,63,2168,1726,
s916730552,p02791,u271719815,1579628062,C++,C++14 (GCC 5.4.1),cpp,Wrong Answer,64,2420,1564,
s529866981,p02791,u271719815,1579627932,C++,C++14 (GCC 5.4.1),cpp,Wrong Answer,60,2420,1563,
s288935277,p02791,u519756887,1579627922,C++,C++14 (GCC 5.4.1),cpp,Accepted,67,1792,527,
s865503404,p02791,u653981267,1579627687,Java,Java8 (OpenJDK 1.8.0),java,Accepted,547,62736,342,
s128671908,p02791,u439911726,1579627206,C++,C++14 (GCC 5.4.1),cpp,Accepted,77,1792,495,
s422378476,p02791,u218216885,1579626984,Python,Python (3.4.3),py,Accepted,129,26012,168,
s548092269,p02791,u054759548,1579626887,C++,C++14 (GCC 5.4.1),cpp,Accepted,19,1024,1834,
s753568189,p02791,u218216885,1579626787,Python,Python (3.4.3),py,Wrong Answer,130,24744,167,
s396886027,p02791,u054759548,1579626786,C++,C++14 (GCC 5.4.1),cpp,Wrong Answer,19,1024,1795,
s317366760,p02791,u311874435,1579626458,C++,C++14 (GCC 5.4.1),cpp,Accepted,77,256,310,
s407792500,p02791,u405832869,1579625724,Python,Python (3.4.3),py,Accepted,107,24744,171,
s184476004,p02791,u725115297,1579625291,Java,Java8 (OpenJDK 1.8.0),java,Accepted,391,57000,575,
s724355623,p02791,u430766779,1579625149,C++,C++14 (GCC 5.4.1),cpp,Accepted,79,1024,308,
s064735428,p02791,u644568158,1579625126,C++,C++14 (GCC 5.4.1),cpp,Accepted,49,5888,2813,
s887921192,p02791,u691878051,1579625125,C++,C++14 (GCC 5.4.1),cpp,Accepted,77,1024,264,
s981705701,p02791,u809287016,1579625072,C++,C++14 (GCC 5.4.1),cpp,Time Limit Exceeded,2103,1024,638,
s263623752,p02791,u411266301,1579624737,C++,C++14 (GCC 5.4.1),cpp,Accepted,79,256,266,
s209185905,p02791,u573754721,1579624439,Python,Python (3.4.3),py,Accepted,88,24744,137,
s106795228,p02791,u312646928,1579624398,C++,C++14 (GCC 5.4.1),cpp,Accepted,66,1024,403,
s472353485,p02791,u623094203,1579624123,C++,C++14 (GCC 5.4.1),cpp,Accepted,78,256,244,
s190203155,p02791,u002064181,1579624043,C++,C++14 (GCC 5.4.1),cpp,Accepted,80,1792,347,
s113553200,p02791,u965118468,1579623315,C++,C++14 (GCC 5.4.1),cpp,Accepted,78,1024,709,
s192008139,p02791,u935028161,1579623286,C++,C++14 (GCC 5.4.1),cpp,Accepted,77,1792,386,
s690306242,p02791,u423827009,1579623008,C++,C++14 (GCC 5.4.1),cpp,Accepted,62,1152,647,
s875916066,p02791,u355649707,1579622950,Python,Python (3.4.3),py,Accepted,77,24744,250,
s822618951,p02791,u951762226,1579622574,Ruby,Ruby (2.3.3),rb,Time Limit Exceeded,2108,18588,130,
s448865861,p02791,u296610335,1579622385,C++,C++14 (GCC 5.4.1),cpp,Accepted,21,1024,253,
s119537880,p02791,u729217226,1579621959,C++,C++14 (GCC 5.4.1),cpp,Accepted,70,1024,531,
s879092500,p02791,u729217226,1579621851,C++,C++14 (GCC 5.4.1),cpp,Wrong Answer,60,1024,548,
s575951585,p02791,u729217226,1579621782,C++,C++14 (GCC 5.4.1),cpp,Wrong Answer,63,1024,548,
s857600791,p02791,u878024225,1579621778,C++,C++14 (GCC 5.4.1),cpp,Accepted,66,1024,734,
s679902604,p02791,u628151901,1579621383,Python,Python (3.4.3),py,Accepted,160,25768,388,
s334069271,p02791,u022832318,1579621106,C++,C++14 (GCC 5.4.1),cpp,Accepted,19,1024,840,
s865503694,p02791,u355724718,1579621047,C++,C++14 (GCC 5.4.1),cpp,Accepted,18,1152,2610,
s910280384,p02791,u001577246,1579620996,C++,C++14 (GCC 5.4.1),cpp,Accepted,61,2560,1414,
s451808903,p02791,u974336656,1579620717,Python,Python (3.4.3),py,Accepted,93,24436,203,
s831082374,p02791,u894275299,1579620595,C++,C++14 (GCC 5.4.1),cpp,Accepted,79,256,235,
s344168336,p02791,u729217226,1579620549,C++,C++14 (GCC 5.4.1),cpp,Wrong Answer,63,1024,518,
s432000784,p02791,u729217226,1579620414,C++,C++14 (GCC 5.4.1),cpp,Wrong Answer,63,1024,517,
s105227081,p02791,u048091858,1579620387,Python,Python (3.4.3),py,Time Limit Exceeded,2104,26012,299,
s865199344,p02791,u974336656,1579620377,Python,PyPy3 (2.4.0),py,Accepted,235,73308,179,
s240207513,p02791,u974336656,1579620301,Python,PyPy3 (2.4.0),py,Accepted,238,73308,201,
s375766069,p02791,u048091858,1579620132,Python,Python (3.4.3),py,Time Limit Exceeded,2104,24744,373,
s648364341,p02791,u227188449,1579620123,C++,C++14 (GCC 5.4.1),cpp,Accepted,78,1024,277,
s675378882,p02791,u210369205,1579619539,Python,Python (3.4.3),py,Accepted,199,17940,197,
s076004186,p02791,u623023710,1579619023,C++,C++14 (GCC 5.4.1),cpp,Accepted,60,1024,290,
s723752099,p02791,u623023710,1579618855,C++,C++14 (GCC 5.4.1),cpp,Compile Error,,,289,
s694528356,p02791,u623023710,1579618797,C++,C++14 (GCC 5.4.1),cpp,Compile Error,,,282,
s209922652,p02791,u108484707,1579618629,C++,C++14 (GCC 5.4.1),cpp,Accepted,63,1024,357,
s156496161,p02791,u210369205,1579618057,Python,Python (3.4.3),py,Runtime Error,20,6656,196,
s069711328,p02791,u661347997,1579617851,Python,Python (3.4.3),py,Time Limit Exceeded,2104,24744,181,
s955792092,p02791,u423827009,1579617324,C++,C++14 (GCC 5.4.1),cpp,Accepted,61,1024,459,
s957536223,p02791,u321643070,1579617230,Python,Python (3.4.3),py,Accepted,110,24744,171,
s107521105,p02791,u321643070,1579617159,Python,Python (3.4.3),py,Wrong Answer,113,24744,192,
s307590334,p02791,u898999125,1579616908,Python,Python (3.4.3),py,Accepted,105,24744,130,
s704044499,p02791,u661347997,1579616649,Python,Python (3.4.3),py,Time Limit Exceeded,2104,26012,261,
s842355170,p02791,u346154160,1579616205,Java,Java8 (OpenJDK 1.8.0),java,Accepted,576,83228,626,
s001548337,p02791,u495186373,1579616157,Java,Java8 (OpenJDK 1.8.0),java,Accepted,211,44844,3280,
s506689821,p02791,u210369205,1579616097,Python,Python (3.4.3),py,Runtime Error,25,6656,167,
s539652144,p02791,u211227348,1579615805,C++,C++14 (GCC 5.4.1),cpp,Accepted,19,1024,288,
s601978249,p02791,u346154160,1579615601,Java,Java8 (OpenJDK 1.8.0),java,Time Limit Exceeded,2109,65056,731,
s994168802,p02791,u130813824,1579615392,Ruby,Ruby (2.3.3),rb,Accepted,428,1788,353,
s273781158,p02791,u963353562,1579615135,C++,C++14 (GCC 5.4.1),cpp,Accepted,61,1024,356,
s084803777,p02791,u159117533,1579615097,Python,Python (3.4.3),py,Accepted,161,24744,158,
s889830924,p02791,u321643070,1579615011,Python,Python (3.4.3),py,Time Limit Exceeded,2104,24744,193,
s027378599,p02791,u159117533,1579614763,Python,Python (3.4.3),py,Accepted,168,26012,202,
s684479643,p02791,u135961419,1579614500,Python,Python (3.4.3),py,Accepted,143,24744,189,
s250517261,p02791,u516332297,1579614349,C,C (GCC 5.4.1),c,Accepted,22,896,323,
s569422663,p02791,u794652722,1579614258,Java,Java8 (OpenJDK 1.8.0),java,Accepted,110,24408,2767,
s310308333,p02791,u083499110,1579614117,C++,C++14 (GCC 5.4.1),cpp,Accepted,19,1024,441,
s843757458,p02791,u135961419,1579614072,Python,Python (3.4.3),py,Time Limit Exceeded,2104,24744,151,
s011317591,p02791,u135961419,1579613726,Python,Python (3.4.3),py,Time Limit Exceeded,2104,24744,161,
s062850250,p02791,u135961419,1579613612,Python,Python (3.4.3),py,Runtime Error,66,24744,172,
s889377032,p02791,u794652722,1579613611,C++,C++14 (GCC 5.4.1),cpp,Runtime Error,99,256,510,
s632332833,p02791,u019489252,1579613507,Rust,Rust (1.15.1),rs,Accepted,11,8828,314896,
s224573288,p02791,u794652722,1579613504,C++,C++14 (GCC 5.4.1),cpp,Runtime Error,103,256,487,
s183805501,p02791,u833429002,1579613436,Python,Python (3.4.3),py,Time Limit Exceeded,2104,18964,183,
s064111681,p02791,u833429002,1579613362,Python,Python (3.4.3),py,Time Limit Exceeded,2104,17940,184,
s939694339,p02791,u794652722,1579613270,C++,C++14 (GCC 5.4.1),cpp,Runtime Error,100,256,474,
s993632938,p02791,u135961419,1579613193,Python,Python (3.4.3),py,Time Limit Exceeded,2104,24744,241,
s404462683,p02791,u833429002,1579613163,Python,Python (3.4.3),py,Wrong Answer,2105,18964,183,
s029588292,p02791,u135961419,1579612985,Python,Python (3.4.3),py,Wrong Answer,2104,24744,237,
s232674383,p02791,u135961419,1579612789,Python,Python (3.4.3),py,Runtime Error,66,26012,226,
s477448933,p02791,u794652722,1579612492,Java,Java8 (OpenJDK 1.8.0),java,Time Limit Exceeded,2109,25128,2900,
s573009761,p02791,u833429002,1579612476,Python,Python (3.4.3),py,Wrong Answer,2105,18964,183,
s175774724,p02791,u168698471,1579612476,C++,C++14 (GCC 5.4.1),cpp,Accepted,21,1024,379,
s195904680,p02791,u168698471,1579612447,C++,C++14 (GCC 5.4.1),cpp,Compile Error,,,378,
s051070450,p02791,u794652722,1579612438,Java,Java8 (OpenJDK 1.8.0),java,Time Limit Exceeded,2109,27172,2873,
s128263537,p02791,u811528179,1579612363,C++,C++14 (GCC 5.4.1),cpp,Accepted,59,1024,3539,
s026379306,p02791,u963353562,1579612196,C++,C++14 (GCC 5.4.1),cpp,Time Limit Exceeded,2103,1024,495,
s057670000,p02791,u833429002,1579611818,Python,Python (3.4.3),py,Wrong Answer,144,17780,119,
s887136399,p02791,u006553368,1579611659,C++,C++14 (GCC 5.4.1),cpp,Accepted,63,1400,456,
s579027603,p02791,u005184477,1579611458,Ruby,Ruby (2.3.3),rb,Accepted,106,16516,176,
s307264775,p02791,u890461092,1579611322,Python,Python (3.4.3),py,Accepted,150,24744,193,
s355634374,p02791,u335839000,1579611308,C++,C++14 (GCC 5.4.1),cpp,Accepted,20,3328,1847,
s098492705,p02791,u069838609,1579610851,C++,C++14 (GCC 5.4.1),cpp,Accepted,18,1792,2901,
s841533552,p02791,u193524519,1579610534,Python,Python (3.4.3),py,Runtime Error,17,2940,130,
s249990840,p02791,u193524519,1579610473,Python,Python (3.4.3),py,Runtime Error,17,2940,154,
s136169284,p02791,u193524519,1579610368,Python,Python (3.4.3),py,Wrong Answer,110,24744,125,
s747045454,p02791,u176979814,1579610322,C++,C++14 (GCC 5.4.1),cpp,Accepted,59,256,232,
s609960203,p02791,u889531195,1579610295,C++,C++14 (GCC 5.4.1),cpp,Accepted,18,1792,429,
s005974942,p02791,u951141057,1579610283,C++,C++14 (GCC 5.4.1),cpp,Accepted,19,1792,404,
s505236194,p02791,u953468640,1579610241,C++,C++14 (GCC 5.4.1),cpp,Accepted,58,256,248,
s305770073,p02791,u147886643,1579609095,C++,C++14 (GCC 5.4.1),cpp,Accepted,18,256,424,
s700650644,p02791,u580599609,1579608845,C++,C++14 (GCC 5.4.1),cpp,Accepted,22,1024,668,
s336655261,p02791,u696865277,1579608121,C++,C++14 (GCC 5.4.1),cpp,Accepted,62,1024,340,
s512460031,p02791,u293437551,1579607764,Java,Java8 (OpenJDK 1.8.0),java,Accepted,594,83612,562,
s758635751,p02791,u696865277,1579607686,C++,C++14 (GCC 5.4.1),cpp,Time Limit Exceeded,2103,1792,483,
s775102959,p02791,u185034753,1579607335,Python,Python (3.4.3),py,Accepted,144,25768,317,
s761792280,p02791,u842917248,1579606922,C++,C++14 (GCC 5.4.1),cpp,Accepted,76,256,246,
s539364685,p02791,u875600867,1579606861,Python,Python (3.4.3),py,Accepted,162,24744,217,
s333302948,p02791,u806779763,1579606781,C++,C++14 (GCC 5.4.1),cpp,Accepted,18,256,471,
s181869351,p02791,u975039852,1579606222,Python,Python (3.4.3),py,Accepted,105,24744,146,
s789029241,p02791,u515236621,1579605978,Java,Java8 (OpenJDK 1.8.0),java,Wrong Answer,575,82280,471,
s933819297,p02791,u083959835,1579605977,C++,C++14 (GCC 5.4.1),cpp,Accepted,82,1400,409,
s642551477,p02791,u978494963,1579605534,Python,Python (3.4.3),py,Accepted,190,24744,146,
s737071379,p02791,u053926119,1579605473,Java,Java8 (OpenJDK 1.8.0),java,Time Limit Exceeded,2108,46108,691,
s224606631,p02791,u842917248,1579605231,C++,C++14 (GCC 5.4.1),cpp,Accepted,76,256,307,
s470444249,p02791,u277032399,1579605094,C++,C++14 (GCC 5.4.1),cpp,Accepted,20,256,1310,
s433111046,p02791,u806779763,1579605070,C++,C++14 (GCC 5.4.1),cpp,Wrong Answer,28,2168,726,
s350753166,p02791,u235396011,1579604875,C++,C++14 (GCC 5.4.1),cpp,Accepted,19,1024,1655,
s338073712,p02791,u842917248,1579604514,C++,C++14 (GCC 5.4.1),cpp,Accepted,76,256,251,
s688054692,p02791,u842917248,1579604327,C++,C++14 (GCC 5.4.1),cpp,Compile Error,,,251,
s023808719,p02791,u797165415,1579604098,C++,C++14 (GCC 5.4.1),cpp,Accepted,77,1024,441,
s795111761,p02791,u842917248,1579604007,C++,C++14 (GCC 5.4.1),cpp,Compile Error,,,241,
s723334611,p02791,u692336506,1579603672,C++,C++14 (GCC 5.4.1),cpp,Accepted,79,256,288,
s963635918,p02791,u756514276,1579602915,Java,Java8 (OpenJDK 1.8.0),java,Accepted,504,50836,543,
s441936096,p02791,u326775883,1579602611,Python,Python (3.4.3),py,Accepted,106,24744,147,
s290485026,p02791,u597017430,1579601535,Python,Python (3.4.3),py,Accepted,114,24744,141,
s605904739,p02791,u974336656,1579601345,Python,Python (3.4.3),py,Accepted,117,25768,201,
s660135692,p02791,u974336656,1579601045,Python,Python (3.4.3),py,Time Limit Exceeded,2108,25768,189,
s521709853,p02791,u717369597,1579600972,C++,C++14 (GCC 5.4.1),cpp,Accepted,18,1024,676,
s182878136,p02791,u974336656,1579600578,Python,Python (3.4.3),py,Wrong Answer,2105,25768,195,
s983745501,p02791,u170513117,1579600321,C++,C++14 (GCC 5.4.1),cpp,Accepted,77,1024,558,
s693848703,p02791,u304198114,1579599985,Ruby,Ruby (2.3.3),rb,Accepted,97,15236,126,
s092859356,p02791,u890461092,1579599655,Python,Python (3.4.3),py,Wrong Answer,118,24744,154,
s923149611,p02791,u430209651,1579599501,C++,C++14 (GCC 5.4.1),cpp,Accepted,60,1024,325,
s813691428,p02791,u832995587,1579598777,C++,C++14 (GCC 5.4.1),cpp,Accepted,60,1024,866,
s018246555,p02791,u880911340,1579597979,Python,Python (3.4.3),py,Accepted,131,17780,166,
s314169343,p02791,u008829811,1579597389,C,C (GCC 5.4.1),c,Accepted,22,128,1464,
s878009260,p02791,u324669236,1579596715,Java,Java8 (OpenJDK 1.8.0),java,Accepted,104,22868,3772,
s833138094,p02791,u662046230,1579596033,C++,C++14 (GCC 5.4.1),cpp,Time Limit Exceeded,2103,1024,305,
s978492401,p02791,u559578080,1579595799,C++,C++14 (GCC 5.4.1),cpp,Accepted,77,1792,323,
s748163308,p02791,u559578080,1579595625,C++,C++14 (GCC 5.4.1),cpp,Compile Error,,,322,
s930588415,p02791,u864013199,1579594781,Python,Python (3.4.3),py,Accepted,93,24744,155,
s632683297,p02791,u303039933,1579594696,C++,C++14 (GCC 5.4.1),cpp,Accepted,19,1024,2804,
s695568635,p02791,u989345508,1579593971,Python,Python (3.4.3),py,Accepted,151,25116,98,
s734097918,p02791,u013803727,1579593943,C++,C++14 (GCC 5.4.1),cpp,Accepted,63,1024,377,
s702797256,p02791,u989345508,1579593495,Python,Python (3.4.3),py,Accepted,156,24744,111,
s375407361,p02791,u989345508,1579593445,Python,Python (3.4.3),py,Accepted,162,24744,111,
s562999717,p02791,u989345508,1579593416,Python,Python (3.4.3),py,Accepted,154,24744,111,
s498451383,p02791,u969208383,1579593276,C++,C++14 (GCC 5.4.1),cpp,Accepted,18,1024,443,
s370686981,p02791,u989345508,1579593242,Python,Python (3.4.3),py,Accepted,153,25124,109,
s604010822,p02791,u761488152,1579592598,Go,Go (1.6),go,Accepted,981,7684,294,
s689632269,p02791,u989345508,1579592538,Python,Python (3.4.3),py,Accepted,146,26148,109,
s520049279,p02791,u989345508,1579592257,Python,Python (3.4.3),py,Runtime Error,36,17780,103,
s208277728,p02791,u211544300,1579592100,C++,C++14 (GCC 5.4.1),cpp,Accepted,20,128,268,
s642963052,p02791,u167932128,1579592072,Python,Python (3.4.3),py,Accepted,115,24744,187,
s458982785,p02791,u588093355,1579592012,C++,C++14 (GCC 5.4.1),cpp,Accepted,17,256,418,
s222605121,p02791,u989345508,1579591961,Python,Python (3.4.3),py,Accepted,145,24744,109,
s617416607,p02791,u608306652,1579591875,C++,C++14 (GCC 5.4.1),cpp,Wrong Answer,18,256,395,
s379724450,p02791,u989345508,1579591843,Python,Python (3.4.3),py,Accepted,155,25768,112,
s308517864,p02791,u989345508,1579591718,Python,Python (3.4.3),py,Accepted,170,25768,123,
s508217316,p02791,u167932128,1579591283,Python,Python (3.4.3),py,Time Limit Exceeded,2104,24744,216,
s417039874,p02791,u095714878,1579590611,Julia,Julia (0.5.0),jl,Accepted,980,192784,279,
s773187843,p02791,u589843455,1579589903,Python,Python (3.4.3),py,Accepted,116,24744,155,
s242649511,p02791,u712322283,1579587939,Ruby,Ruby (2.3.3),rb,Accepted,97,15236,129,
s167489169,p02791,u589843455,1579587766,Python,PyPy3 (2.4.0),py,Time Limit Exceeded,2111,136800,145,
s099215661,p02791,u589843455,1579587542,Python,Python (3.4.3),py,Time Limit Exceeded,2104,24744,142,
s147125566,p02791,u000120715,1579584109,C,C (GCC 5.4.1),c,Accepted,22,256,212,
s033603268,p02791,u840579553,1579583146,Python,Python (3.4.3),py,Accepted,107,24744,199,
s255446250,p02791,u714265567,1579582489,C++,C++14 (GCC 5.4.1),cpp,Accepted,148,10368,438,
s138804257,p02791,u432518223,1579582185,Python,Python (3.4.3),py,Time Limit Exceeded,2104,24744,174,
s065223532,p02791,u432518223,1579582036,Python,Python (3.4.3),py,Time Limit Exceeded,2104,24744,174,
s810661433,p02791,u541033696,1579580246,Java,Java8 (OpenJDK 1.8.0),java,Accepted,577,85268,1339,
s518610973,p02791,u297367372,1579579514,C++,C++14 (GCC 5.4.1),cpp,Accepted,76,1024,470,
s019131388,p02791,u696646471,1579579078,Python,Python (3.4.3),py,Accepted,108,24744,156,
s536170543,p02791,u780122303,1579575950,C++,C++14 (GCC 5.4.1),cpp,Accepted,18,256,275,
s206126155,p02791,u780122303,1579575845,C++,C++14 (GCC 5.4.1),cpp,Accepted,59,256,232,
s212175994,p02791,u893853810,1579575751,Python,PyPy3 (2.4.0),py,Time Limit Exceeded,2112,138180,250,
s582820257,p02791,u893853810,1579575601,Python,PyPy3 (2.4.0),py,Runtime Error,166,38384,244,
s772476953,p02791,u893853810,1579574951,Python,Python (3.4.3),py,Time Limit Exceeded,2110,37644,244,
s176756099,p02791,u893853810,1579574129,Python,Python (3.4.3),py,Time Limit Exceeded,2110,37732,253,
s161276322,p02791,u893853810,1579573736,Python,PyPy3 (2.4.0),py,Runtime Error,178,38768,235,
s802093634,p02791,u893853810,1579573685,Python,Python (3.4.3),py,Time Limit Exceeded,2110,39828,235,
s810110508,p02791,u607653760,1579573604,C++,C++14 (GCC 5.4.1),cpp,Accepted,18,1792,1471,
s893622624,p02791,u737298927,1579573133,Python,Python (3.4.3),py,Accepted,152,24744,174,
s577736791,p02791,u200473040,1579572830,C++,C++14 (GCC 5.4.1),cpp,Accepted,77,256,274,
s794839892,p02791,u699731638,1579570805,C++,C++14 (GCC 5.4.1),cpp,Accepted,60,1024,491,
s601381818,p02791,u377233169,1579570252,C++,C++14 (GCC 5.4.1),cpp,Accepted,19,3328,1031,
s366003511,p02791,u063873990,1579569900,C++,C++14 (GCC 5.4.1),cpp,Wrong Answer,1,256,421,
s085615725,p02791,u063873990,1579569756,C++,C++14 (GCC 5.4.1),cpp,Compile Error,,,400,
s807052295,p02791,u136246199,1579569037,Java,Java8 (OpenJDK 1.8.0),java,Accepted,623,68960,658,
s060248302,p02791,u664474710,1579568933,C++,C++14 (GCC 5.4.1),cpp,Accepted,27,3328,1513,
s093721074,p02791,u945712367,1579568894,C++,C++14 (GCC 5.4.1),cpp,Wrong Answer,77,1024,476,
s128737954,p02791,u419963262,1579568781,Python,Python (3.4.3),py,Accepted,96,24744,130,
s263068791,p02791,u612695892,1579568775,C++,C++14 (GCC 5.4.1),cpp,Accepted,127,10368,416,
s123270730,p02791,u640226904,1579568766,C++,C++14 (GCC 5.4.1),cpp,Accepted,78,1024,332,
s902361187,p02791,u419963262,1579568699,Python,Python (3.4.3),py,Wrong Answer,93,24744,129,
s802220467,p02791,u419963262,1579568609,Python,Python (3.4.3),py,Wrong Answer,77,24744,122,
s219156885,p02791,u632941690,1579568295,C++,C++14 (GCC 5.4.1),cpp,Accepted,18,256,878,
s898453197,p02791,u412266493,1579568274,C++,C++14 (GCC 5.4.1),cpp,Accepted,18,1024,928,
s317161275,p02791,u409617391,1579567433,C++,C++ (GCC 5.4.1),cpp,Accepted,76,256,343,
s939770582,p02791,u269804852,1579567140,C++,C++14 (GCC 5.4.1),cpp,Accepted,60,1400,365,
s565488161,p02791,u647953759,1579566785,C++,C++14 (GCC 5.4.1),cpp,Accepted,79,256,386,
s832146327,p02791,u269804852,1579566660,C++,C++14 (GCC 5.4.1),cpp,Time Limit Exceeded,2103,1400,398,
s305534991,p02791,u647953759,1579566598,C++,C++14 (GCC 5.4.1),cpp,Compile Error,,,771,
s978445102,p02791,u293631727,1579566401,C++,C++14 (GCC 5.4.1),cpp,Accepted,60,1792,420,
s718650244,p02791,u697718010,1579566342,C++,C++14 (GCC 5.4.1),cpp,Accepted,18,256,291,
s490591206,p02791,u647953759,1579566341,C++,C++14 (GCC 5.4.1),cpp,Wrong Answer,77,256,384,
s432920506,p02791,u414102894,1579565610,C++,C++ (GCC 5.4.1),cpp,Accepted,79,1792,501,
s558741531,p02791,u414102894,1579565144,C++,C++ (GCC 5.4.1),cpp,Wrong Answer,78,1024,619,
s886829229,p02791,u511294234,1579565069,C++,C++14 (GCC 5.4.1),cpp,Accepted,80,256,578,
s024023447,p02791,u007291572,1579564972,C++,C++14 (GCC 5.4.1),cpp,Accepted,18,256,969,
s376208519,p02791,u974485720,1579564971,C++,C++14 (GCC 5.4.1),cpp,Accepted,18,256,489,
s993210390,p02791,u414102894,1579564644,C++,C++ (GCC 5.4.1),cpp,Wrong Answer,77,1024,645,
s810898407,p02791,u414102894,1579564420,C++,C++ (GCC 5.4.1),cpp,Wrong Answer,77,1024,764,
s958182259,p02791,u511294234,1579564228,C++,C++14 (GCC 5.4.1),cpp,Wrong Answer,2103,1024,582,
s859772192,p02791,u867629498,1579564094,C++,C++14 (GCC 5.4.1),cpp,Accepted,87,1792,506,
s447248669,p02791,u507042801,1579563517,C++,C++14 (GCC 5.4.1),cpp,Accepted,19,1024,2331,
s712043668,p02791,u414102894,1579563500,C++,C++ (GCC 5.4.1),cpp,Time Limit Exceeded,2103,1024,383,
s035098533,p02791,u418810472,1579563318,C++,C++14 (GCC 5.4.1),cpp,Accepted,62,1024,643,
s104541809,p02791,u642012866,1579563250,Python,Python (3.4.3),py,Accepted,107,24744,160,
s314281733,p02791,u131020584,1579563247,C++,C++14 (GCC 5.4.1),cpp,Accepted,18,1024,1183,
s947181405,p02791,u080608919,1579562950,Python,Python (3.4.3),py,Accepted,111,24744,172,
s762759133,p02791,u210440747,1579562849,Python,Python (3.4.3),py,Accepted,79,24744,268,
s837361906,p02791,u584581266,1579562782,C++,C++14 (GCC 5.4.1),cpp,Accepted,18,1024,523,
s607209273,p02791,u933735545,1579562773,C++,C++14 (GCC 5.4.1),cpp,Accepted,17,256,1163,
s074223186,p02791,u092850781,1579562659,C++,C++14 (GCC 5.4.1),cpp,Accepted,19,256,258,
s620599596,p02791,u161323909,1579562274,Rust,Rust (1.15.1),rs,Accepted,29,17540,2275,
s560098086,p02791,u415518175,1579562170,C++,C++14 (GCC 5.4.1),cpp,Accepted,17,256,798,
s007762949,p02791,u606043821,1579562165,Python,Python (3.4.3),py,Time Limit Exceeded,2104,24744,199,
s403269424,p02791,u126859973,1579562149,C++,C++14 (GCC 5.4.1),cpp,Accepted,18,1920,1659,
s274391350,p02791,u442597243,1579561110,C++,C++14 (GCC 5.4.1),cpp,Accepted,79,1024,323,
s836203948,p02791,u359856428,1579560853,C++,C++14 (GCC 5.4.1),cpp,Accepted,62,1024,371,
s416620531,p02791,u789323170,1579560705,C++,C++14 (GCC 5.4.1),cpp,Accepted,66,1792,6986,
s652992327,p02791,u924527074,1579560669,C++,C++14 (GCC 5.4.1),cpp,Accepted,19,1792,3455,
s655390552,p02791,u868390752,1579560630,C++,C++14 (GCC 5.4.1),cpp,Accepted,76,256,321,
s167125964,p02791,u400694042,1579560438,C++,C++14 (GCC 5.4.1),cpp,Accepted,60,1024,394,
s707051632,p02791,u789323170,1579560338,C++,C++14 (GCC 5.4.1),cpp,Time Limit Exceeded,2103,1792,7051,
s072327879,p02791,u088727290,1579560188,C++,C++14 (GCC 5.4.1),cpp,Accepted,18,1024,1129,
s111822805,p02791,u462329577,1579559909,Python,Python (3.4.3),py,Accepted,112,25900,346,
s004056185,p02791,u480806810,1579559784,C++,C++14 (GCC 5.4.1),cpp,Accepted,77,256,456,
s596701641,p02791,u400694042,1579559774,C++,C++14 (GCC 5.4.1),cpp,Compile Error,,,365,
s005055325,p02791,u400694042,1579559628,C++,C++14 (GCC 5.4.1),cpp,Compile Error,,,365,
s496369015,p02791,u638320267,1579559398,C++,C++14 (GCC 5.4.1),cpp,Accepted,76,256,253,
s239687823,p02791,u400694042,1579559369,C++,C++14 (GCC 5.4.1),cpp,Compile Error,,,365,
s931924751,p02791,u562148988,1579559361,Ruby,Ruby (2.3.3),rb,Accepted,107,16516,203,
s795266900,p02791,u237620737,1579559295,C++,C++14 (GCC 5.4.1),cpp,Accepted,62,1792,1879,
s075247346,p02791,u631460433,1579558665,Python,Python (3.4.3),py,Wrong Answer,144,24744,211,
s804956289,p02791,u972597110,1579557834,C++,C++14 (GCC 5.4.1),cpp,Accepted,19,1024,768,
s856212380,p02791,u307779920,1579557777,C,C (GCC 5.4.1),c,Accepted,22,896,332,
s437205154,p02791,u789323170,1579557682,C++,C++14 (GCC 5.4.1),cpp,Time Limit Exceeded,2103,1792,1021,
s120988251,p02791,u606043821,1579557636,Python,Python (3.4.3),py,Time Limit Exceeded,2104,24872,199,
s400375665,p02791,u733696994,1579557592,C++,C++14 (GCC 5.4.1),cpp,Accepted,19,1024,918,
s877863917,p02791,u001534842,1579557549,C++,C++14 (GCC 5.4.1),cpp,Accepted,80,1024,363,
s881803252,p02791,u225988314,1579557393,Python,Python (3.4.3),py,Accepted,106,24744,407,
s868329240,p02791,u475503988,1579557339,C++,C++14 (GCC 5.4.1),cpp,Accepted,60,1024,639,
s737351342,p02791,u475503988,1579557228,C++,C++14 (GCC 5.4.1),cpp,Accepted,60,1024,346,
s752006424,p02791,u432356156,1579557181,Python,Python (3.4.3),py,Accepted,104,25768,150,
s178017340,p02791,u475503988,1579557147,C++,C++14 (GCC 5.4.1),cpp,Accepted,76,256,606,
s539145737,p02791,u225988314,1579557054,Python,Python (3.4.3),py,Time Limit Exceeded,2104,24744,379,
s950222531,p02791,u475503988,1579557038,C++,C++14 (GCC 5.4.1),cpp,Accepted,76,256,645,
s939134053,p02791,u974485720,1579556961,C++,C++14 (GCC 5.4.1),cpp,Accepted,18,256,489,
s600757552,p02791,u029759501,1579556919,C,C (GCC 5.4.1),c,Wrong Answer,2103,128,363,
s301088147,p02791,u029759501,1579556769,C,C (GCC 5.4.1),c,Wrong Answer,2103,128,365,
s263533560,p02791,u925478083,1579556608,C++,C++14 (GCC 5.4.1),cpp,Accepted,76,256,542,
s817115732,p02791,u000217193,1579556573,C++,C++14 (GCC 5.4.1),cpp,Accepted,77,256,234,
s185910370,p02791,u142887097,1579556337,C#,C# (Mono 4.6.2.0),cs,Time Limit Exceeded,2108,31068,750,
s430511129,p02791,u923112423,1579556224,Java,Java8 (OpenJDK 1.8.0),java,Accepted,508,57192,1966,
s495118346,p02791,u000217193,1579556213,C++,C++14 (GCC 5.4.1),cpp,Time Limit Exceeded,2107,1908,351,
s475416336,p02791,u884804758,1579556197,C++,C++14 (GCC 5.4.1),cpp,Accepted,24,1792,559,
s183920106,p02791,u402533525,1579556110,Python,Python (3.4.3),py,Accepted,111,24744,185,
s032452686,p02791,u000217193,1579555882,C++,C++14 (GCC 5.4.1),cpp,Time Limit Exceeded,2103,1908,354,
s505197181,p02791,u224353074,1579555878,Python,PyPy3 (2.4.0),py,Accepted,245,75856,178,
s729170575,p02791,u029759501,1579555869,C,C (GCC 5.4.1),c,Runtime Error,97,128,374,
s487296472,p02791,u224353074,1579555766,Python,PyPy3 (2.4.0),py,Wrong Answer,251,75984,177,
s201010565,p02791,u709799578,1579555738,Python,Python (3.4.3),py,Accepted,116,24744,168,
s700735068,p02791,u923112423,1579555565,Java,Java8 (OpenJDK 1.8.0),java,Runtime Error,93,23892,2204,
s873644697,p02791,u326775883,1579555552,Python,Python (3.4.3),py,Wrong Answer,111,24744,131,
s746860084,p02791,u923112423,1579555538,Go,Go (1.6),go,Compile Error,,,2205,
s892357245,p02791,u383025592,1579555508,Python,Python (3.4.3),py,Accepted,109,24744,145,
s512530959,p02791,u175590965,1579555494,Python,Python (3.4.3),py,Accepted,107,24744,148,
s110252962,p02791,u213986714,1579555140,C++,C++14 (GCC 5.4.1),cpp,Accepted,79,1024,275,
s481588858,p02791,u036744414,1579555009,C++,C++14 (GCC 5.4.1),cpp,Accepted,63,1024,614,
s275084241,p02791,u842596864,1579554969,C++,C++14 (GCC 5.4.1),cpp,Accepted,21,1792,417,
s292900458,p02791,u623349537,1579554905,Python,Python (3.4.3),py,Accepted,152,24744,173,
s827046196,p02791,u116744073,1579554686,C++,C++14 (GCC 5.4.1),cpp,Accepted,60,1400,558,
s706284455,p02791,u906922312,1579554598,Java,Java8 (OpenJDK 1.8.0),java,Accepted,582,86320,885,
s128932631,p02791,u000217193,1579554518,C++,C++14 (GCC 5.4.1),cpp,Time Limit Exceeded,2103,1400,375,
s657524673,p02791,u797550216,1579554248,Python,Python (3.4.3),py,Accepted,106,24744,158,
s571648707,p02791,u797550216,1579554087,Python,Python (3.4.3),py,Time Limit Exceeded,2104,24744,137,
s365697809,p02791,u166115962,1579553687,C++,C++14 (GCC 5.4.1),cpp,Accepted,77,1024,297,
s811376115,p02791,u506205196,1579553488,C++,C++14 (GCC 5.4.1),cpp,Accepted,21,256,241,
s805392798,p02791,u170225215,1579553412,Java,Java8 (OpenJDK 1.8.0),java,Accepted,634,85856,536,
s422550185,p02791,u638313467,1579553404,C++,C++14 (GCC 5.4.1),cpp,Accepted,59,1792,312,
s666463526,p02791,u244091994,1579553309,C++,C++14 (GCC 5.4.1),cpp,Accepted,16,1792,654,
s223997881,p02791,u196574642,1579553284,Rust,Rust (1.15.1),rs,Accepted,15,8444,964,
s919619303,p02791,u921177152,1579553219,C++,C++14 (GCC 5.4.1),cpp,Accepted,19,1792,1012,
s940626469,p02791,u226108478,1579553131,Python,Python (3.4.3),py,Accepted,79,24744,289,
s653718427,p02791,u623819879,1579553011,Python,PyPy3 (2.4.0),py,Accepted,264,69964,2019,
s231268567,p02791,u339419997,1579552978,C++,C++14 (Clang 3.8.0),cpp,Accepted,23,1024,441,
s285708324,p02791,u459590249,1579552890,Python,Python (3.4.3),py,Accepted,152,24744,140,
s386096573,p02791,u870092796,1579552801,C++,C++14 (GCC 5.4.1),cpp,Accepted,61,1920,629,
s489068170,p02791,u958848605,1579552783,C++,C++14 (GCC 5.4.1),cpp,Accepted,116,10368,2093,
s770273315,p02791,u906922312,1579552580,Java,Java8 (OpenJDK 1.8.0),java,Wrong Answer,570,65576,896,
s146453612,p02791,u012172241,1579552430,Rust,Rust (1.15.1),rs,Accepted,39,8444,6679,
s115351621,p02791,u223172354,1579552402,C++,C++14 (GCC 5.4.1),cpp,Accepted,60,1024,290,
s613083637,p02791,u012172241,1579552400,Rust,Rust (1.15.1),rs,Compile Error,,,6675,
s618601896,p02791,u591824072,1579552379,C++,C++14 (GCC 5.4.1),cpp,Accepted,62,256,776,
s608951972,p02791,u012172241,1579552343,Rust,Rust (1.15.1),rs,Compile Error,,,6659,
s761202671,p02791,u107269063,1579552323,Python,Python (3.4.3),py,Accepted,129,24744,152,
s893776700,p02791,u012172241,1579552307,Rust,Rust (1.15.1),rs,Compile Error,,,6659,
s970284946,p02791,u906922312,1579552078,Java,Java8 (OpenJDK 1.8.0),java,Wrong Answer,573,64492,810,
s933066576,p02791,u107269063,1579552061,Python,Python (3.4.3),py,Time Limit Exceeded,2104,24744,143,
s535426221,p02791,u979163294,1579552008,C++,C++14 (GCC 5.4.1),cpp,Accepted,18,256,290,
s041086494,p02791,u107269063,1579551988,Python,Python (3.4.3),py,Time Limit Exceeded,2104,24744,199,
s584643660,p02791,u936066246,1579551883,Java,Java8 (OpenJDK 1.8.0),java,Accepted,568,63784,328,
s898666433,p02791,u796942881,1579551883,Python,Python (3.4.3),py,Accepted,118,25116,155,
s736560297,p02791,u673058945,1579551770,C++,C++14 (GCC 5.4.1),cpp,Accepted,79,256,320,
s796725580,p02791,u999904282,1579551765,C++,C++14 (Clang 3.8.0),cpp,Accepted,164,1792,642,
s168206807,p02791,u709304134,1579551677,Python,Python (3.4.3),py,Accepted,93,24744,178,
s880037502,p02791,u964386590,1579551628,C++,C++14 (GCC 5.4.1),cpp,Accepted,94,9600,1093,
s708812078,p02791,u903005414,1579551264,Python,Python (3.4.3),py,Accepted,124,25124,194,
s096331578,p02791,u779353743,1579551245,Scala,Scala (2.11.7),scala,Accepted,606,50276,8538,
s820173894,p02791,u867320886,1579551119,Python,Python (3.4.3),py,Accepted,91,24744,142,
s688544170,p02791,u065067525,1579551084,C++,C++14 (GCC 5.4.1),cpp,Accepted,18,256,732,
s809802660,p02791,u392319141,1579550939,Python,Python (3.4.3),py,Accepted,137,24744,153,
s357068146,p02791,u993229809,1579550647,C++,C++14 (GCC 5.4.1),cpp,Accepted,77,256,259,
s061883809,p02791,u291766461,1579550556,Python,Python (3.4.3),py,Accepted,130,24744,170,
s634487198,p02791,u308590217,1579550476,C++,C++14 (GCC 5.4.1),cpp,Accepted,18,256,670,
s489522371,p02791,u430385413,1579550471,C++,C++14 (GCC 5.4.1),cpp,Accepted,59,1024,260,
s334050851,p02791,u464939155,1579550461,C++,C++14 (GCC 5.4.1),cpp,Accepted,76,256,321,
s243920940,p02791,u308590217,1579550438,C++,C++14 (GCC 5.4.1),cpp,Compile Error,,,659,
s336581976,p02791,u430385413,1579550420,C++,C++14 (GCC 5.4.1),cpp,Compile Error,,,232,
s022455597,p02791,u297737163,1579550119,C++,C++14 (GCC 5.4.1),cpp,Accepted,19,1400,622,
s343341623,p02791,u993229809,1579550089,C++,C++14 (GCC 5.4.1),cpp,Wrong Answer,77,256,258,
s491236116,p02791,u522185720,1579550033,Python,Python (3.4.3),py,Accepted,115,24744,205,
s940490646,p02791,u167908302,1579550022,Python,Python (3.4.3),py,Accepted,139,25124,222,
s363088902,p02791,u893853810,1579549957,Python,PyPy3 (2.4.0),py,Time Limit Exceeded,2112,138304,358,
s316322576,p02791,u893853810,1579549898,Python,Python (3.4.3),py,Time Limit Exceeded,2105,26964,358,
s343257966,p02791,u585613332,1579549890,Python,Python (3.4.3),py,Accepted,147,25788,160,
s216060579,p02791,u522185720,1579549871,Python,Python (3.4.3),py,Runtime Error,73,24744,200,
s521875218,p02791,u660009720,1579549844,C,C (GCC 5.4.1),c,Accepted,22,896,239,
s198499970,p02791,u585613332,1579549763,Python,Python (3.4.3),py,Runtime Error,17,2940,159,
s645707562,p02791,u854527316,1579549740,C++,C++14 (GCC 5.4.1),cpp,Accepted,19,1024,2353,
s956964420,p02791,u725107050,1579549655,Python,Python (3.4.3),py,Accepted,104,24744,168,
s442128646,p02791,u585613332,1579549629,Python,Python (3.4.3),py,Runtime Error,17,2940,153,
s374029669,p02791,u725107050,1579549498,Python,Python (3.4.3),py,Accepted,106,24744,173,
s523525372,p02791,u118718964,1579549357,C++,C++14 (GCC 5.4.1),cpp,Accepted,76,1024,321,
s563758694,p02791,u925103765,1579549333,Java,Java8 (OpenJDK 1.8.0),java,Accepted,577,77204,804,
s810586587,p02791,u778614444,1579548926,Python,Python (3.4.3),py,Accepted,132,17940,146,
s821289264,p02791,u778614444,1579548844,Python,Python (3.4.3),py,Wrong Answer,136,17940,146,
s319098147,p02791,u303884911,1579548778,C++,C++14 (GCC 5.4.1),cpp,Accepted,64,1024,322,
s552729622,p02791,u303884911,1579548744,C++,C++14 (GCC 5.4.1),cpp,Wrong Answer,60,1024,322,
s011506788,p02791,u430223993,1579548731,Python,Python (3.4.3),py,Accepted,97,25768,170,
s610079692,p02791,u303884911,1579548700,C++,C++14 (GCC 5.4.1),cpp,Compile Error,,,322,
s246716944,p02791,u430223993,1579548666,Python,Python (3.4.3),py,Runtime Error,74,25768,181,
s649701155,p02791,u440032761,1579548647,C++,C++14 (GCC 5.4.1),cpp,Accepted,18,256,341,
s715206575,p02791,u724428568,1579548613,Python,Python (3.4.3),py,Accepted,237,34060,138,
s713235168,p02791,u430223993,1579548532,Python,Python (3.4.3),py,Time Limit Exceeded,2105,24744,147,
s971651806,p02791,u106628818,1579547882,C++,C++14 (GCC 5.4.1),cpp,Accepted,18,384,3300,
s510617153,p02791,u902803949,1579547821,C++,C++14 (GCC 5.4.1),cpp,Accepted,61,1024,339,
s824568518,p02791,u902803949,1579547786,C++,C++14 (GCC 5.4.1),cpp,Wrong Answer,62,1024,337,
s239541317,p02791,u744582489,1579547715,Java,Java8 (OpenJDK 1.8.0),java,Accepted,563,80804,396,
s322372322,p02791,u865479192,1579547194,Python,Python (3.4.3),py,Accepted,74,24872,252,
s091048661,p02791,u879266613,1579547181,Python,Python (3.4.3),py,Accepted,111,24744,171,
s822485476,p02791,u865479192,1579546953,Python,PyPy3 (2.4.0),py,Wrong Answer,160,38256,210,
s078029299,p02791,u865479192,1579546735,Python,PyPy3 (2.4.0),py,Time Limit Exceeded,2111,138280,243,
s243873543,p02791,u380762346,1579546723,C++,C++14 (GCC 5.4.1),cpp,Accepted,18,256,1342,
s230059930,p02791,u723583932,1579546621,Python,Python (3.4.3),py,Accepted,94,24744,127,
s886888980,p02791,u863370423,1579546520,C++,C++14 (GCC 5.4.1),cpp,Accepted,18,1024,412,
s332797213,p02791,u865479192,1579546514,Python,PyPy3 (2.4.0),py,Time Limit Exceeded,2112,138204,253,
s428440275,p02791,u167604613,1579546021,C++,C++14 (GCC 5.4.1),cpp,Accepted,62,1792,1297,
s192929032,p02791,u842170774,1579545783,Python,Python (3.4.3),py,Accepted,91,24744,130,
s718402986,p02791,u067166809,1579545651,C++,C++14 (GCC 5.4.1),cpp,Accepted,77,1024,337,
s278190529,p02791,u634079249,1579545587,JavaScript,JavaScript (node.js v5.12),js,Accepted,117,22224,320,
s932313613,p02791,u580216411,1579545533,Python,Python (3.4.3),py,Accepted,115,25768,146,
s310385166,p02791,u912245812,1579545429,C++,C++14 (GCC 5.4.1),cpp,Wrong Answer,28,3956,4710,
s330674081,p02791,u080364835,1579545393,Python,Python (3.4.3),py,Accepted,95,24744,173,
s881807925,p02791,u865479192,1579545278,Python,PyPy3 (2.4.0),py,Time Limit Exceeded,2108,81360,296,
s973787091,p02791,u865479192,1579545243,Python,Python (3.4.3),py,Time Limit Exceeded,2108,25896,296,
s156169098,p02791,u692746605,1579545236,Python,Python (3.4.3),py,Accepted,130,25768,171,
s703705820,p02791,u331948661,1579545073,C++,C++14 (GCC 5.4.1),cpp,Accepted,58,1024,551,
s764026399,p02791,u823722490,1579545053,C++,C++14 (GCC 5.4.1),cpp,Accepted,18,256,562,
s098370607,p02791,u603324902,1579544977,Python,Python (3.4.3),py,Accepted,90,24744,138,
s322367388,p02791,u868264278,1579544550,C++,C++14 (GCC 5.4.1),cpp,Accepted,20,1400,493,
s923710685,p02791,u677400065,1579544548,C++,C++14 (GCC 5.4.1),cpp,Accepted,18,1024,755,
s667728494,p02791,u756693875,1579544346,Python,Python (3.4.3),py,Accepted,111,24744,169,
s575078298,p02791,u633967774,1579543874,C++,C++14 (GCC 5.4.1),cpp,Accepted,77,1024,382,
s220335105,p02791,u824293895,1579543725,C++,C++14 (GCC 5.4.1),cpp,Accepted,20,896,416,
s457398619,p02791,u756693875,1579543723,Python,Python (3.4.3),py,Runtime Error,110,24744,171,
s507416513,p02791,u263715385,1579543640,C++,C++14 (GCC 5.4.1),cpp,Accepted,19,1792,1744,
s588682770,p02791,u419390395,1579543623,C++,C++14 (GCC 5.4.1),cpp,Accepted,62,1024,945,
s310247608,p02791,u353748264,1579543531,C++,C++14 (GCC 5.4.1),cpp,Accepted,67,1024,429,
s439324340,p02791,u263715385,1579543464,C++,C++14 (GCC 5.4.1),cpp,Wrong Answer,33,3072,1793,
s875857180,p02791,u756693875,1579543168,Python,Python (3.4.3),py,Time Limit Exceeded,2104,24744,156,
s460764692,p02791,u069754347,1579542960,C,C (GCC 5.4.1),c,Accepted,22,128,295,
s702543968,p02791,u197956883,1579542939,Python,PyPy3 (2.4.0),py,Accepted,248,75472,313,
s437445400,p02791,u106635407,1579542892,C++,C++14 (GCC 5.4.1),cpp,Accepted,62,1792,268,
s593489454,p02791,u756693875,1579542815,Python,Python (3.4.3),py,Runtime Error,66,24744,150,
s009817503,p02791,u263715385,1579542794,C++,C++14 (GCC 5.4.1),cpp,Wrong Answer,19,1792,1767,
s023336585,p02791,u766921759,1579542537,C++,C++ (GCC 5.4.1),cpp,Accepted,76,256,311,
s167088801,p02791,u153309624,1579542453,C++,C++14 (GCC 5.4.1),cpp,Accepted,77,1024,489,
s863868697,p02791,u756693875,1579542273,Python,Python (3.4.3),py,Wrong Answer,2104,24744,198,
s352308851,p02791,u824293895,1579542177,C++,C++14 (GCC 5.4.1),cpp,Compile Error,,,415,
s095247893,p02791,u138959069,1579542114,C++,C++14 (GCC 5.4.1),cpp,Accepted,79,256,894,
s240445408,p02791,u138959069,1579542074,C++,C++14 (GCC 5.4.1),cpp,Compile Error,,,893,
s864513225,p02791,u766921759,1579542039,C++,C++ (GCC 5.4.1),cpp,Accepted,76,256,354,
s911481303,p02791,u462393219,1579541969,Python,Python (3.4.3),py,Accepted,121,24744,171,
s072612865,p02791,u415865011,1579541919,JavaScript,JavaScript (node.js v5.12),js,Accepted,125,36920,381,
s025731934,p02791,u197956883,1579541723,Python,PyPy3 (2.4.0),py,Time Limit Exceeded,2108,77520,303,
s910093480,p02791,u462393219,1579541713,Python,Python (3.4.3),py,Wrong Answer,68,17780,153,
s088563063,p02791,u677400065,1579541610,C++,C++14 (GCC 5.4.1),cpp,Wrong Answer,78,1024,386,
s605762807,p02791,u677400065,1579541577,C++,C++14 (GCC 5.4.1),cpp,Compile Error,,,385,
s149643779,p02791,u824293895,1579541537,C++,C++14 (GCC 5.4.1),cpp,Wrong Answer,20,896,380,
s345708733,p02791,u824293895,1579541475,C++,C++14 (GCC 5.4.1),cpp,Wrong Answer,20,896,380,
s455024120,p02791,u474789708,1579541459,C++,C++14 (GCC 5.4.1),cpp,Accepted,77,1024,285,
s897551621,p02791,u824293895,1579541423,C++,C++14 (GCC 5.4.1),cpp,Wrong Answer,20,896,380,
s795902110,p02791,u575279726,1579541286,C++,C++14 (GCC 5.4.1),cpp,Accepted,84,9088,3232,
s193369236,p02791,u481963728,1579541283,C++,C++14 (GCC 5.4.1),cpp,Accepted,89,11264,513,
s808523729,p02791,u097121858,1579541244,C++,C++14 (GCC 5.4.1),cpp,Accepted,61,1792,402,
s019914370,p02791,u138959069,1579541227,C++,C++14 (GCC 5.4.1),cpp,Compile Error,,,891,
s845656585,p02791,u462393219,1579541129,Python,Python (3.4.3),py,Wrong Answer,67,17940,172,
s020226521,p02791,u415865011,1579540947,JavaScript,JavaScript (node.js v5.12),js,Time Limit Exceeded,2109,38668,474,
s216246339,p02791,u077291787,1579540945,Python,Python (3.4.3),py,Accepted,109,25884,227,
s183221414,p02791,u554269352,1579540811,Go,Go (1.6),go,Accepted,946,4992,347,
s548266037,p02791,u462393219,1579540603,Python,Python (3.4.3),py,Wrong Answer,69,17940,172,
s137745023,p02791,u615194706,1579540584,C++,C++14 (GCC 5.4.1),cpp,Accepted,66,3444,728,
s349627138,p02791,u824293895,1579540401,C++,C++14 (GCC 5.4.1),cpp,Time Limit Exceeded,2103,896,412,
s855684037,p02791,u824293895,1579540229,C++,C++14 (GCC 5.4.1),cpp,Time Limit Exceeded,2103,384,389,
s015610402,p02791,u462393219,1579539939,Python,Python (3.4.3),py,Wrong Answer,2104,17776,154,
s272071135,p02791,u284854859,1579539791,Python,PyPy3 (2.4.0),py,Accepted,249,81360,143,
s448166325,p02791,u759254905,1579539624,Python,Python (3.4.3),py,Time Limit Exceeded,2104,24744,217,
s422720487,p02791,u755826228,1579539547,C++,C++14 (GCC 5.4.1),cpp,Accepted,77,1024,348,
s699453663,p02791,u200215998,1579539529,C++,C++14 (GCC 5.4.1),cpp,Accepted,19,1792,3515,
s257639273,p02791,u224353074,1579539489,Python,PyPy3 (2.4.0),py,Time Limit Exceeded,2108,78032,233,
s201810754,p02791,u277312083,1579539479,Python,Python (3.4.3),py,Accepted,110,24744,146,
s413216358,p02791,u498620941,1579539404,Python,Python (3.4.3),py,Accepted,117,24744,194,
s081048869,p02791,u277312083,1579539398,Python,Python (3.4.3),py,Runtime Error,17,2940,145,
s280966193,p02791,u268977772,1579539301,C++,C++14 (GCC 5.4.1),cpp,Accepted,63,1024,349,
s245189201,p02791,u671772030,1579539236,C++,C++14 (GCC 5.4.1),cpp,Accepted,78,1024,344,
s750594545,p02791,u671772030,1579539135,C++,C++14 (GCC 5.4.1),cpp,Wrong Answer,78,1024,344,
s552533007,p02791,u382905693,1579539118,Python,Python (3.4.3),py,Accepted,222,34156,263,
s843811328,p02791,u575277092,1579539082,C++,C++14 (GCC 5.4.1),cpp,Accepted,63,1024,304,
s751760197,p02791,u759254905,1579538976,Python,Python (3.4.3),py,Time Limit Exceeded,2104,24744,266,
s971956683,p02791,u575277092,1579538952,C++,C++14 (GCC 5.4.1),cpp,Wrong Answer,61,1024,304,
s403640191,p02791,u575277092,1579538905,C++,C++14 (GCC 5.4.1),cpp,Compile Error,,,303,
s168071225,p02791,u498620941,1579538726,Python,Python (3.4.3),py,Wrong Answer,97,24744,188,
s638430697,p02791,u382905693,1579538648,Python,Python (3.4.3),py,Time Limit Exceeded,2104,24744,262,
s895577002,p02791,u277312083,1579538596,Python,Python (3.4.3),py,Wrong Answer,106,24744,158,
s757672667,p02791,u277312083,1579538569,Python,Python (3.4.3),py,Wrong Answer,105,24744,162,
s245944434,p02791,u779728630,1579538473,Python,Python (3.4.3),py,Accepted,152,24744,155,
s305691229,p02791,u657353833,1579538448,Python,Python (3.4.3),py,Accepted,108,24744,146,
s391080227,p02791,u657353833,1579538407,C++,C++14 (GCC 5.4.1),cpp,Compile Error,,,146,
s277262761,p02791,u207384912,1579538262,C++,C++14 (GCC 5.4.1),cpp,Accepted,20,256,275,
s469815083,p02791,u795376760,1579538247,C++,C++14 (GCC 5.4.1),cpp,Accepted,77,1024,461,
s895173435,p02791,u205473154,1579538219,C++,C++14 (GCC 5.4.1),cpp,Accepted,18,1024,658,
s842341101,p02791,u165384467,1579538197,C,C (GCC 5.4.1),c,Time Limit Exceeded,2107,896,507,
s932043003,p02791,u774197297,1579538175,Python,Python (3.4.3),py,Accepted,105,24744,153,
s757101516,p02791,u795376760,1579538048,C++,C++14 (GCC 5.4.1),cpp,Time Limit Exceeded,2103,1024,404,
s094750685,p02791,u165384467,1579537907,C,C (GCC 5.4.1),c,Time Limit Exceeded,2103,896,509,
s155721750,p02791,u989306199,1579537874,C++,C++14 (GCC 5.4.1),cpp,Accepted,78,1024,486,
s276810378,p02791,u165384467,1579537778,C,C (GCC 5.4.1),c,Runtime Error,297,512,509,
s855040033,p02791,u632679464,1579537775,C++,C++14 (GCC 5.4.1),cpp,Accepted,60,1024,309,
s778069945,p02791,u135358384,1579537474,C++,C++14 (GCC 5.4.1),cpp,Accepted,193,15872,2920,
s037378979,p02791,u856874613,1579537162,C++,C++14 (GCC 5.4.1),cpp,Accepted,77,384,240,
s398271795,p02791,u640323045,1579537126,C++,C++14 (GCC 5.4.1),cpp,Accepted,60,1792,953,
s769477623,p02791,u332788735,1579537043,Python,Python (3.4.3),py,Accepted,91,24872,162,
s617722171,p02791,u195272001,1579537022,Python,Python (3.4.3),py,Accepted,121,24744,147,
s973219662,p02791,u332788735,1579536857,Python,Python (3.4.3),py,Time Limit Exceeded,2104,25768,145,
s896283158,p02791,u195272001,1579536811,Python,Python (3.4.3),py,Runtime Error,72,24744,184,
s722953010,p02791,u195272001,1579536681,Python,Python (3.4.3),py,Runtime Error,73,25768,184,
s155410953,p02791,u195272001,1579536492,Python,Python (3.4.3),py,Runtime Error,74,25768,184,
s343493061,p02791,u291178324,1579536470,C++,C++14 (GCC 5.4.1),cpp,Accepted,66,1792,454,
s630180101,p02791,u155685455,1579536427,C++,C++14 (GCC 5.4.1),cpp,Accepted,18,256,459,
s608834681,p02791,u195272001,1579536391,Python,Python (3.4.3),py,Runtime Error,73,26012,184,
s092485359,p02791,u011681263,1579536348,C,C (GCC 5.4.1),c,Accepted,22,896,334,
s679698502,p02791,u531427291,1579536344,Python,Python (3.4.3),py,Accepted,90,24744,161,
s106556355,p02791,u578462133,1579536259,Python,Python (3.4.3),py,Accepted,110,24744,144,
s581797333,p02791,u575279726,1579536206,C++,C++14 (GCC 5.4.1),cpp,Compile Error,,,3082,
s028833314,p02791,u575279726,1579536163,C++,C++14 (GCC 5.4.1),cpp,Compile Error,,,3071,
s015043158,p02791,u150376070,1579536078,C++,C++14 (GCC 5.4.1),cpp,Accepted,19,1792,3066,
s969675392,p02791,u575279726,1579536071,C++,C++14 (GCC 5.4.1),cpp,Compile Error,,,3069,
s606978678,p02791,u633094268,1579536070,C#,C# (Mono 4.6.2.0),cs,Accepted,114,33404,2794,
s454239497,p02791,u633094268,1579536041,C#,C# (Mono 4.6.2.0),cs,Compile Error,,,2761,
s041043136,p02791,u633094268,1579535977,C#,C# (Mono 4.6.2.0),cs,Accepted,110,35468,2893,
s552245443,p02791,u112723190,1579535914,C++,C++14 (GCC 5.4.1),cpp,Accepted,21,1024,1330,
s117635716,p02791,u633094268,1579535865,C#,C# (Mono 4.6.2.0),cs,Wrong Answer,110,35452,2892,
s552668912,p02791,u080477366,1579535800,Python,Python (3.4.3),py,Accepted,95,24744,161,
s229097371,p02791,u647802679,1579535773,C++,C++14 (GCC 5.4.1),cpp,Accepted,60,1024,450,
s394066633,p02791,u836984617,1579535709,C++,C++14 (GCC 5.4.1),cpp,Accepted,61,1024,336,
s849393396,p02791,u072633671,1579535666,C++,C++14 (GCC 5.4.1),cpp,Accepted,21,1792,582,
s615445132,p02791,u003826216,1579535588,C,C (GCC 5.4.1),c,Accepted,22,896,262,
s774787523,p02791,u633094268,1579535575,C#,C# (Mono 4.6.2.0),cs,Wrong Answer,108,33420,2948,
s452834618,p02791,u223555291,1579535535,Python,Python (3.4.3),py,Accepted,110,24744,122,
s706323752,p02791,u956042751,1579535512,C++,C++14 (GCC 5.4.1),cpp,Accepted,18,256,542,
s868734246,p02791,u223555291,1579535460,Python,Python (3.4.3),py,Wrong Answer,87,24744,123,
s324948635,p02791,u462393219,1579535416,Python,Python (3.4.3),py,Wrong Answer,17,2940,170,
s750915596,p02791,u466331465,1579535413,Python,Python (3.4.3),py,Accepted,96,24804,124,
s238711092,p02791,u223555291,1579535373,Python,Python (3.4.3),py,Runtime Error,64,24744,124,
s774137690,p02791,u243075416,1579535220,Python,Python (3.4.3),py,Accepted,135,24744,176,
s161417328,p02791,u213597985,1579535168,C#,C# (Mono 4.6.2.0),cs,Wrong Answer,108,31372,2898,
s162497050,p02791,u754651673,1579535163,C++,C++14 (GCC 5.4.1),cpp,Accepted,60,1024,724,
s050306248,p02791,u213597985,1579535042,C#,C# (Mono 4.6.2.0),cs,Wrong Answer,109,33404,2804,
s309356735,p02791,u213597985,1579534986,C#,C# (Mono 4.6.2.0),cs,Runtime Error,109,33420,2804,
s768939739,p02791,u493697945,1579534943,C#,C# (Mono 4.6.2.0),cs,Accepted,108,35468,2308,
s349833118,p02791,u766921759,1579534839,C++,C++ (GCC 5.4.1),cpp,Time Limit Exceeded,2103,1400,582,
s921405469,p02791,u493697945,1579534816,C#,C# (Mono 4.6.2.0),cs,Wrong Answer,108,35468,2309,
s182372747,p02791,u633094268,1579534806,C#,C# (Mono 4.6.2.0),cs,Wrong Answer,109,33404,3063,
s328174201,p02791,u213597985,1579534651,C#,C# (Mono 4.6.2.0),cs,Wrong Answer,110,33404,2803,
s309160062,p02791,u213597985,1579534618,C#,C# (Mono 4.6.2.0),cs,Compile Error,,,2802,
s876384900,p02791,u243075416,1579534589,Python,Python (3.4.3),py,Time Limit Exceeded,2104,24744,139,
s166130368,p02791,u244416763,1579534577,Python,Python (3.4.3),py,Accepted,130,24744,188,
s996150120,p02791,u990824124,1579534498,Python,Python (3.4.3),py,Accepted,114,24744,152,
s477768801,p02791,u623231048,1579534496,Python,Python (3.4.3),py,Accepted,90,24744,144,
s676834763,p02791,u332788735,1579534480,Python,Python (3.4.3),py,Wrong Answer,2104,24744,177,
s822197940,p02791,u244416763,1579534455,Python,Python (3.4.3),py,Time Limit Exceeded,2104,24744,164,
s873840807,p02791,u698405158,1579534432,C++,C++14 (GCC 5.4.1),cpp,Time Limit Exceeded,2103,896,310,
s045030830,p02791,u493697945,1579534419,C#,C# (Mono 4.6.2.0),cs,Wrong Answer,108,35468,2525,
s746001052,p02791,u207137484,1579534402,C#,C# (Mono 4.6.2.0),cs,Accepted,109,35468,2236,
s914897251,p02791,u207137484,1579534329,C#,C# (Mono 4.6.2.0),cs,Wrong Answer,109,33420,2234,
s821739580,p02791,u513900925,1579534255,Python,PyPy3 (2.4.0),py,Accepted,257,75856,160,
s296663760,p02791,u213597985,1579534241,C#,C# (Mono 4.6.2.0),cs,Wrong Answer,2109,33420,2906,
s002275385,p02791,u493697945,1579534208,C#,C# (Mono 4.6.2.0),cs,Runtime Error,106,33676,2755,
s202744455,p02791,u990824124,1579534091,Python,Python (3.4.3),py,Time Limit Exceeded,2104,25716,244,
s886931328,p02791,u633094268,1579534001,C#,C# (Mono 4.6.2.0),cs,Time Limit Exceeded,2109,35452,2914,
s284310907,p02791,u157874153,1579533939,Python,Python (3.4.3),py,Accepted,121,26012,173,
s422126256,p02791,u766921759,1579533852,C++,C++ (GCC 5.4.1),cpp,Wrong Answer,2103,1400,485,
s586817912,p02791,u004314860,1579533847,C++,C++14 (GCC 5.4.1),cpp,Runtime Error,137,640,270,
s847004867,p02791,u493697945,1579533845,C#,C# (Mono 4.6.2.0),cs,Time Limit Exceeded,2109,35468,2525,
s146191731,p02791,u215410790,1579533781,C#,C# (Mono 4.6.2.0),cs,Accepted,109,35452,2379,
s421756982,p02791,u207137484,1579533743,C#,C# (Mono 4.6.2.0),cs,Wrong Answer,115,35468,2234,
s325093113,p02791,u157874153,1579533742,Python,Python (3.4.3),py,Time Limit Exceeded,2104,25716,218,
s779622476,p02791,u493697945,1579533728,C#,C# (Mono 4.6.2.0),cs,Time Limit Exceeded,2109,35468,2525,
s298655789,p02791,u386769326,1579533717,C++,C++14 (GCC 5.4.1),cpp,Accepted,18,256,594,
s465178284,p02791,u698405158,1579533681,C++,C++14 (GCC 5.4.1),cpp,Accepted,20,128,209,
s103830784,p02791,u088333128,1579533673,C,C (GCC 5.4.1),c,Accepted,20,128,2043,
s990751045,p02791,u881266297,1579533672,C++,C++14 (GCC 5.4.1),cpp,Accepted,60,1024,325,
s866272185,p02791,u769201746,1579533668,Java,Java8 (OpenJDK 1.8.0),java,Accepted,222,48028,2627,
s179275789,p02791,u207137484,1579533657,C#,C# (Mono 4.6.2.0),cs,Compile Error,,,2234,
s830330229,p02791,u766921759,1579533576,C++,C++ (GCC 5.4.1),cpp,Wrong Answer,2103,1400,485,
s670359741,p02791,u213597985,1579533541,C#,C# (Mono 4.6.2.0),cs,Time Limit Exceeded,2109,35452,2906,
s902778880,p02791,u633094268,1579533510,C#,C# (Mono 4.6.2.0),cs,Wrong Answer,2109,35468,3009,
s434468224,p02791,u213597985,1579533216,C#,C# (Mono 4.6.2.0),cs,Time Limit Exceeded,2109,33420,2905,
s943880682,p02791,u280096880,1579533195,C++,C++14 (GCC 5.4.1),cpp,Accepted,60,1152,657,
s130284000,p02791,u493697945,1579533186,C#,C# (Mono 4.6.2.0),cs,Time Limit Exceeded,2109,35468,2490,
s605963719,p02791,u158480234,1579533105,C++,C++14 (GCC 5.4.1),cpp,Accepted,62,1400,343,
s459055083,p02791,u493697945,1579533038,C#,C# (Mono 4.6.2.0),cs,Wrong Answer,111,35468,2469,
s644473443,p02791,u493697945,1579532947,C#,C# (Mono 4.6.2.0),cs,Wrong Answer,110,35468,2453,
s013161721,p02791,u213597985,1579532945,C#,C# (Mono 4.6.2.0),cs,Runtime Error,2109,35596,2906,
s684431081,p02791,u077291787,1579532759,Python,Python (3.4.3),py,Accepted,76,25116,244,
s099515820,p02791,u352248517,1579532711,C++,C++14 (GCC 5.4.1),cpp,Accepted,18,1792,564,
s866740659,p02791,u947907974,1579532707,C++,C++14 (GCC 5.4.1),cpp,Accepted,12,1024,889,
s738190683,p02791,u077291787,1579532661,Python,Python (3.4.3),py,Accepted,106,25116,254,
s187626905,p02791,u766921759,1579532543,C++,C++ (GCC 5.4.1),cpp,Time Limit Exceeded,2103,640,380,
s844577594,p02791,u409064224,1579532498,Python,Python (3.4.3),py,Accepted,112,24744,488,
s247136518,p02791,u213597985,1579532288,C#,C# (Mono 4.6.2.0),cs,Wrong Answer,2109,33420,2903,
s380328097,p02791,u185005484,1579532276,C#,C# (Mono 4.6.2.0),cs,Wrong Answer,2109,33420,2314,
s416990466,p02791,u207137484,1579532248,C#,C# (Mono 4.6.2.0),cs,Wrong Answer,107,33404,2312,
s795506933,p02791,u493697945,1579532212,C#,C# (Mono 4.6.2.0),cs,Time Limit Exceeded,2109,35468,2366,
s111342457,p02791,u207137484,1579532176,C#,C# (Mono 4.6.2.0),cs,Wrong Answer,107,33420,2282,
s261863557,p02791,u213597985,1579532149,C#,C# (Mono 4.6.2.0),cs,Wrong Answer,2109,35468,2903,
s254290924,p02791,u213597985,1579532085,C#,C# (Mono 4.6.2.0),cs,Runtime Error,106,36492,2928,
s094493980,p02791,u213597985,1579532039,C#,C# (Mono 4.6.2.0),cs,Compile Error,,,2927,
s581630500,p02791,u493697945,1579532012,C#,C# (Mono 4.6.2.0),cs,Wrong Answer,2109,33420,2335,
s649604501,p02791,u681559222,1579531931,C++,C++14 (GCC 5.4.1),cpp,Wrong Answer,8,256,580,
s592799556,p02791,u440566786,1579531913,Python,PyPy3 (2.4.0),py,Accepted,259,75472,170,
s641249923,p02791,u185005484,1579531909,C#,C# (Mono 4.6.2.0),cs,Time Limit Exceeded,2109,35468,2327,
s528999497,p02791,u775606229,1579531884,C#,C# (Mono 4.6.2.0),cs,Accepted,107,34884,2300,
s447109063,p02791,u179703950,1579531860,PHP,PHP7 (7.0.15),php,Accepted,38,18936,333,
s582842722,p02791,u775606229,1579531824,C#,C# (Mono 4.6.2.0),cs,Wrong Answer,108,32836,2247,
s656976929,p02791,u766921759,1579531822,C++,C++ (GCC 5.4.1),cpp,Time Limit Exceeded,2103,1400,412,
s661229103,p02791,u990824124,1579531790,Python,Python (3.4.3),py,Time Limit Exceeded,2104,24744,142,
s986470265,p02791,u185005484,1579531743,C#,C# (Mono 4.6.2.0),cs,Wrong Answer,2109,31484,2314,
s801291183,p02791,u213597985,1579531656,C#,C# (Mono 4.6.2.0),cs,Wrong Answer,2109,36332,2811,
s087685009,p02791,u213597985,1579531578,C#,C# (Mono 4.6.2.0),cs,Wrong Answer,2109,36332,2811,
s566299568,p02791,u185005484,1579531578,C#,C# (Mono 4.6.2.0),cs,Time Limit Exceeded,2109,31372,2312,
s035264755,p02791,u179703950,1579531536,PHP,PHP7 (7.0.15),php,Time Limit Exceeded,2104,18936,395,
s362905988,p02791,u775606229,1579531531,C#,C# (Mono 4.6.2.0),cs,Wrong Answer,107,34884,2247,
s054338623,p02791,u775606229,1579531491,C#,C# (Mono 4.6.2.0),cs,Compile Error,,,2247,
s352958737,p02791,u188396343,1579531479,Python,Python (3.4.3),py,Wrong Answer,2104,25768,202,
s691374112,p02791,u487594898,1579531439,Python,Python (3.4.3),py,Accepted,104,24744,149,
s374644771,p02791,u185005484,1579531341,C#,C# (Mono 4.6.2.0),cs,Time Limit Exceeded,2109,35468,2312,
s854130400,p02791,u188396343,1579531299,Python,Python (3.4.3),py,Wrong Answer,17,3060,192,
s662994047,p02791,u188396343,1579531272,Python,Python (3.4.3),py,Wrong Answer,17,3060,192,
s000579358,p02791,u188396343,1579531218,Python,Python (3.4.3),py,Runtime Error,17,3060,191,
s658159886,p02791,u775606229,1579531121,C#,C# (Mono 4.6.2.0),cs,Time Limit Exceeded,2109,33420,2494,
s886806791,p02791,u480370583,1579531097,Java,Java8 (OpenJDK 1.8.0),java,Accepted,605,86220,557,
s981167152,p02791,u302818391,1579531090,C++,C++14 (GCC 5.4.1),cpp,Runtime Error,99,256,434,
s164140762,p02791,u776675173,1579531087,C++,C++14 (GCC 5.4.1),cpp,Accepted,77,1024,301,
s688566030,p02791,u775606229,1579531056,C#,C# (Mono 4.6.2.0),cs,Compile Error,,,2493,
s331907436,p02791,u775606229,1579531017,C#,C# (Mono 4.6.2.0),cs,Compile Error,,,2482,
s060970894,p02791,u775606229,1579530974,C#,C# (Mono 4.6.2.0),cs,Compile Error,,,2743,
s983145929,p02791,u775606229,1579530935,C#,C# (Mono 4.6.2.0),cs,Compile Error,,,2739,
s673089148,p02791,u628047647,1579530876,C++,C++14 (GCC 5.4.1),cpp,Accepted,77,256,1315,
s971411349,p02791,u302818391,1579530845,C++,C++14 (GCC 5.4.1),cpp,Runtime Error,98,256,424,
s213380856,p02791,u285480978,1579530759,C++,C++14 (GCC 5.4.1),cpp,Accepted,78,256,816,
s892710510,p02791,u302818391,1579530757,C++,C++14 (GCC 5.4.1),cpp,Runtime Error,97,256,424,
s953242678,p02791,u422886513,1579530663,C++,C++14 (GCC 5.4.1),cpp,Accepted,64,1024,547,
s154790875,p02791,u480370583,1579530581,Java,Java8 (OpenJDK 1.8.0),java,Accepted,547,64216,565,
s972068356,p02791,u102461423,1579530259,Python,Python (3.4.3),py,Accepted,188,22676,275,
s470210731,p02791,u387476415,1579530214,C++,C++14 (GCC 5.4.1),cpp,Accepted,78,1400,333,
s775215284,p02791,u764057261,1579530117,C#,C# (Mono 4.6.2.0),cs,Accepted,108,35468,2220,
s222617124,p02791,u456658814,1579529943,C++,C++14 (GCC 5.4.1),cpp,Accepted,77,256,243,
s797019784,p02791,u708378905,1579529893,Python,Python (3.4.3),py,Accepted,154,24744,217,
s499476176,p02791,u139458416,1579529729,C++,C++14 (GCC 5.4.1),cpp,Accepted,79,1024,594,
s161758196,p02791,u394704810,1579529654,C++,C++14 (GCC 5.4.1),cpp,Accepted,79,256,212,
s387679581,p02791,u170407818,1579529640,C++,C++14 (GCC 5.4.1),cpp,Accepted,76,256,241,
s514006437,p02791,u077025302,1579529447,C++,C++14 (GCC 5.4.1),cpp,Accepted,19,1024,2875,
s998246857,p02791,u635381086,1579529435,C++,C++14 (GCC 5.4.1),cpp,Accepted,60,1024,364,
s510048084,p02791,u526278960,1579528833,C++,C++14 (GCC 5.4.1),cpp,Accepted,60,1400,592,
s768591386,p02791,u526278960,1579528785,C++,C++14 (GCC 5.4.1),cpp,Wrong Answer,2103,2144,590,
s251922679,p02791,u117193815,1579528348,Python,Python (3.4.3),py,Accepted,110,24744,133,
s661097031,p02791,u853064660,1579528334,Python,Python (3.4.3),py,Accepted,113,25768,268,
s866035207,p02791,u610490393,1579528191,Lisp,Common Lisp (SBCL 1.1.14),l,Accepted,407,59752,218,
s298444531,p02791,u250100102,1579528150,Python,Python (3.4.3),py,Accepted,111,25768,377,
s422694746,p02791,u822044226,1579527760,Python,Python (3.4.3),py,Accepted,100,25768,137,
s737425743,p02791,u610490393,1579527717,Lisp,Common Lisp (SBCL 1.1.14),l,Time Limit Exceeded,2105,63844,175,
s986791707,p02791,u548303713,1579527699,Python,Python (3.4.3),py,Accepted,106,24744,156,
s008336748,p02791,u250100102,1579527652,Python,Python (3.4.3),py,Time Limit Exceeded,2104,26012,274,
s895859248,p02791,u388530723,1579527640,C++,C++14 (GCC 5.4.1),cpp,Accepted,61,1024,321,
s939912583,p02791,u635381086,1579527539,C++,C++14 (GCC 5.4.1),cpp,Time Limit Exceeded,2103,1024,475,
s214449082,p02791,u831752983,1579527331,Python,Python (3.4.3),py,Accepted,203,26012,189,
s245790360,p02791,u316401642,1579527267,Python,Python (3.4.3),py,Accepted,96,24744,163,
s243621774,p02791,u484102234,1579527098,Java,Java8 (OpenJDK 1.8.0),java,Accepted,110,24756,6327,
s611596261,p02791,u857510905,1579527060,Ruby,Ruby (2.3.3),rb,Accepted,167,20484,173,
s638729058,p02791,u657419921,1579527047,C++,C++14 (GCC 5.4.1),cpp,Accepted,19,1024,1890,
s691897009,p02791,u329406143,1579526892,Python,Python (3.4.3),py,Accepted,110,24744,134,
s383475945,p02791,u182791129,1579526617,Scheme,Scheme (Gauche 0.9.3.3),scm,Accepted,113,5976,126,
s711322988,p02791,u250100102,1579526590,Python,Python (3.4.3),py,Time Limit Exceeded,2104,25768,226,
s381697783,p02791,u767995501,1579526559,C++,C++14 (GCC 5.4.1),cpp,Accepted,60,1792,350,
s634982214,p02791,u791788195,1579526465,Python,Python (3.4.3),py,Time Limit Exceeded,2104,24744,200,
s131983623,p02791,u307022147,1579526452,C++,C++14 (GCC 5.4.1),cpp,Accepted,77,1024,267,
s801080433,p02791,u182791129,1579526308,Haskell,Haskell (GHC 7.10.3),hs,Accepted,920,33148,162,
s215556188,p02791,u676155658,1579526171,C++,C++14 (GCC 5.4.1),cpp,Accepted,18,1792,1292,
s614004001,p02791,u190234543,1579526061,C++,C++14 (GCC 5.4.1),cpp,Accepted,21,1792,1490,
s412196135,p02791,u102960641,1579525966,Python,Python (3.4.3),py,Accepted,94,24744,137,
s242479819,p02791,u786944534,1579525825,C#,C# (Mono 4.6.2.0),cs,Accepted,106,32476,4124,
s888241903,p02791,u369752439,1579525807,Python,Python (3.4.3),py,Accepted,145,24872,185,
s273744007,p02791,u543921019,1579525739,Python,Python (3.4.3),py,Accepted,160,25768,161,
s676065938,p02791,u221959447,1579525722,C++,C++14 (GCC 5.4.1),cpp,Accepted,17,256,2068,
s268718298,p02791,u212486902,1579525686,C++,C++14 (GCC 5.4.1),cpp,Accepted,18,256,2367,
s570588407,p02791,u687214625,1579525445,C++,C++14 (GCC 5.4.1),cpp,Accepted,77,256,212,
s444118465,p02791,u409064224,1579525397,Python,Python (3.4.3),py,Wrong Answer,114,24744,142,
s226818133,p02791,u791788195,1579525195,Python,Python (3.4.3),py,Wrong Answer,2104,24744,176,
s277928022,p02791,u184882264,1579525185,Python,Python (3.4.3),py,Accepted,119,25768,143,
s643275532,p02791,u184882264,1579525130,Python,Python (3.4.3),py,Runtime Error,17,3060,141,
s342314450,p02791,u394853232,1579525014,C,C (GCC 5.4.1),c,Accepted,14,128,467,
s644401876,p02791,u094099882,1579524715,C++,C++14 (GCC 5.4.1),cpp,Accepted,18,1792,455,
s089084736,p02791,u543921019,1579524595,Python,Python (3.4.3),py,Accepted,152,25768,161,
s488322374,p02791,u394853232,1579524393,Pascal,Pascal (FPC 2.6.2),pas,Accepted,24,128,254,
s338067875,p02791,u043150661,1579524383,Kotlin,Kotlin (1.0.0),kt,Accepted,664,82936,504,
s027041269,p02791,u805304731,1579524381,C++,C++14 (GCC 5.4.1),cpp,Accepted,19,256,479,
s954990384,p02791,u132364782,1579524171,C++,C++14 (GCC 5.4.1),cpp,Accepted,60,1792,361,
s676860723,p02791,u268792407,1579524165,Python,Python (3.4.3),py,Accepted,146,24744,133,
s209313502,p02791,u886545507,1579524138,Python,Python (2.7.6),py,Accepted,109,19964,128,
s669124103,p02791,u807772568,1579524020,Python,Python (3.4.3),py,Accepted,113,23948,1201,
s243105242,p02791,u268792407,1579523994,Python,Python (3.4.3),py,Time Limit Exceeded,2104,24744,140,
s254888660,p02791,u848359007,1579523864,C++,C++14 (GCC 5.4.1),cpp,Accepted,61,1792,350,
s388261275,p02791,u756880921,1579523693,C++,C++14 (GCC 5.4.1),cpp,Accepted,19,1792,2635,
s396938853,p02791,u117327215,1579523526,C#,C# (Mono 4.6.2.0),cs,Accepted,112,33548,11085,
s076291052,p02791,u280853184,1579523523,Python,Python (2.7.6),py,Accepted,143,19988,155,
s728924069,p02791,u728732647,1579523280,C++,C++14 (GCC 5.4.1),cpp,Accepted,18,1792,2191,
s387428463,p02791,u209767598,1579522958,C++,C++14 (GCC 5.4.1),cpp,Accepted,62,1024,390,
s963203161,p02791,u697715013,1579522813,C,C (GCC 5.4.1),c,Wrong Answer,2103,896,291,
s616746566,p02791,u976045235,1579522736,C++,C++14 (GCC 5.4.1),cpp,Accepted,18,256,1770,
s446702765,p02791,u603921794,1579522627,C++,C++14 (GCC 5.4.1),cpp,Accepted,18,1024,717,
s850864508,p02791,u603921794,1579522587,C++,C++14 (GCC 5.4.1),cpp,Runtime Error,106,640,717,
s080691223,p02791,u136477556,1579522544,Java,Java8 (OpenJDK 1.8.0),java,Accepted,599,91252,546,
s822625519,p02791,u353652911,1579522454,Python,Python (3.4.3),py,Accepted,104,24744,152,
s624842908,p02791,u046187684,1579522452,Python,Python (3.4.3),py,Accepted,77,26012,265,
s257360138,p02791,u817464145,1579522033,C++,C++14 (GCC 5.4.1),cpp,Accepted,77,256,431,
s449484136,p02791,u465130048,1579521595,C++,C++14 (GCC 5.4.1),cpp,Accepted,21,1024,437,
s087961640,p02791,u671211357,1579521434,Python,Python (3.4.3),py,Accepted,104,24436,210,
s162665401,p02791,u152638361,1579521421,Python,Python (3.4.3),py,Accepted,104,24744,168,
s270171765,p02791,u406647332,1579521126,C++,C++14 (GCC 5.4.1),cpp,Accepted,61,1792,363,
s172811410,p02791,u777283665,1579521073,Python,Python (3.4.3),py,Accepted,215,34152,144,
s323828433,p02791,u223555291,1579521022,Python,Python (3.4.3),py,Time Limit Exceeded,2104,24744,146,
s018601057,p02791,u223555291,1579520872,Python,Python (3.4.3),py,Runtime Error,34,17780,151,
s151715628,p02791,u285022453,1579520665,Python,Python (3.4.3),py,Accepted,107,24744,188,
s163954940,p02791,u598756766,1579520467,C#,C# (Mono 4.6.2.0),cs,Accepted,109,34012,610,
s485239796,p02791,u200473040,1579520421,C++,C++14 (GCC 5.4.1),cpp,Accepted,77,256,291,
s265146973,p02791,u285022453,1579520163,Python,Python (3.4.3),py,Time Limit Exceeded,2104,24744,227,
s489849737,p02791,u207391881,1579520150,C++,C++14 (GCC 5.4.1),cpp,Accepted,61,1024,324,
s966355006,p02791,u341295974,1579520068,C,C (GCC 5.4.1),c,Accepted,22,256,271,
s027703383,p02791,u873762144,1579519949,C++,C++14 (GCC 5.4.1),cpp,Accepted,81,256,222,
s066251367,p02791,u255108696,1579519891,Java,Java8 (OpenJDK 1.8.0),java,Time Limit Exceeded,2109,63744,946,
s003759513,p02791,u380524497,1579519761,Python,Python (3.4.3),py,Accepted,88,24744,197,
s392553786,p02791,u767995501,1579519725,C++,C++14 (GCC 5.4.1),cpp,Wrong Answer,59,1792,328,
s500156434,p02791,u485126457,1579519681,C++,C++14 (GCC 5.4.1),cpp,Accepted,19,1792,503,
s965602547,p02791,u601575292,1579519639,Python,Python (3.4.3),py,Accepted,110,24744,140,
s610022402,p02791,u601575292,1579519079,Python,Python (3.4.3),py,Time Limit Exceeded,2104,24744,132,
s288297683,p02791,u601575292,1579518903,Python,Python (3.4.3),py,Runtime Error,17,2940,131,
s586625480,p02791,u185424824,1579518832,Python,Python (3.4.3),py,Accepted,109,24744,137,
s118474656,p02791,u277440940,1579518595,C++,C++14 (GCC 5.4.1),cpp,Accepted,77,3072,1968,
s656759813,p02791,u777283665,1579518545,Python,Python (3.4.3),py,Accepted,90,24744,144,
s803802747,p02791,u533039576,1579518519,Python,Python (3.4.3),py,Accepted,152,24744,182,
s685488996,p02791,u141489905,1579518483,C++,C++14 (GCC 5.4.1),cpp,Accepted,77,1024,241,
s073538942,p02791,u762420987,1579518195,Python,Python (3.4.3),py,Accepted,146,24744,172,
s048958306,p02791,u868580535,1579518177,C++,C++14 (GCC 5.4.1),cpp,Accepted,62,1024,315,
s600217005,p02791,u136477556,1579518026,Java,Java8 (OpenJDK 1.8.0),java,Accepted,616,82092,546,
s353309108,p02791,u255108696,1579517862,Java,Java8 (OpenJDK 1.8.0),java,Wrong Answer,547,65352,553,
s084688260,p02791,u762420987,1579517782,Python,Python (3.4.3),py,Wrong Answer,90,24744,177,
s672485442,p02791,u255108696,1579517735,Java,Java8 (OpenJDK 1.8.0),java,Wrong Answer,570,64724,552,
s938132016,p02791,u762420987,1579517722,Python,Python (3.4.3),py,Wrong Answer,96,24744,154,
s158651155,p02791,u378968614,1579517572,C++,C++14 (GCC 5.4.1),cpp,Accepted,77,1024,675,
s059282374,p02791,u169138653,1579517510,Python,Python (3.4.3),py,Accepted,142,26012,221,
s966246532,p02791,u136477556,1579517366,Java,Java8 (OpenJDK 1.8.0),java,Time Limit Exceeded,2109,91328,610,
s096447868,p02791,u136477556,1579517257,Java,Java8 (OpenJDK 1.8.0),java,Time Limit Exceeded,2109,67520,598,
s111206835,p02791,u902576227,1579516843,Python,Python (3.4.3),py,Accepted,113,24744,164,
s317804395,p02791,u493627944,1579516839,Rust,Rust (1.15.1),rs,Accepted,15,14716,5287,
s036097717,p02791,u003018968,1579516835,C++,C++14 (GCC 5.4.1),cpp,Accepted,63,1024,1206,
s608486316,p02791,u673981655,1579516768,C++,C++14 (GCC 5.4.1),cpp,Accepted,61,1400,1477,
s456660689,p02791,u014967455,1579516721,C++,C++14 (GCC 5.4.1),cpp,Accepted,76,256,935,
s842054712,p02791,u845000384,1579516715,C++,C++14 (GCC 5.4.1),cpp,Accepted,65,1024,1336,
s184007588,p02791,u542279262,1579516640,Java,Java8 (OpenJDK 1.8.0),java,Accepted,561,64392,483,
s819473168,p02791,u423827009,1579516458,C++,C++14 (GCC 5.4.1),cpp,Accepted,63,1024,390,
s537593510,p02791,u809192419,1579516376,Haskell,Haskell (GHC 7.10.3),hs,Accepted,1064,105852,200,
s440382402,p02791,u673981655,1579516214,C++,C++14 (GCC 5.4.1),cpp,Time Limit Exceeded,2103,640,1419,
s523071301,p02791,u206489571,1579516065,C++,C++14 (GCC 5.4.1),cpp,Accepted,60,1792,298,
s062571786,p02791,u809192419,1579516054,Haskell,Haskell (GHC 7.10.3),hs,Accepted,16,4476,414,
s650512760,p02791,u895536501,1579515738,Python,Python (3.4.3),py,Accepted,153,24744,161,
s150278717,p02791,u543954314,1579515602,Python,Python (3.4.3),py,Accepted,92,24744,126,
s721446215,p02791,u809192419,1579515479,Haskell,Haskell (GHC 7.10.3),hs,Time Limit Exceeded,2110,105468,199,
s818409341,p02791,u489316980,1579515432,Java,Java8 (OpenJDK 1.8.0),java,Accepted,398,57172,423,
s648804364,p02791,u423827009,1579515272,C++,C++14 (GCC 5.4.1),cpp,Time Limit Exceeded,2103,1024,598,
s590633420,p02791,u787224158,1579515133,Go,Go (1.6),go,Accepted,946,4992,336,
s044499669,p02791,u445401544,1579515034,C++,C++14 (GCC 5.4.1),cpp,Accepted,60,1024,405,
s929302338,p02791,u029587648,1579514848,Go,Go (1.6),go,Accepted,39,3584,480,
s413006689,p02791,u957743846,1579514784,C++,C++14 (GCC 5.4.1),cpp,Accepted,76,256,681,
s932948699,p02791,u066120889,1579514448,C,C (Clang 3.8.0),c,Accepted,22,896,375,
s584782141,p02791,u180276313,1579514372,C++,C++14 (GCC 5.4.1),cpp,Accepted,76,256,309,
s531303072,p02791,u127030911,1579514362,Java,Java8 (OpenJDK 1.8.0),java,Accepted,585,63612,456,
s731920350,p02791,u055917804,1579514324,C++,C++14 (GCC 5.4.1),cpp,Accepted,19,2420,980,
s901830460,p02791,u311636831,1579514279,Python,PyPy3 (2.4.0),py,Accepted,242,75728,125,
s019524579,p02791,u066120889,1579514230,C,C (Clang 3.8.0),c,Wrong Answer,22,1024,374,
s343820272,p02791,u180276313,1579514224,C++,C++14 (GCC 5.4.1),cpp,Wrong Answer,78,256,309,
s480293710,p02791,u853064660,1579514219,Python,Python (3.4.3),py,Time Limit Exceeded,2104,24744,393,
s221292445,p02791,u329232967,1579514160,Kotlin,Kotlin (1.0.0),kt,Accepted,447,61916,1125,
s931273109,p02791,u282280353,1579514101,C++,C++14 (GCC 5.4.1),cpp,Accepted,77,1024,355,
s427622870,p02791,u029587648,1579514020,Go,Go (1.6),go,Accepted,39,3584,507,
s927616414,p02791,u101204895,1579513893,C++,C++14 (GCC 5.4.1),cpp,Accepted,77,1024,322,
s678695932,p02791,u534450736,1579513803,Python,Python (3.4.3),py,Accepted,108,24744,163,
s166387255,p02791,u346986631,1579513712,Go,Go (1.6),go,Accepted,949,4992,281,
s609181269,p02791,u945641805,1579513488,Python,Python (3.4.3),py,Accepted,148,24744,178,
s222137052,p02791,u066120889,1579513481,C,C (Clang 3.8.0),c,Wrong Answer,22,896,360,
s761901646,p02791,u799910874,1579513405,Ruby,Ruby (2.3.3),rb,Accepted,182,20868,207,
s873641188,p02791,u627981707,1579513311,Ruby,Ruby (2.3.3),rb,Accepted,104,15236,142,
s926074188,p02791,u183840468,1579513280,Python,Python (3.4.3),py,Accepted,219,34044,157,
s548013876,p02791,u809192419,1579513111,Kotlin,Kotlin (1.0.0),kt,Accepted,633,51384,294,
s876866515,p02791,u799910874,1579512873,Ruby,Ruby (2.3.3),rb,Time Limit Exceeded,2108,18436,139,
s080394970,p02791,u406126927,1579512861,C++,C++14 (GCC 5.4.1),cpp,Accepted,18,256,487,
s514255847,p02791,u572049366,1579512834,Java,Java8 (OpenJDK 1.8.0),java,Time Limit Exceeded,2110,343788,1095,
s364170344,p02791,u672220554,1579512784,Python,PyPy3 (2.4.0),py,Accepted,263,75472,143,
s839890755,p02791,u129220625,1579512749,C++,C++14 (GCC 5.4.1),cpp,Accepted,62,1024,981,
s757851912,p02791,u183840468,1579512686,Python,Python (3.4.3),py,Time Limit Exceeded,2104,25768,170,
s834557081,p02791,u319918473,1579512597,C++,C++14 (GCC 5.4.1),cpp,Accepted,78,256,188,
s129186152,p02791,u945641805,1579512507,Python,Python (3.4.3),py,Wrong Answer,183,24744,262,
s129295948,p02791,u319918473,1579512468,C++,C++14 (GCC 5.4.1),cpp,Wrong Answer,76,256,173,
s387532411,p02791,u945641805,1579512421,Python,Python (3.4.3),py,Wrong Answer,198,24744,257,
s323967842,p02791,u319918473,1579512332,C++,C++14 (GCC 5.4.1),cpp,Wrong Answer,1,256,174,
s363014101,p02791,u518641666,1579512252,Scala,Scala (2.11.7),scala,Accepted,553,54680,219,
s869279331,p02791,u665224938,1579512229,Python,Python (3.4.3),py,Accepted,107,24744,140,
s410487226,p02791,u665224938,1579512155,Python,Python (3.4.3),py,Accepted,108,24744,140,
s038262284,p02791,u809192419,1579512115,Java,Java8 (OpenJDK 1.8.0),java,Accepted,475,48880,411,
s819138955,p02791,u665224938,1579512012,Python,Python (3.4.3),py,Wrong Answer,106,24744,140,
s696315698,p02791,u060469111,1579511906,Java,Java7 (OpenJDK 1.7.0),java,Accepted,613,97752,460,
s583016560,p02791,u411418267,1579511801,C++,C++14 (GCC 5.4.1),cpp,Accepted,76,384,270,
s753727722,p02791,u324549724,1579511682,C++,C++14 (GCC 5.4.1),cpp,Accepted,19,1024,984,
s132190183,p02791,u319918473,1579511638,C++,C++14 (GCC 5.4.1),cpp,Time Limit Exceeded,2103,1024,313,
s140554631,p02791,u945641805,1579511618,Python,Python (3.4.3),py,Wrong Answer,236,25716,381,
s717294640,p02791,u015593272,1579511595,Python,Python (3.4.3),py,Accepted,108,24744,172,
s132054473,p02791,u903396129,1579511554,C++,C++14 (GCC 5.4.1),cpp,Accepted,79,256,365,
s013686138,p02791,u118477733,1579511405,C++,C++14 (GCC 5.4.1),cpp,Accepted,60,1024,511,
s323855313,p02791,u802712220,1579511278,C++,C++14 (GCC 5.4.1),cpp,Accepted,77,1024,570,
s156995943,p02791,u761516097,1579511252,Java,Java8 (OpenJDK 1.8.0),java,Accepted,390,59160,621,
s832507578,p02791,u853064660,1579511041,Python,Python (3.4.3),py,Time Limit Exceeded,2104,24872,379,
s790542348,p02791,u418156761,1579511007,Rust,Rust (1.15.1),rs,Accepted,53,4352,834,
s451758522,p02791,u301087276,1579510975,Go,Go (1.6),go,Accepted,947,4992,328,
s919776387,p02791,u761516097,1579510665,Java,Java8 (OpenJDK 1.8.0),java,Time Limit Exceeded,2109,56472,748,
s517951836,p02791,u809192419,1579510659,Kotlin,Kotlin (1.0.0),kt,Accepted,643,82812,234,
s834778388,p02791,u761516097,1579510532,Java,Java8 (OpenJDK 1.8.0),java,Time Limit Exceeded,2109,56888,834,
s549830914,p02791,u900206725,1579510403,C#,C# (Mono 4.6.2.0),cs,Accepted,181,34244,4620,
s254639325,p02791,u761516097,1579510369,Java,Java8 (OpenJDK 1.8.0),java,Runtime Error,206,28244,839,
s976390481,p02791,u553927381,1579510306,C++,C++14 (GCC 5.4.1),cpp,Accepted,18,1792,842,
s949173989,p02791,u666712170,1579509828,C++,C++14 (GCC 5.4.1),cpp,Accepted,20,896,272,
s499236564,p02791,u606090886,1579509607,Python,Python (3.4.3),py,Accepted,145,24744,167,
s559416120,p02791,u645304546,1579509461,Java,Java8 (OpenJDK 1.8.0),java,Accepted,111,23680,3458,
s904800438,p02791,u606090886,1579509028,Python,Python (3.4.3),py,Time Limit Exceeded,2104,24744,217,
s896694043,p02791,u327532412,1579508870,Python,Python (3.4.3),py,Accepted,144,24744,170,
s559558222,p02791,u112318601,1579508711,C++,C++14 (GCC 5.4.1),cpp,Accepted,77,1024,264,
s621411874,p02791,u117193815,1579508573,Python,PyPy3 (2.4.0),py,Time Limit Exceeded,2111,136944,121,
s798482267,p02791,u933068010,1579508442,C++,C++14 (GCC 5.4.1),cpp,Accepted,64,15872,5980,
s250584018,p02791,u057415180,1579508440,Python,Python (3.4.3),py,Accepted,89,24744,184,
s828576034,p02791,u117193815,1579508402,Python,Python (3.4.3),py,Time Limit Exceeded,2104,24744,121,
s411421981,p02791,u871352270,1579508054,Python,PyPy3 (2.4.0),py,Accepted,242,75532,146,
s398977353,p02791,u959634984,1579507835,C++,C++14 (GCC 5.4.1),cpp,Accepted,20,128,224,
s504418282,p02791,u431981421,1579507717,Python,Python (3.4.3),py,Accepted,89,24744,140,
s556063597,p02791,u782733831,1579507656,C++,C++14 (GCC 5.4.1),cpp,Accepted,64,256,630,
s291378680,p02791,u724317441,1579507629,C#,C# (Mono 4.6.2.0),cs,Accepted,133,34276,6984,
s145360831,p02791,u431981421,1579507425,Python,Python (3.4.3),py,Time Limit Exceeded,2104,24744,203,
s221297988,p02791,u875730451,1579507403,Ruby,Ruby (2.3.3),rb,Accepted,102,15236,153,
s137717840,p02791,u766349820,1579507310,Python,Python (3.4.3),py,Accepted,106,24744,161,
s950985489,p02791,u378752007,1579507014,C#,C# (Mono 4.6.2.0),cs,Accepted,107,36420,650,
s525998204,p02791,u282752124,1579506718,Python,Python (3.4.3),py,Accepted,156,24744,191,
s487208260,p02791,u317709209,1579506674,C++,C++14 (GCC 5.4.1),cpp,Accepted,90,9728,1023,
s260387396,p02791,u317709209,1579506547,C++,C++14 (GCC 5.4.1),cpp,Time Limit Exceeded,2103,512,1054,
s622771363,p02791,u982591663,1579505978,Python,Python (3.4.3),py,Accepted,146,24872,193,
s399357061,p02791,u959634984,1579505906,C++,C++14 (GCC 5.4.1),cpp,Accepted,20,128,240,
s114118408,p02791,u177907787,1579505897,C++,C++14 (GCC 5.4.1),cpp,Accepted,62,1024,413,
s337364349,p02791,u391528671,1579505755,C++,C++14 (GCC 5.4.1),cpp,Accepted,21,256,254,
s818694384,p02791,u959634984,1579505700,C++,C++14 (GCC 5.4.1),cpp,Accepted,77,1024,307,
s772768678,p02791,u082978753,1579505385,Python,Python (3.4.3),py,Accepted,199,24744,193,
s065571553,p02791,u082978753,1579505211,Python,Python (3.4.3),py,Wrong Answer,221,24744,191,
s143492408,p02791,u119088863,1579505172,C++,C++14 (GCC 5.4.1),cpp,Accepted,63,1024,369,
s010646039,p02791,u145472183,1579504862,Java,Java8 (OpenJDK 1.8.0),java,Accepted,209,45908,1988,
s652055641,p02791,u959634984,1579504832,C++,C++14 (GCC 5.4.1),cpp,Time Limit Exceeded,2103,1024,361,
s236467962,p02791,u202400119,1579504616,Python,Python (3.4.3),py,Accepted,112,24744,276,
s426869193,p02791,u595854059,1579504477,C++,C++14 (GCC 5.4.1),cpp,Accepted,76,9600,1365,
s351928436,p02791,u119088863,1579504226,C++,C++14 (GCC 5.4.1),cpp,Wrong Answer,62,1024,346,
s436407445,p02791,u508355276,1579503707,C++,C++14 (GCC 5.4.1),cpp,Time Limit Exceeded,2103,1024,293,
s839515030,p02791,u390883247,1579503687,Python,Python (3.4.3),py,Accepted,104,25512,177,
s406735917,p02791,u730731139,1579503607,C++,C++14 (GCC 5.4.1),cpp,Accepted,18,256,277,
s291424667,p02791,u508355276,1579503578,C++,C++14 (GCC 5.4.1),cpp,Wrong Answer,2103,1024,292,
s901845003,p02791,u982594421,1579503558,Python,Python (3.4.3),py,Accepted,90,24744,147,
s920821434,p02791,u739107267,1579503357,C++,C++14 (GCC 5.4.1),cpp,Accepted,61,1024,401,
s796095064,p02791,u617037231,1579503276,Python,Python (3.4.3),py,Accepted,93,24744,303,
s196752324,p02791,u072080927,1579503174,C++,C++14 (GCC 5.4.1),cpp,Time Limit Exceeded,2103,1024,288,
s970005903,p02791,u617037231,1579503142,Python,Python (3.4.3),py,Runtime Error,17,2940,242,
s160411298,p02791,u799051262,1579502195,C++,C++14 (GCC 5.4.1),cpp,Accepted,19,1024,2705,
s923591427,p02791,u904269060,1579501874,Python,Python (3.4.3),py,Accepted,265,34568,223,
s796356142,p02791,u799051262,1579501845,C++,C++14 (GCC 5.4.1),cpp,Wrong Answer,2,1024,2693,
s010547751,p02791,u673058945,1579501659,C++,C++14 (GCC 5.4.1),cpp,Wrong Answer,80,256,304,
s728465184,p02791,u673058945,1579501624,C++,C++14 (GCC 5.4.1),cpp,Compile Error,,,303,
s100254893,p02791,u517400195,1579501430,C#,C# (Mono 4.6.2.0),cs,Accepted,94,31452,582,
s918029844,p02791,u518703962,1579501215,Java,Java8 (OpenJDK 1.8.0),java,Wrong Answer,584,85648,503,
s609800756,p02791,u822044226,1579501136,Python,Python (3.4.3),py,Time Limit Exceeded,2104,25768,195,
s084780741,p02791,u720321944,1579500827,Haskell,Haskell (GHC 7.10.3),hs,Accepted,696,4348,230,
s435480884,p02791,u490489966,1579500352,Python,Python (3.4.3),py,Accepted,140,24744,151,
s165013587,p02791,u739095155,1579499919,C++,C++14 (GCC 5.4.1),cpp,Accepted,61,1024,319,
s243966148,p02791,u822044226,1579499881,Python,Python (3.4.3),py,Time Limit Exceeded,2104,24744,179,
s548289299,p02791,u490489966,1579499851,Python,Python (3.4.3),py,Runtime Error,65,24872,161,
s465233236,p02791,u490489966,1579499778,Python,Python (3.4.3),py,Runtime Error,17,2940,152,
s183396316,p02791,u739095155,1579499714,C++,C++14 (GCC 5.4.1),cpp,Wrong Answer,60,1024,309,
s547512402,p02791,u739095155,1579499532,C++,C++14 (GCC 5.4.1),cpp,Wrong Answer,60,1024,302,
s167344064,p02791,u763380276,1579499494,Python,Python (3.4.3),py,Accepted,91,24744,130,
s802940594,p02791,u720321944,1579499226,Haskell,Haskell (GHC 7.10.3),hs,Time Limit Exceeded,2108,7548,251,
s097300575,p02791,u211017046,1579498431,C++,C++14 (GCC 5.4.1),cpp,Accepted,82,1024,317,
s959665872,p02791,u953237709,1579498205,Python,Python (3.4.3),py,Accepted,186,24744,228,
s214191642,p02791,u104378891,1579498125,Rust,Rust (1.15.1),rs,Accepted,10,4352,949,
s211355067,p02791,u275725425,1579498097,Python,Python (3.4.3),py,Accepted,90,24744,178,
s364777544,p02791,u711985352,1579497999,C++,C++14 (GCC 5.4.1),cpp,Accepted,20,256,808,
s322015336,p02791,u880940425,1579497937,C++,C++14 (GCC 5.4.1),cpp,Accepted,18,256,424,
s598491218,p02791,u711985352,1579497881,Python,Python (3.4.3),py,Accepted,129,16916,175,
s429968931,p02791,u275725425,1579497784,Python,Python (3.4.3),py,Time Limit Exceeded,2104,24744,181,
s702399291,p02791,u450786783,1579497625,C++,C++ (GCC 5.4.1),cpp,Accepted,26,1024,1276,
s605192876,p02791,u711985352,1579497581,C++,C++14 (GCC 5.4.1),cpp,Accepted,131,9600,770,
s178609056,p02791,u705753757,1579497467,Java,Java8 (OpenJDK 1.8.0),java,Accepted,96,24788,3865,
s944894464,p02791,u977661421,1579496806,C,C (GCC 5.4.1),c,Accepted,22,896,349,
s808623866,p02791,u977661421,1579496424,Python,Python (3.4.3),py,Accepted,114,25768,163,
s510505565,p02791,u977661421,1579495366,Python,Python (3.4.3),py,Time Limit Exceeded,2104,25768,185,
s459507504,p02791,u977661421,1579495218,Python,Python (3.4.3),py,Time Limit Exceeded,2105,24744,554,
s761813334,p02791,u093681822,1579495214,C++,C++14 (GCC 5.4.1),cpp,Accepted,18,1024,467,
s201486763,p02791,u912007551,1579495107,C++,C++14 (GCC 5.4.1),cpp,Accepted,76,384,1149,
s923757101,p02791,u154574371,1579494801,C++,C++14 (GCC 5.4.1),cpp,Accepted,79,256,1725,
s616502821,p02791,u460103207,1579494786,C++,C++14 (GCC 5.4.1),cpp,Accepted,21,4224,1375,
s979174457,p02791,u638801031,1579494722,Python,Python (3.4.3),py,Accepted,353,31936,1452,
s325656045,p02791,u332201621,1579494709,C++,C++14 (GCC 5.4.1),cpp,Accepted,17,764,2321,
s445870487,p02791,u977661421,1579494294,Python,Python (3.4.3),py,Time Limit Exceeded,2104,24744,413,
s001930659,p02791,u443725372,1579494250,Python,PyPy3 (2.4.0),py,Accepted,244,75472,521,
s582465600,p02791,u443725372,1579493395,Python,PyPy3 (2.4.0),py,Wrong Answer,257,85712,601,
s733635635,p02791,u378991640,1579493311,C++,C++14 (Clang 3.8.0),cpp,Accepted,161,256,1957,
s264459106,p02791,u468700753,1579493271,C++,C++14 (GCC 5.4.1),cpp,Accepted,18,256,843,
s474267004,p02791,u956400481,1579493238,C++,C++14 (GCC 5.4.1),cpp,Accepted,18,256,1510,
s317680354,p02791,u908125903,1579493157,C++,C++14 (GCC 5.4.1),cpp,Accepted,17,256,2879,
s221498754,p02791,u187453157,1579493105,C++,C++14 (GCC 5.4.1),cpp,Accepted,63,1024,2761,
s435868378,p02791,u443725372,1579492788,Python,PyPy3 (2.4.0),py,Wrong Answer,261,85328,509,
s600734426,p02791,u142136760,1579492539,C++,C++14 (GCC 5.4.1),cpp,Accepted,77,1024,357,
s493467144,p02791,u218216885,1579492461,Python,Python (3.4.3),py,Time Limit Exceeded,2104,24744,165,
s908962820,p02791,u443725372,1579491892,Python,PyPy3 (2.4.0),py,Time Limit Exceeded,2108,75728,642,
s997266901,p02791,u218216885,1579491761,Python,Python (3.4.3),py,Time Limit Exceeded,2105,25768,165,
s785835983,p02791,u965315642,1579491644,Rust,Rust (1.15.1),rs,Accepted,47,8828,310622,
s032306996,p02791,u218216885,1579491490,Python,Python (3.4.3),py,Wrong Answer,2104,25768,163,
s151627284,p02791,u681884861,1579491273,Java,Java8 (OpenJDK 1.8.0),java,Accepted,570,87476,496,
s876369150,p02791,u218216885,1579490974,Python,Python (3.4.3),py,Time Limit Exceeded,2104,24744,204,
s248313451,p02791,u241615199,1579490373,C++,C++14 (GCC 5.4.1),cpp,Accepted,79,256,330,
s049318024,p02791,u616522759,1579490311,C++,C++14 (GCC 5.4.1),cpp,Accepted,19,1024,712,
s243906443,p02791,u601932003,1579490304,Java,Java8 (OpenJDK 1.8.0),java,Accepted,212,47912,1546,
s679757954,p02791,u303163217,1579489984,C++,C++14 (GCC 5.4.1),cpp,Accepted,79,6912,364,
s152350840,p02791,u430040410,1579489913,C++,C++14 (GCC 5.4.1),cpp,Accepted,60,1024,305,
s559906803,p02791,u242898809,1579489793,C++,C++14 (GCC 5.4.1),cpp,Accepted,18,1792,8255,
s078324189,p02791,u018250459,1579489115,C++,C++14 (GCC 5.4.1),cpp,Accepted,63,1024,364,
s982578559,p02791,u838261804,1579489114,C++,C++14 (GCC 5.4.1),cpp,Accepted,81,6400,1922,
s975669441,p02791,u703503553,1579488917,C++,C++14 (GCC 5.4.1),cpp,Accepted,64,256,857,
s135319885,p02791,u851965109,1579488724,C++,C++14 (GCC 5.4.1),cpp,Accepted,21,256,252,
s416102277,p02791,u024917387,1579488635,C++,C++14 (GCC 5.4.1),cpp,Accepted,79,1024,353,
s807145759,p02791,u805562306,1579488486,C++,C++ (GCC 5.4.1),cpp,Accepted,60,1400,302,
s547613301,p02791,u374512062,1579488316,C++,C++14 (GCC 5.4.1),cpp,Accepted,26,1024,1056,
s976243330,p02791,u670376790,1579488287,Java,Java8 (OpenJDK 1.8.0),java,Accepted,211,47892,2149,
s468377794,p02791,u430040410,1579488241,C++,C++14 (GCC 5.4.1),cpp,Time Limit Exceeded,2103,1024,441,
s112370372,p02791,u021648187,1579488170,C++,C++14 (GCC 5.4.1),cpp,Accepted,18,1792,1491,
s059914028,p02791,u430040410,1579488081,C++,C++14 (GCC 5.4.1),cpp,Runtime Error,131,640,441,
s165030451,p02791,u133391510,1579488055,C++,C++14 (GCC 5.4.1),cpp,Accepted,40,2560,932,
s065491987,p02791,u878615689,1579487554,C++,C++14 (GCC 5.4.1),cpp,Accepted,18,1024,1438,
s540676582,p02791,u545703412,1579487434,C++,C++14 (GCC 5.4.1),cpp,Accepted,59,1792,1067,
s602423098,p02791,u214265034,1579487427,C++,C++14 (GCC 5.4.1),cpp,Accepted,64,1024,353,
s574977265,p02791,u400497478,1579486758,C++,C++14 (GCC 5.4.1),cpp,Accepted,78,256,2924,
s657922174,p02791,u217252547,1579486426,Java,Java8 (OpenJDK 1.8.0),java,Accepted,192,44060,5221,
s254113373,p02791,u393332137,1579486335,C++,C++14 (GCC 5.4.1),cpp,Accepted,62,1792,285,
s727296335,p02791,u393332137,1579486095,C++,C++14 (GCC 5.4.1),cpp,Wrong Answer,2103,1024,240,
s597330619,p02791,u813098295,1579485973,Python,Python (3.4.3),py,Accepted,145,24744,232,
s422598650,p02791,u026302640,1579485873,C++,C++14 (GCC 5.4.1),cpp,Accepted,70,15744,1889,
s317219779,p02791,u393332137,1579485807,C++,C++14 (GCC 5.4.1),cpp,Wrong Answer,2103,1024,244,
s701062159,p02791,u821432765,1579485745,Python,Python (3.4.3),py,Accepted,104,24744,982,
s136201886,p02791,u026302640,1579485721,C++,C++14 (GCC 5.4.1),cpp,Compile Error,,,1890,
s925884663,p02791,u393332137,1579485718,C++,C++14 (GCC 5.4.1),cpp,Wrong Answer,2103,1024,243,
s267787435,p02791,u026302640,1579485679,C++,C++14 (GCC 5.4.1),cpp,Compile Error,,,1889,
s867472116,p02791,u720321944,1579485169,Haskell,Haskell (GHC 7.10.3),hs,Time Limit Exceeded,2104,8572,214,
s647283844,p02791,u821432765,1579484899,Python,Python (3.4.3),py,Accepted,1128,25716,758,
s670752993,p02791,u605443479,1579484807,Go,Go (1.6),go,Accepted,40,9088,607,
s642817338,p02791,u406357446,1579484805,C++,C++14 (GCC 5.4.1),cpp,Accepted,21,1024,526,
s049265877,p02791,u605443479,1579484713,Go,Go (1.6),go,Accepted,49,34432,962,
s161735694,p02791,u383713431,1579484600,C++,C++14 (GCC 5.4.1),cpp,Accepted,60,1024,393,
s367316123,p02791,u605443479,1579484507,Go,Go (1.6),go,Time Limit Exceeded,2107,640,979,
s036960612,p02791,u383713431,1579484480,C++,C++14 (GCC 5.4.1),cpp,Compile Error,,,389,
s497012672,p02791,u751485759,1579484262,Python,Python (3.4.3),py,Accepted,94,24744,182,
s522072918,p02791,u024469792,1579484236,C++,C++14 (GCC 5.4.1),cpp,Accepted,62,1024,304,
s561179588,p02791,u751485759,1579484180,Python,Python (3.4.3),py,Runtime Error,66,24744,178,
s003237227,p02791,u751485759,1579484061,Python,Python (3.4.3),py,Runtime Error,65,24744,184,
s417290817,p02791,u394759653,1579483738,C++,C++14 (GCC 5.4.1),cpp,Accepted,18,892,405,
s276062788,p02791,u952708174,1579483587,Python,Python (3.4.3),py,Accepted,380,31408,193,
s480007857,p02791,u952708174,1579483533,Python,Python (3.4.3),py,Accepted,291,31448,203,
s610208429,p02791,u720321944,1579483515,Haskell,Haskell (GHC 7.10.3),hs,Time Limit Exceeded,2109,91516,149,
s127060876,p02791,u475808073,1579482967,C++,C++14 (GCC 5.4.1),cpp,Accepted,18,1792,1379,
s144534063,p02791,u169138653,1579482816,Python,Python (3.4.3),py,Time Limit Exceeded,2105,25716,265,
s261068824,p02791,u221179125,1579482619,C++,C++14 (GCC 5.4.1),cpp,Accepted,22,1792,326,
s051257338,p02791,u631392145,1579482422,C++,C++14 (GCC 5.4.1),cpp,Wrong Answer,79,1024,251,
s362516904,p02791,u973744316,1579482421,Python,Python (3.4.3),py,Accepted,98,24744,173,
s898589019,p02791,u057079894,1579482420,C++,C++14 (GCC 5.4.1),cpp,Accepted,62,1024,1502,
s413162224,p02791,u973744316,1579482358,Python,Python (3.4.3),py,Wrong Answer,102,25768,173,
s169966971,p02791,u475808073,1579482277,C++,C++14 (GCC 5.4.1),cpp,Wrong Answer,18,1792,978,
s389908419,p02791,u973744316,1579482276,Python,Python (3.4.3),py,Wrong Answer,99,25768,172,
s672029481,p02791,u072526305,1579482263,C++,C++14 (GCC 5.4.1),cpp,Accepted,19,1024,2075,
s301346701,p02791,u088221425,1579482086,Ruby,Ruby (2.3.3),rb,Accepted,103,15236,147,
s747044884,p02791,u032223772,1579482056,Perl,Perl (v5.18.2),pl,Accepted,616,41636,33,
s351937371,p02791,u475808073,1579482039,C++,C++14 (GCC 5.4.1),cpp,Wrong Answer,18,1024,961,
s917937410,p02791,u588341295,1579481987,Python,Python (3.4.3),py,Accepted,97,25860,786,
s387516824,p02791,u601330084,1579481840,C++,C++14 (GCC 5.4.1),cpp,Accepted,18,1024,1184,
s437962816,p02791,u588341295,1579481764,Python,Python (3.4.3),py,Accepted,1292,25864,1715,
s224357969,p02791,u576320075,1579481424,C++,C++14 (GCC 5.4.1),cpp,Accepted,62,1024,3198,
s234442665,p02791,u576320075,1579481346,C++,C++14 (GCC 5.4.1),cpp,Accepted,60,1024,3211,
s703250080,p02791,u319282133,1579481041,C++,C++14 (GCC 5.4.1),cpp,Accepted,18,1792,336,
s902589509,p02791,u244176378,1579480988,Python,Python (3.4.3),py,Time Limit Exceeded,2104,26280,214,
s221133685,p02791,u784072785,1579480954,C++,C++14 (GCC 5.4.1),cpp,Wrong Answer,85,256,1126,
s131950686,p02791,u027266662,1579480790,C++,C++14 (GCC 5.4.1),cpp,Accepted,94,10368,7130,
s139087768,p02791,u491069832,1579480760,C++,C++14 (GCC 5.4.1),cpp,Accepted,21,1792,381,
s872179639,p02791,u506287026,1579480476,Python,Python (3.4.3),py,Accepted,102,24744,178,
s914002903,p02791,u605443479,1579480465,Go,Go (1.6),go,Wrong Answer,41,9088,608,
s204672038,p02791,u806601169,1579480389,C++,C++14 (GCC 5.4.1),cpp,Accepted,19,1024,1467,
s235438567,p02791,u602740328,1579479946,Haskell,Haskell (GHC 7.10.3),hs,Accepted,953,62076,183,
s561230358,p02791,u002459665,1579479925,Python,Python (3.4.3),py,Accepted,170,24744,226,
s764117888,p02791,u074445770,1579479875,C++,C++14 (GCC 5.4.1),cpp,Accepted,59,1792,1747,
s004789694,p02791,u729939940,1579479864,Python,Python (3.4.3),py,Accepted,93,24744,171,
s335832493,p02791,u592758681,1579479775,C++,C++14 (GCC 5.4.1),cpp,Accepted,19,1024,3173,
s946835691,p02791,u592758681,1579479757,C++,C++14 (Clang 3.8.0),cpp,Compile Error,,,3173,
s421467663,p02791,u002459665,1579479705,Python,Python (3.4.3),py,Accepted,95,24744,139,
s927016708,p02791,u734603233,1579479622,Python,Python (3.4.3),py,Accepted,109,24744,168,
s461162853,p02791,u801830239,1579479451,C++,C++14 (GCC 5.4.1),cpp,Accepted,77,256,594,
s232091796,p02791,u791593901,1579479429,C++,C++14 (GCC 5.4.1),cpp,Accepted,80,1792,594,
s246744316,p02791,u461909624,1579479328,C++,C++14 (GCC 5.4.1),cpp,Accepted,19,1024,933,
s167800346,p02791,u461909624,1579479279,C++,C++14 (GCC 5.4.1),cpp,Compile Error,,,933,
s922147743,p02791,u602740328,1579479168,Haskell,Haskell (GHC 7.10.3),hs,Accepted,1026,92668,176,
s298417578,p02791,u420345622,1579479149,C++,C++14 (GCC 5.4.1),cpp,Runtime Error,99,256,273,
s197090405,p02791,u734603233,1579479122,Python,PyPy3 (2.4.0),py,Time Limit Exceeded,2110,137012,148,
s406884749,p02791,u386289165,1579479121,C++,C++14 (GCC 5.4.1),cpp,Wrong Answer,78,256,263,
s808752723,p02791,u602740328,1579479025,Haskell,Haskell (GHC 7.10.3),hs,Wrong Answer,974,94588,176,
s903359555,p02791,u314396879,1579478947,C++,C++14 (GCC 5.4.1),cpp,Accepted,60,1024,324,
s232058587,p02791,u698405158,1579478920,C++,C++14 (GCC 5.4.1),cpp,Accepted,20,128,228,
s499910466,p02791,u870684607,1579478899,Python,Python (3.4.3),py,Time Limit Exceeded,2104,17776,219,
s067070978,p02791,u641919964,1579478860,Java,Java8 (OpenJDK 1.8.0),java,Accepted,542,80000,566,
s954944271,p02791,u093170535,1579478821,C++,C++14 (GCC 5.4.1),cpp,Accepted,21,256,208,
s654182283,p02791,u734603233,1579478749,Python,Python (3.4.3),py,Time Limit Exceeded,2104,24744,148,
s848816826,p02791,u227604873,1579478712,C++,C++14 (GCC 5.4.1),cpp,Accepted,61,1792,460,
s575362423,p02791,u904269060,1579478641,Python,Python (3.4.3),py,Time Limit Exceeded,2109,33832,200,
s185367354,p02791,u420345622,1579478611,C++,C++14 (GCC 5.4.1),cpp,Runtime Error,100,256,336,
s289365823,p02791,u734603233,1579478588,Python,Python (3.4.3),py,Runtime Error,17,2940,147,
s371620663,p02791,u464032595,1579478584,Python,Python (3.4.3),py,Accepted,108,24744,169,
s984002466,p02791,u602740328,1579478455,Haskell,Haskell (GHC 7.10.3),hs,Accepted,1025,70012,154,
s599284402,p02791,u896791216,1579478301,Python,Python (3.4.3),py,Accepted,152,24744,204,
s099630721,p02791,u670773128,1579478283,C++,C++14 (GCC 5.4.1),cpp,Accepted,76,256,327,
s854270820,p02791,u160727288,1579478277,C++,C++14 (GCC 5.4.1),cpp,Accepted,60,1152,329,
s519351071,p02791,u564185267,1579478261,C,C (GCC 5.4.1),c,Accepted,22,896,294,
s075033765,p02791,u870684607,1579478128,Python,Python (3.4.3),py,Time Limit Exceeded,2104,17776,238,
s667606447,p02791,u734603233,1579478015,Python,PyPy3 (2.4.0),py,Time Limit Exceeded,2108,77392,220,
s662532669,p02791,u734603233,1579477948,Python,Python (3.4.3),py,Time Limit Exceeded,2104,24744,219,
s024803740,p02791,u670773128,1579477900,C++,C++14 (GCC 5.4.1),cpp,Wrong Answer,76,256,329,
s511732966,p02791,u727347518,1579477843,Go,Go (1.6),go,Accepted,40,3584,585,
s646499932,p02791,u670773128,1579477834,C++,C++14 (GCC 5.4.1),cpp,Wrong Answer,77,256,328,
s488031490,p02791,u904269060,1579477744,Python,Python (3.4.3),py,Time Limit Exceeded,2109,34024,153,
s790450452,p02791,u183509493,1579477725,Java,Java8 (OpenJDK 1.8.0),java,Accepted,208,44280,3819,
s257466408,p02791,u452725238,1579477675,C++,C++14 (GCC 5.4.1),cpp,Accepted,18,256,859,
s924387774,p02791,u394420840,1579477669,C++,C++14 (GCC 5.4.1),cpp,Accepted,59,256,3337,
s519981451,p02791,u347600233,1579477666,Python,Python (3.4.3),py,Accepted,178,24744,244,
s713837528,p02791,u259396003,1579477659,C++,C++14 (GCC 5.4.1),cpp,Accepted,21,1792,489,
s717887853,p02791,u571364079,1579477621,C++,C++14 (GCC 5.4.1),cpp,Accepted,60,1024,388,
s106971022,p02791,u679291177,1579477592,Ruby,Ruby (2.3.3),rb,Runtime Error,284,35092,217,
s652544013,p02791,u611777990,1579477542,C++,C++14 (GCC 5.4.1),cpp,Accepted,77,1024,492,
s103091410,p02791,u202727309,1579477536,Python,Python (3.4.3),py,Accepted,93,24744,208,
s940676777,p02791,u177274511,1579477521,JavaScript,JavaScript (node.js v5.12),js,Accepted,113,24376,368,
s499671916,p02791,u202727309,1579477487,Python,Python (3.4.3),py,Wrong Answer,17,3064,190,
s609464238,p02791,u571364079,1579477455,C++,C++14 (GCC 5.4.1),cpp,Wrong Answer,63,1024,388,
s987693736,p02791,u347600233,1579477446,Python,Python (3.4.3),py,Time Limit Exceeded,2104,24744,186,
s024857093,p02791,u602740328,1579477437,Haskell,Haskell (GHC 7.10.3),hs,Time Limit Exceeded,2107,62844,407,
s732874296,p02791,u177274511,1579477377,JavaScript,JavaScript (node.js v5.12),js,Wrong Answer,114,22340,366,
s292410609,p02791,u993381291,1579477364,C#,C# (Mono 4.6.2.0),cs,Accepted,97,31068,285,
s396129818,p02791,u571364079,1579477328,C++,C++14 (GCC 5.4.1),cpp,Wrong Answer,60,1024,387,
s859182424,p02791,u022138926,1579477304,Nim,Nim (0.13.0),nim,Accepted,32,13824,230,
s604055566,p02791,u104741254,1579477273,C++,C++14 (GCC 5.4.1),cpp,Accepted,67,2296,414,
s797778932,p02791,u178951696,1579477269,C++,C++14 (GCC 5.4.1),cpp,Accepted,77,1024,289,
s592993782,p02791,u064359585,1579477098,C++,C++14 (GCC 5.4.1),cpp,Accepted,62,1024,487,
s397901164,p02791,u602740328,1579477081,Haskell,Haskell (GHC 7.10.3),hs,Time Limit Exceeded,2110,104828,396,
s123696944,p02791,u912025537,1579477078,C,C (GCC 5.4.1),c,Accepted,22,128,276,
s440214684,p02791,u178951696,1579477075,C++,C++14 (GCC 5.4.1),cpp,Time Limit Exceeded,2103,1024,358,
s201465903,p02791,u816097281,1579477038,JavaScript,JavaScript (node.js v5.12),js,Accepted,217,22224,347,
s985100542,p02791,u088342491,1579477034,Kotlin,Kotlin (1.0.0),kt,Accepted,658,82856,294,
s154932025,p02791,u553623615,1579477034,C++,C++14 (GCC 5.4.1),cpp,Accepted,18,256,376,
s187521287,p02791,u620639655,1579476968,D,D (DMD64 v2.070.1),d,Accepted,36,11408,322,
s786433652,p02791,u781095600,1579476939,C++,C++14 (GCC 5.4.1),cpp,Accepted,21,256,242,
s826179438,p02791,u934740772,1579476901,Python,Python (3.4.3),py,Accepted,117,25252,181,
s355132216,p02791,u813450984,1579476891,Python,Python (3.4.3),py,Accepted,143,24744,180,
s856370287,p02791,u781095600,1579476888,C++,C++14 (GCC 5.4.1),cpp,Accepted,20,256,252,
s479656605,p02791,u779640724,1579476882,C++,C++14 (GCC 5.4.1),cpp,Accepted,60,1792,284,
s722095528,p02791,u620639655,1579476812,D,D (DMD64 v2.070.1),d,Accepted,39,11664,392,
s280102003,p02791,u904269060,1579476810,C,C (GCC 5.4.1),c,Runtime Error,113,256,331,
s331340306,p02791,u940569542,1579476759,C++,C++14 (GCC 5.4.1),cpp,Accepted,18,1024,661,
s578526262,p02791,u543921019,1579476736,C,C (GCC 5.4.1),c,Accepted,22,896,346,
s704548490,p02791,u779640724,1579476725,C++,C++14 (GCC 5.4.1),cpp,Wrong Answer,59,1792,277,
s907842257,p02791,u100919930,1579476713,C++,C++14 (Clang 3.8.0),cpp,Wrong Answer,2103,1024,656,
s998163812,p02791,u399973890,1579476679,Python,Python (3.4.3),py,Time Limit Exceeded,2104,24744,218,
s868141188,p02791,u934740772,1579476659,Python,Python (3.4.3),py,Accepted,111,25252,181,
s707880056,p02791,u751488284,1579476580,C++,C++14 (GCC 5.4.1),cpp,Accepted,19,1024,899,
s599864606,p02791,u934740772,1579476576,Python,Python (3.4.3),py,Wrong Answer,92,25252,181,
s385155686,p02791,u779640724,1579476571,C++,C++14 (GCC 5.4.1),cpp,Wrong Answer,61,3328,296,
s865598420,p02791,u581807854,1579476527,C++,C++14 (GCC 5.4.1),cpp,Accepted,65,1792,867,
s474167560,p02791,u779640724,1579476526,C++,C++14 (GCC 5.4.1),cpp,Wrong Answer,63,3328,297,
s373477372,p02791,u982749462,1579476507,Python,Python (3.4.3),py,Wrong Answer,2108,17940,129,
s499550426,p02791,u100919930,1579476422,C++,C++14 (Clang 3.8.0),cpp,Wrong Answer,2103,1792,653,
s404364633,p02791,u934740772,1579476363,Python,Python (3.4.3),py,Wrong Answer,87,25252,179,
s454428266,p02791,u485126457,1579476343,C++,C++14 (GCC 5.4.1),cpp,Accepted,19,1792,453,
s544590385,p02791,u867522815,1579476195,Java,Java8 (OpenJDK 1.8.0),java,Accepted,590,70652,2534,
s529225030,p02791,u602740328,1579476173,Haskell,Haskell (GHC 7.10.3),hs,Accepted,1002,76668,168,
s399854933,p02791,u202727309,1579476172,Python,Python (3.4.3),py,Time Limit Exceeded,2109,34116,159,
s975241378,p02791,u485126457,1579476138,C++,C++14 (GCC 5.4.1),cpp,Wrong Answer,20,1792,458,
s915776857,p02791,u462393219,1579476133,C++,C++14 (GCC 5.4.1),cpp,Accepted,77,1152,353,
s712621830,p02791,u669698168,1579476107,C++,C++14 (GCC 5.4.1),cpp,Accepted,19,1024,701,
s746746112,p02791,u985598176,1579476048,C++,C++14 (GCC 5.4.1),cpp,Accepted,61,1024,320,
s641494683,p02791,u291972062,1579476001,C++,C++14 (GCC 5.4.1),cpp,Wrong Answer,78,1024,245,
s431014639,p02791,u669698168,1579475970,C++,C++14 (GCC 5.4.1),cpp,Wrong Answer,19,1024,664,
s080257158,p02791,u985598176,1579475954,C++,C++14 (GCC 5.4.1),cpp,Wrong Answer,60,1024,314,
s634902407,p02791,u291972062,1579475907,C++,C++14 (GCC 5.4.1),cpp,Wrong Answer,76,1024,245,
s780098468,p02791,u923112423,1579475886,Java,Java8 (OpenJDK 1.8.0),java,Accepted,593,69552,2440,
s509451067,p02791,u415671616,1579475862,PHP,PHP7 (7.0.15),php,Accepted,65,18936,257,
s627076594,p02791,u772062359,1579475841,Python,PyPy3 (2.4.0),py,Accepted,262,75472,148,
s835075666,p02791,u904269060,1579475814,Python,Python (3.4.3),py,Time Limit Exceeded,2104,24744,131,
s637408562,p02791,u641919964,1579475765,Java,Java8 (OpenJDK 1.8.0),java,Wrong Answer,2109,85200,690,
s901910130,p02791,u159695843,1579475749,C++,C++14 (GCC 5.4.1),cpp,Accepted,60,1792,1296,
s402242501,p02791,u772062359,1579475669,Python,PyPy3 (2.4.0),py,Wrong Answer,239,75472,149,
s810221967,p02791,u485126457,1579475664,C++,C++14 (GCC 5.4.1),cpp,Wrong Answer,20,1792,457,
s535032437,p02791,u019489252,1579475638,Awk,Awk (mawk 1.3.3),awk,Accepted,60,256,33,
s535818009,p02791,u772062359,1579475571,Python,PyPy3 (2.4.0),py,Wrong Answer,275,75344,137,
s059333076,p02791,u415916075,1579475563,C++,C++14 (GCC 5.4.1),cpp,Accepted,18,1792,476,
s526719851,p02791,u934740772,1579475562,Python,Python (3.4.3),py,Wrong Answer,87,25252,178,
s483756288,p02791,u255943307,1579475464,C++,C++14 (GCC 5.4.1),cpp,Accepted,62,1024,382,
s334718323,p02791,u485126457,1579475451,C++,C++14 (GCC 5.4.1),cpp,Time Limit Exceeded,2103,1792,608,
s498572761,p02791,u012110567,1579475449,Ruby,Ruby (2.3.3),rb,Time Limit Exceeded,2108,18564,133,
s422460050,p02791,u070246438,1579475406,Python,Python (3.4.3),py,Accepted,109,24744,146,
s729097934,p02791,u699089116,1579475369,Python,PyPy3 (2.4.0),py,Accepted,252,75472,276,
s845969446,p02791,u255943307,1579475326,C++,C++14 (GCC 5.4.1),cpp,Compile Error,,,364,
s652989581,p02791,u972658925,1579475299,Python,Python (3.4.3),py,Accepted,97,24744,144,
s713133793,p02791,u019489252,1579475290,Bash,Bash (GNU bash v4.3.11),sh,Wrong Answer,85,736,34,
s966350471,p02791,u904269060,1579475279,Python,Python (3.4.3),py,Time Limit Exceeded,2104,25768,175,
s072592802,p02791,u469936642,1579475233,Python,Python (3.4.3),py,Accepted,144,24744,132,
s969963799,p02791,u602740328,1579475206,Haskell,Haskell (GHC 7.10.3),hs,Time Limit Exceeded,2110,104828,200,
s090729702,p02791,u934740772,1579475165,Python,Python (3.4.3),py,Wrong Answer,120,25252,195,
s712545862,p02791,u522548464,1579475159,C++,C++14 (GCC 5.4.1),cpp,Accepted,60,1792,436,
s073040580,p02791,u378419207,1579475157,C++,C++14 (GCC 5.4.1),cpp,Accepted,21,256,1224,
s600206798,p02791,u463775490,1579475116,C,C (GCC 5.4.1),c,Runtime Error,113,1280,400,
s510556338,p02791,u008582165,1579475112,C++,C++14 (GCC 5.4.1),cpp,Accepted,19,1024,1383,
s697003024,p02791,u396701320,1579475104,Kotlin,Kotlin (1.0.0),kt,Accepted,668,83048,290,
s656230555,p02791,u641919964,1579475087,Java,Java8 (OpenJDK 1.8.0),java,Wrong Answer,2109,65900,646,
s907709606,p02791,u420345622,1579475071,C++,C++14 (GCC 5.4.1),cpp,Wrong Answer,2103,1024,314,
s751075232,p02791,u008582165,1579475061,C++,C++14 (GCC 5.4.1),cpp,Wrong Answer,19,1024,1383,
s241251101,p02791,u522548464,1579475043,C++,C++14 (GCC 5.4.1),cpp,Wrong Answer,65,1792,436,
s867090893,p02791,u463775490,1579475030,C,C (GCC 5.4.1),c,Runtime Error,108,1280,380,
s135770135,p02791,u012110567,1579475018,Ruby,Ruby (2.3.3),rb,Time Limit Exceeded,2108,18436,202,
s222136940,p02791,u732304692,1579474939,OCaml,OCaml (4.02.3),ml,Accepted,55,6016,170,
s562581035,p02791,u466161487,1579474939,C++,C++14 (GCC 5.4.1),cpp,Accepted,69,1792,707,
s149324691,p02791,u692176965,1579474928,C++,C++14 (GCC 5.4.1),cpp,Accepted,77,256,1052,
s660372348,p02791,u466161487,1579474920,C++,C++14 (GCC 5.4.1),cpp,Wrong Answer,70,1792,707,
s119478886,p02791,u634209474,1579474911,C++,C++14 (GCC 5.4.1),cpp,Accepted,79,1024,376,
s997152925,p02791,u409688075,1579474896,C++,C++14 (GCC 5.4.1),cpp,Accepted,59,1792,366,
s358995388,p02791,u396701320,1579474879,Kotlin,Kotlin (1.0.0),kt,Time Limit Exceeded,2111,82924,394,
s488949317,p02791,u012110567,1579474873,Ruby,Ruby (2.3.3),rb,Accepted,115,16516,153,
s334184758,p02791,u522548464,1579474871,C++,C++14 (GCC 5.4.1),cpp,Wrong Answer,61,1792,481,
s605440913,p02791,u201382544,1579474871,Python,Python (3.4.3),py,Accepted,95,24872,143,
s163620923,p02791,u732304692,1579474861,OCaml,OCaml (4.02.3),ml,Accepted,57,6272,199,
s430326676,p02791,u012110567,1579474811,Ruby,Ruby (2.3.3),rb,Accepted,807,31236,181,
s033007207,p02791,u012110567,1579474758,Ruby,Ruby (2.3.3),rb,Accepted,120,16516,127,
s077475530,p02791,u182396775,1579474738,Java,Java8 (OpenJDK 1.8.0),java,Time Limit Exceeded,2109,81052,563,
s186961149,p02791,u522548464,1579474737,C++,C++14 (GCC 5.4.1),cpp,Wrong Answer,61,1792,481,
s395033047,p02791,u064777819,1579474715,JavaScript,JavaScript (node.js v5.12),js,Accepted,195,36984,116231,
s905298581,p02791,u729133443,1579474706,Python,Python (3.4.3),py,Accepted,285,25884,1329,
s776751491,p02791,u377777817,1579474702,F#,F# (Mono 4.0),fs,Accepted,119,36316,942,
s017936171,p02791,u835924161,1579474693,C++,C++14 (GCC 5.4.1),cpp,Accepted,18,384,3074,
s236364015,p02791,u012110567,1579474691,Ruby,Ruby (2.3.3),rb,Accepted,788,29956,174,
s686451940,p02791,u522548464,1579474662,C++,C++14 (GCC 5.4.1),cpp,Compile Error,,,492,
s318836980,p02791,u435691768,1579474644,C++,C++14 (GCC 5.4.1),cpp,Accepted,18,1024,467,
s353324379,p02791,u275725425,1579474635,Python,Python (3.4.3),py,Wrong Answer,2104,24744,262,
s899947762,p02791,u019489252,1579474634,Awk,Awk (mawk 1.3.3),awk,Accepted,54,256,35,
s483740595,p02791,u497952650,1579474622,Python,Python (3.4.3),py,Accepted,145,24744,168,
s073407782,p02791,u497952650,1579474598,Python,Python (3.4.3),py,Runtime Error,17,2940,171,
s802756812,p02791,u064777819,1579474570,JavaScript,JavaScript (node.js v5.12),js,Wrong Answer,173,35212,116223,
s495323568,p02791,u835924161,1579474541,C++,C++14 (GCC 5.4.1),cpp,Accepted,18,1792,3177,
s211974555,p02791,u354719836,1579474507,C++,C++14 (GCC 5.4.1),cpp,Accepted,77,256,282,
s503563572,p02791,u896776319,1579474506,Haskell,Haskell (GHC 7.10.3),hs,Accepted,1001,59900,517,
s440617655,p02791,u182396775,1579474483,Java,Java8 (OpenJDK 1.8.0),java,Time Limit Exceeded,2110,64860,600,
s282746939,p02791,u064777819,1579474477,JavaScript,JavaScript (node.js v5.12),js,Wrong Answer,284,36996,116231,
s723022962,p02791,u755852290,1579474456,C++,C++14 (GCC 5.4.1),cpp,Accepted,19,256,1088,
s449670903,p02791,u896776319,1579474448,Haskell,Haskell (GHC 7.10.3),hs,Compile Error,,,516,
s018365427,p02791,u145429281,1579474400,C++,C++14 (GCC 5.4.1),cpp,Accepted,19,256,318,
s036414783,p02791,u159695843,1579474381,C++,C++14 (GCC 5.4.1),cpp,Wrong Answer,61,1024,1192,
s907824106,p02791,u119013542,1579474375,C++,C++14 (GCC 5.4.1),cpp,Accepted,64,1400,431,
s281826086,p02791,u579324544,1579474367,Python,PyPy3 (2.4.0),py,Accepted,261,76752,278,
s194353833,p02791,u064777819,1579474367,JavaScript,JavaScript (node.js v5.12),js,Wrong Answer,185,36872,116231,
s078602219,p02791,u161323909,1579474345,Awk,Awk (mawk 1.3.3),awk,Accepted,120,256,264,
s241910040,p02791,u795376760,1579474333,C++,C++14 (GCC 5.4.1),cpp,Wrong Answer,2103,1792,584,
s806830857,p02791,u463775490,1579474304,C,C (GCC 5.4.1),c,Accepted,20,128,226,
s670905504,p02791,u222602662,1579474291,C++,C++14 (GCC 5.4.1),cpp,Accepted,18,1792,20504,
s366167106,p02791,u409688075,1579474281,C++,C++14 (GCC 5.4.1),cpp,Wrong Answer,77,1024,350,
s518251007,p02791,u463775490,1579474271,C,C (GCC 5.4.1),c,Accepted,20,128,227,
s023818626,p02791,u547608423,1579474261,Python,Python (3.4.3),py,Accepted,108,24744,155,
s014953704,p02791,u674190122,1579474220,Python,Python (3.4.3),py,Wrong Answer,80,24744,116,
s431246576,p02791,u972658925,1579474199,Python,Python (3.4.3),py,Time Limit Exceeded,2104,24744,136,
s155620144,p02791,u926099741,1579474193,Ruby,Ruby (2.3.3),rb,Accepted,103,15236,150,
s748910610,p02791,u221580805,1579474180,Python,Python (3.4.3),py,Accepted,93,24744,152,
s643397580,p02791,u392423112,1579474170,C++,C++14 (GCC 5.4.1),cpp,Accepted,60,1152,395,
s674002037,p02791,u819437615,1579474167,C,C (GCC 5.4.1),c,Accepted,22,896,377,
s610158666,p02791,u216962796,1579474149,C++,C++14 (GCC 5.4.1),cpp,Accepted,82,1792,422,
s550457012,p02791,u926099741,1579474126,Ruby,Ruby (2.3.3),rb,Runtime Error,88,15236,149,
s546158429,p02791,u311003976,1579474117,Python,PyPy3 (2.4.0),py,Accepted,257,75472,176,
s779849806,p02791,u585070471,1579474115,Python,Python (3.4.3),py,Accepted,76,24744,248,
s754034324,p02791,u605443479,1579474090,Go,Go (1.6),go,Runtime Error,3,768,635,
s812332360,p02791,u243714267,1579474086,Python,Python (3.4.3),py,Accepted,112,24744,161,
s270559753,p02791,u798557584,1579474072,Python,Python (3.4.3),py,Accepted,107,24744,153,
s705223595,p02791,u896776319,1579474067,Haskell,Haskell (GHC 7.10.3),hs,Compile Error,,,507,
s061846552,p02791,u547608423,1579474035,Python,Python (3.4.3),py,Time Limit Exceeded,2104,24744,156,
s323123365,p02791,u795376760,1579473997,C++,C++14 (GCC 5.4.1),cpp,Wrong Answer,2103,3328,624,
s494825662,p02791,u600244905,1579473949,C++,C++14 (GCC 5.4.1),cpp,Accepted,20,2420,937,
s799646242,p02791,u012110567,1579473946,Ruby,Ruby (2.3.3),rb,Wrong Answer,2109,19204,261,
s637735902,p02791,u903005414,1579473940,Python,Python (3.4.3),py,Accepted,154,24744,223,
s516986132,p02791,u073866020,1579473932,C++,C++14 (GCC 5.4.1),cpp,Accepted,77,1024,277,
s505706334,p02791,u503080601,1579473924,C++,C++14 (GCC 5.4.1),cpp,Accepted,60,1024,558,
s276675706,p02791,u529243496,1579473923,Python,Python (3.4.3),py,Accepted,197,24744,254,
s744458931,p02791,u008582165,1579473901,C++,C++14 (GCC 5.4.1),cpp,Accepted,19,1024,1383,
s943507704,p02791,u419963262,1579473894,Python,Python (3.4.3),py,Time Limit Exceeded,2104,24744,125,
s857656910,p02791,u928888261,1579473847,Python,PyPy3 (2.4.0),py,Accepted,243,75516,149,
s700377129,p02791,u798557584,1579473843,Python,Python (3.4.3),py,Wrong Answer,120,24744,134,
s852533588,p02791,u346180161,1579473806,C++,C++14 (GCC 5.4.1),cpp,Accepted,18,1024,682,
s593738583,p02791,u503080601,1579473796,C++,C++14 (GCC 5.4.1),cpp,Compile Error,,,546,
s048509197,p02791,u162773977,1579473789,Lua,Lua (5.3.2),lua,Accepted,53,760,169,
s664008270,p02791,u008582165,1579473753,C++,C++14 (GCC 5.4.1),cpp,Runtime Error,105,256,1370,
s018143181,p02791,u201382544,1579473730,Python,Python (3.4.3),py,Time Limit Exceeded,2104,24744,198,
s772609797,p02791,u332253305,1579473720,Python,Python (3.4.3),py,Accepted,97,24744,136,
s529661049,p02791,u585819925,1579473688,Ruby,Ruby (2.3.3),rb,Accepted,115,16516,127,
s657106770,p02791,u503080601,1579473682,C++,C++14 (GCC 5.4.1),cpp,Wrong Answer,66,1024,531,
s305877140,p02791,u556467689,1579473664,C++,C++14 (GCC 5.4.1),cpp,Accepted,63,1792,366,
s089156032,p02791,u798557584,1579473655,Python,Python (3.4.3),py,Runtime Error,94,24744,140,
s017868008,p02791,u579324544,1579473626,Python,Python (3.4.3),py,Time Limit Exceeded,2104,25768,331,
s988762550,p02791,u558717347,1579473620,Python,Python (3.4.3),py,Accepted,132,25768,386,
s614167841,p02791,u585819925,1579473601,Ruby,Ruby (2.3.3),rb,Wrong Answer,100,16516,122,
s267040091,p02791,u459746049,1579473592,Rust,Rust (1.15.1),rs,Accepted,38,10620,2449,
s732276042,p02791,u579324544,1579473573,Python,PyPy3 (2.4.0),py,Time Limit Exceeded,2110,136728,331,
s432085972,p02791,u795376760,1579473523,C++,C++14 (GCC 5.4.1),cpp,Wrong Answer,2103,3328,575,
s764310272,p02791,u974558800,1579473516,C#,C# (Mono 4.6.2.0),cs,Accepted,96,29020,7344,
s874137293,p02791,u924885571,1579473468,C++,C++14 (GCC 5.4.1),cpp,Accepted,59,256,523,
s387142377,p02791,u761087127,1579473432,Python,Python (3.4.3),py,Accepted,101,25768,148,
s092313875,p02791,u667024514,1579473410,Python,Python (3.4.3),py,Accepted,169,24744,204,
s230075942,p02791,u991269553,1579473398,Python,Python (3.4.3),py,Accepted,225,18216,199,
s691491755,p02791,u100919930,1579473387,C++,C++14 (Clang 3.8.0),cpp,Wrong Answer,2103,1024,653,
s328141419,p02791,u291080309,1579473333,C#,C# (Mono 4.6.2.0),cs,Time Limit Exceeded,2109,33540,577,
s681276639,p02791,u281168735,1579473332,C++,C++14 (GCC 5.4.1),cpp,Accepted,18,1792,1154,
s914735576,p02791,u409688075,1579473332,C++,C++14 (GCC 5.4.1),cpp,Wrong Answer,77,1024,363,
s902238246,p02791,u618531621,1579473331,PHP,PHP7 (7.0.15),php,Accepted,70,18932,223,
s251168036,p02791,u305847048,1579473321,C++,C++14 (GCC 5.4.1),cpp,Accepted,18,1792,2922,
s282946899,p02791,u868580535,1579473318,C++,C++14 (GCC 5.4.1),cpp,Compile Error,,,287,
s992639744,p02791,u618531621,1579473297,PHP,PHP7 (7.0.15),php,Wrong Answer,288,18932,221,
s208421908,p02791,u019489252,1579473287,Awk,Awk (mawk 1.3.3),awk,Wrong Answer,46,380,29,
s448962739,p02791,u795376760,1579473268,C++,C++14 (GCC 5.4.1),cpp,Wrong Answer,2103,3328,593,
s934420773,p02791,u476833465,1579473254,C++,C++14 (GCC 5.4.1),cpp,Accepted,60,1024,403,
s819668721,p02791,u081445141,1579473182,C++,C++14 (GCC 5.4.1),cpp,Accepted,60,1024,301,
s290810692,p02791,u928888261,1579473178,Python,PyPy3 (2.4.0),py,Time Limit Exceeded,2112,136624,175,
s209435996,p02791,u279835114,1579473144,JavaScript,JavaScript (node.js v5.12),js,Accepted,143,41936,61844,
s611654209,p02791,u779640724,1579473116,C++,C++14 (GCC 5.4.1),cpp,Wrong Answer,62,1792,290,
s116384437,p02791,u419963262,1579473107,Python,Python (3.4.3),py,Time Limit Exceeded,2104,24744,140,
s693337207,p02791,u677121387,1579473092,Python,Python (3.4.3),py,Accepted,111,24744,155,
s615954919,p02791,u291080309,1579473091,C#,C# (Mono 4.6.2.0),cs,Compile Error,,,578,
s316220909,p02791,u085996299,1579473090,C++,C++14 (GCC 5.4.1),cpp,Accepted,79,1024,284,
s800460034,p02791,u991269553,1579473087,Python,Python (3.4.3),py,Wrong Answer,2104,20144,160,
s664141152,p02791,u525065967,1579473070,C++,C++14 (GCC 5.4.1),cpp,Accepted,78,256,310,
s008176474,p02791,u457283867,1579473022,C++,C++14 (GCC 5.4.1),cpp,Accepted,61,1024,345,
s139142348,p02791,u521272340,1579473018,C++,C++14 (GCC 5.4.1),cpp,Accepted,63,1024,4995,
s613205398,p02791,u996434204,1579472997,Python,Python (3.4.3),py,Accepted,100,24744,152,
s970830041,p02791,u677121387,1579472954,Python,Python (3.4.3),py,Wrong Answer,108,24744,173,
s027250247,p02791,u386819480,1579472952,Python,Python (3.4.3),py,Accepted,119,26496,580,
s342287496,p02791,u096883693,1579472920,C++,C++14 (GCC 5.4.1),cpp,Accepted,3,256,1125,
s641974659,p02791,u085996299,1579472830,C++,C++14 (GCC 5.4.1),cpp,Wrong Answer,77,1024,284,
s054855344,p02791,u154650168,1579472828,C++,C++14 (GCC 5.4.1),cpp,Accepted,60,1024,471,
s216110712,p02791,u655135177,1579472822,Python,Python (3.4.3),py,Accepted,138,17940,140,
s414415555,p02791,u525065967,1579472782,C++,C++14 (GCC 5.4.1),cpp,Accepted,63,1400,546,
s227727997,p02791,u309753263,1579472769,Python,PyPy3 (2.4.0),py,Accepted,252,75472,171,
s075490684,p02791,u655135177,1579472753,Python,Python (3.4.3),py,Wrong Answer,130,17780,139,
s059176571,p02791,u162328834,1579472717,C++,C++ (GCC 5.4.1),cpp,Accepted,62,1024,363,
s432259377,p02791,u409688075,1579472716,C++,C++14 (GCC 5.4.1),cpp,Wrong Answer,78,1024,363,
s295982068,p02791,u384539725,1579472714,C++,C++14 (GCC 5.4.1),cpp,Accepted,18,1024,957,
s317671185,p02791,u450330210,1579472713,C++,C++14 (GCC 5.4.1),cpp,Accepted,22,1024,510,
s901960721,p02791,u970284323,1579472708,C,C (GCC 5.4.1),c,Accepted,22,128,209,
s224248713,p02791,u208882647,1579472679,C++,C++14 (Clang 3.8.0),cpp,Accepted,166,1024,323,
s769688769,p02791,u384539725,1579472673,C++,C++14 (GCC 5.4.1),cpp,Compile Error,,,955,
s584644278,p02791,u464205401,1579472642,Python,Python (3.4.3),py,Accepted,118,24744,133,
s114347274,p02791,u085996299,1579472633,C++,C++14 (GCC 5.4.1),cpp,Compile Error,,,244,
s240369687,p02791,u309753263,1579472614,Python,PyPy3 (2.4.0),py,Wrong Answer,239,75752,170,
s768676996,p02791,u162328834,1579472600,C++,C++ (GCC 5.4.1),cpp,Time Limit Exceeded,2103,1024,402,
s999524024,p02791,u919017918,1579472577,Python,Python (3.4.3),py,Accepted,111,26012,202,
s985906356,p02791,u067694854,1579472576,C++,C++14 (GCC 5.4.1),cpp,Accepted,116,9600,539,
s757786593,p02791,u548778623,1579472575,C++,C++14 (GCC 5.4.1),cpp,Accepted,78,256,293,
s188645442,p02791,u171255092,1579472571,Python,Python (3.4.3),py,Accepted,93,17940,130,
s087562267,p02791,u970284323,1579472559,C,C (GCC 5.4.1),c,Wrong Answer,29,128,205,
s292774323,p02791,u919017918,1579472544,Python,Python (3.4.3),py,Runtime Error,109,24744,241,
s574948722,p02791,u208882647,1579472541,C++,C++14 (Clang 3.8.0),cpp,Accepted,167,1024,323,
s481680700,p02791,u635070303,1579472532,Python,PyPy3 (2.4.0),py,Accepted,243,75472,152,
s186788757,p02791,u387775763,1579472520,Java,Java8 (OpenJDK 1.8.0),java,Accepted,564,76232,457,
s016222685,p02791,u019489252,1579472502,Bash,Bash (GNU bash v4.3.11),sh,Accepted,84,1736,35,
s768961067,p02791,u919017918,1579472499,Python,Python (3.4.3),py,Runtime Error,110,24744,239,
s485315195,p02791,u241494365,1579472474,C++,C++14 (GCC 5.4.1),cpp,Accepted,60,1792,737,
s538991433,p02791,u635070303,1579472465,Python,PyPy3 (2.4.0),py,Accepted,248,75472,148,
s091798097,p02791,u919017918,1579472460,Python,Python (3.4.3),py,Runtime Error,109,24744,238,
s499240636,p02791,u241494365,1579472448,C++,C++14 (GCC 5.4.1),cpp,Compile Error,,,736,
s642727496,p02791,u085996299,1579472429,C++,C++14 (GCC 5.4.1),cpp,Wrong Answer,79,1024,235,
s415175231,p02791,u249296633,1579472428,Python,Python (3.4.3),py,Accepted,133,24744,165,
s047822326,p02791,u635070303,1579472396,Python,PyPy3 (2.4.0),py,Wrong Answer,247,75344,148,
s291665798,p02791,u625729943,1579472382,Python,Python (3.4.3),py,Accepted,153,25128,357,
s343354033,p02791,u982749462,1579472381,Python,Python (3.4.3),py,Runtime Error,17,2940,272,
s381586699,p02791,u265187423,1579472373,C++,C++14 (GCC 5.4.1),cpp,Accepted,20,896,250,
s724650704,p02791,u893853810,1579472366,Python,PyPy3 (2.4.0),py,Wrong Answer,2110,114896,387,
s875769851,p02791,u635070303,1579472325,Python,PyPy3 (2.4.0),py,Wrong Answer,242,75496,141,
s036970791,p02791,u970284323,1579472322,C,C (GCC 5.4.1),c,Time Limit Exceeded,2103,896,266,
s390349293,p02791,u309753263,1579472274,Python,PyPy3 (2.4.0),py,Wrong Answer,247,75472,138,
s474798768,p02791,u703214333,1579472241,Python,Python (3.4.3),py,Accepted,111,24744,139,
s297823773,p02791,u558717347,1579472217,Python,Python (3.4.3),py,Time Limit Exceeded,2104,24744,269,
s598492658,p02791,u635070303,1579472216,Python,PyPy3 (2.4.0),py,Accepted,243,75472,148,
s960599349,p02791,u551813187,1579472187,C++,C++14 (GCC 5.4.1),cpp,Accepted,76,256,123,
s404837725,p02791,u703214333,1579472167,Python,Python (3.4.3),py,Wrong Answer,86,24744,138,
s486697340,p02791,u952708174,1579472162,Python,Python (3.4.3),py,Accepted,109,25768,251,
s203072296,p02791,u867522815,1579472146,Java,Java8 (OpenJDK 1.8.0),java,Wrong Answer,580,70880,2415,
s104009128,p02791,u919017918,1579472137,Python,Python (3.4.3),py,Runtime Error,114,26012,281,
s201838475,p02791,u171255092,1579472124,Python,Python (3.4.3),py,Time Limit Exceeded,2104,24744,181,
s423782965,p02791,u966065309,1579472069,C++,C++14 (GCC 5.4.1),cpp,Accepted,19,1024,410,
s221664404,p02791,u085996299,1579472057,C++,C++14 (GCC 5.4.1),cpp,Wrong Answer,75,1024,256,
s905145504,p02791,u464205401,1579472050,Python,Python (3.4.3),py,Wrong Answer,97,24744,136,
s877383370,p02791,u112952458,1579472048,Python,Python (3.4.3),py,Accepted,109,24744,204,
s682103202,p02791,u444238096,1579472047,Python,Python (3.4.3),py,Accepted,114,24744,162,
s396367421,p02791,u258325541,1579472028,Python,Python (3.4.3),py,Accepted,113,24744,228,
s436773939,p02791,u355520191,1579472006,C++,C++14 (GCC 5.4.1),cpp,Accepted,66,1024,353,
s832396491,p02791,u894521144,1579472003,Python,PyPy3 (2.4.0),py,Runtime Error,164,38384,192,
s740759888,p02791,u409688075,1579471980,C++,C++14 (GCC 5.4.1),cpp,Wrong Answer,76,1024,345,
s736908161,p02791,u602198348,1579471979,C++,C++14 (GCC 5.4.1),cpp,Accepted,68,2420,396,
s679932512,p02791,u635070303,1579471962,Python,Python (3.4.3),py,Runtime Error,17,2940,123,
s303923891,p02791,u601129993,1579471961,C++,C++14 (GCC 5.4.1),cpp,Accepted,59,1792,329,
s074986577,p02791,u982749462,1579471946,Python,Python (3.4.3),py,Time Limit Exceeded,2109,51644,283,
s216084714,p02791,u085996299,1579471937,C++,C++14 (GCC 5.4.1),cpp,Wrong Answer,75,1024,255,
s999691812,p02791,u970284323,1579471919,C,C (GCC 5.4.1),c,Wrong Answer,22,128,186,
s924823350,p02791,u703214333,1579471906,Python,Python (3.4.3),py,Wrong Answer,151,24744,146,
s261181723,p02791,u971096161,1579471872,Python,Python (3.4.3),py,Accepted,102,25768,160,
s885358141,p02791,u592099403,1579471871,C++,C++14 (GCC 5.4.1),cpp,Accepted,76,256,333,
s973860694,p02791,u526971181,1579471828,C++,C++14 (GCC 5.4.1),cpp,Accepted,18,256,552,
s164326779,p02791,u125090409,1579471820,Python,Python (3.4.3),py,Accepted,130,17776,173,
s931523992,p02791,u249296633,1579471795,Python,Python (3.4.3),py,Time Limit Exceeded,2104,24744,210,
s591842110,p02791,u090223455,1579471734,C++,C++14 (GCC 5.4.1),cpp,Accepted,18,1024,604,
s442768029,p02791,u971096161,1579471732,Python,Python (3.4.3),py,Wrong Answer,103,24744,166,
s450313326,p02791,u635070303,1579471694,Python,Python (3.4.3),py,Wrong Answer,82,24744,118,
s061292866,p02791,u763380276,1579471688,Python,Python (3.4.3),py,Accepted,94,24744,127,
s770234842,p02791,u273928723,1579471685,C++,C++14 (GCC 5.4.1),cpp,Time Limit Exceeded,2103,1792,661,
s389395052,p02791,u019489252,1579471669,Bash,Bash (GNU bash v4.3.11),sh,Wrong Answer,71,848,35,
s434207706,p02791,u201387466,1579471664,Python,Python (3.4.3),py,Accepted,160,24744,220,
s687944305,p02791,u635070303,1579471622,Python,Python (3.4.3),py,Wrong Answer,77,24744,128,
s999275627,p02791,u273928723,1579471615,C++,C++14 (GCC 5.4.1),cpp,Wrong Answer,2103,1792,661,
s743787017,p02791,u078982327,1579471605,Python,Python (3.4.3),py,Accepted,139,26012,191,
s213677122,p02791,u273928723,1579471562,C++,C++14 (GCC 5.4.1),cpp,Wrong Answer,2103,1792,661,
s472347261,p02791,u249296633,1579471545,Python,Python (3.4.3),py,Runtime Error,65,24744,219,
s926369930,p02791,u763380276,1579471535,Python,Python (3.4.3),py,Wrong Answer,76,24744,135,
s663877758,p02791,u135360096,1579471525,Python,Python (3.4.3),py,Accepted,88,17940,130,
s365450190,p02791,u103600314,1579471518,Go,Go (1.6),go,Accepted,118,7808,8527,
s626692278,p02791,u635070303,1579471505,Python,Python (3.4.3),py,Wrong Answer,97,24744,164,
s314272136,p02791,u027208253,1579471498,C++,C++14 (GCC 5.4.1),cpp,Accepted,78,1024,377,
s797870185,p02791,u703214333,1579471494,Python,Python (3.4.3),py,Wrong Answer,113,26012,138,
s310302953,p02791,u928888261,1579471491,Python,PyPy3 (2.4.0),py,Time Limit Exceeded,2108,136716,221,
s527597930,p02791,u273928723,1579471472,C++,C++14 (GCC 5.4.1),cpp,Compile Error,,,1869,
s922192729,p02791,u763380276,1579471452,Python,Python (3.4.3),py,Wrong Answer,80,24744,137,
s698522759,p02791,u645787471,1579471448,Ruby,Ruby (2.3.3),rb,Accepted,97,17308,248,
s271824902,p02791,u314089899,1579471437,Python,Python (3.4.3),py,Accepted,96,25768,194,
s584197055,p02791,u635070303,1579471420,Python,Python (3.4.3),py,Wrong Answer,87,24744,141,
s377880334,p02791,u464205401,1579471398,Python,Python (3.4.3),py,Time Limit Exceeded,2104,24744,122,
s896746162,p02791,u415905784,1579471396,Python,Python (3.4.3),py,Accepted,109,24744,142,
s065002382,p02791,u763380276,1579471386,Python,Python (3.4.3),py,Wrong Answer,76,24744,134,
s993695577,p02791,u894521144,1579471366,Python,Python (3.4.3),py,Accepted,91,24744,203,
s667767215,p02791,u655135177,1579471351,Python,Python (3.4.3),py,Wrong Answer,2104,17780,196,
s819915251,p02791,u391667116,1579471348,C,C (GCC 5.4.1),c,Accepted,22,896,930,
s955380322,p02791,u672611103,1579471325,C++,C++14 (GCC 5.4.1),cpp,Accepted,67,1024,433,
s137047246,p02791,u391667116,1579471325,C,C (GCC 5.4.1),c,Compile Error,,,930,
s908186174,p02791,u475503988,1579471322,Python,Python (3.4.3),py,Accepted,152,24744,158,
s625515228,p02791,u894521144,1579471307,Python,Python (3.4.3),py,Wrong Answer,90,24744,184,
s832111728,p02791,u635070303,1579471278,Python,Python (3.4.3),py,Wrong Answer,128,24744,151,
s747365147,p02791,u350989619,1579471271,C++,C++14 (GCC 5.4.1),cpp,Accepted,18,1792,2335,
s235841712,p02791,u991269553,1579471250,Python,Python (3.4.3),py,Wrong Answer,219,24616,319,
s894788080,p02791,u763380276,1579471244,Python,Python (3.4.3),py,Wrong Answer,80,24744,134,
s502886436,p02791,u923105140,1579471243,C++,C++14 (GCC 5.4.1),cpp,Accepted,63,1024,363,
s048473257,p02791,u635070303,1579471242,Python,Python (3.4.3),py,Runtime Error,71,24744,150,
s630560593,p02791,u085996299,1579471228,C++,C++14 (GCC 5.4.1),cpp,Wrong Answer,76,1024,274,
s717414350,p02791,u828388155,1579471224,C++,C++14 (GCC 5.4.1),cpp,Accepted,63,1792,1027,
s424552699,p02791,u896847891,1579471221,C++,C++14 (GCC 5.4.1),cpp,Accepted,78,1024,263,
s464417095,p02791,u423405217,1579471211,C++,C++14 (GCC 5.4.1),cpp,Accepted,77,1024,332,
s408621072,p02791,u415905784,1579471209,Python,Python (3.4.3),py,Runtime Error,17,2940,139,
s952618913,p02791,u605443479,1579471207,Go,Go (1.6),go,Runtime Error,4,768,610,
s840255136,p02791,u796708718,1579471203,Python,Python (3.4.3),py,Accepted,93,24744,136,
s325074168,p02791,u721425712,1579471158,Python,Python (3.4.3),py,Accepted,167,26012,262,
s738731205,p02791,u314693739,1579471136,C++,C++14 (GCC 5.4.1),cpp,Accepted,77,1024,252,
s582770935,p02791,u558717347,1579471134,Python,Python (3.4.3),py,Time Limit Exceeded,2104,24744,274,
s141132171,p02791,u450983668,1579471134,Python,Python (3.4.3),py,Accepted,90,25116,125,
s683577441,p02791,u372452951,1579471128,C++,C++14 (GCC 5.4.1),cpp,Compile Error,,,421,
s410255973,p02791,u945181840,1579471096,Python,Python (3.4.3),py,Accepted,125,25884,166,
s208801004,p02791,u085996299,1579471096,C++,C++14 (GCC 5.4.1),cpp,Wrong Answer,81,1024,272,
s088678811,p02791,u763380276,1579471091,Python,Python (3.4.3),py,Wrong Answer,79,24744,131,
s558727381,p02791,u478132434,1579471086,Python,Python (3.4.3),py,Accepted,95,25768,140,
s474029643,p02791,u928888261,1579471085,Python,PyPy3 (2.4.0),py,Time Limit Exceeded,2110,136604,236,
s083961856,p02791,u796708718,1579471082,Python,Python (3.4.3),py,Wrong Answer,89,24744,134,
s301327555,p02791,u985598176,1579471076,C++,C++14 (GCC 5.4.1),cpp,Wrong Answer,59,1792,432,
s622098576,p02791,u733674824,1579471072,C++,C++14 (GCC 5.4.1),cpp,Accepted,63,1024,427,
s679911301,p02791,u003826216,1579471060,C,C (GCC 5.4.1),c,Time Limit Exceeded,2103,896,353,
s333515798,p02791,u303059352,1579471039,C++,C++14 (GCC 5.4.1),cpp,Accepted,78,256,263,
s241907711,p02791,u323522006,1579471032,C++,C++14 (GCC 5.4.1),cpp,Accepted,60,1400,421,
s695082822,p02791,u478132434,1579471028,Python,Python (3.4.3),py,Wrong Answer,99,24744,140,
s290511250,p02791,u635070303,1579471017,Python,Python (3.4.3),py,Time Limit Exceeded,2104,24744,131,
s609939057,p02791,u461513098,1579471012,Python,Python (3.4.3),py,Accepted,142,17780,162,
s206609494,p02791,u974558800,1579470994,C#,C# (Mono 4.6.2.0),cs,Wrong Answer,97,31452,7343,
s577680609,p02791,u478132434,1579470989,Python,Python (3.4.3),py,Wrong Answer,125,24744,152,
s087593175,p02791,u988661952,1579470972,Python,PyPy3 (2.4.0),py,Time Limit Exceeded,2111,136816,135,
s575479717,p02791,u410825686,1579470970,Go,Go (1.6),go,Runtime Error,6,768,602,
s355097554,p02791,u019489252,1579470950,C++,C++14 (GCC 5.4.1),cpp,Accepted,4,384,1039,
s533323846,p02791,u875011503,1579470948,C++,C++14 (GCC 5.4.1),cpp,Accepted,77,256,282,
s601536156,p02791,u409688075,1579470941,C++,C++14 (GCC 5.4.1),cpp,Time Limit Exceeded,2103,1024,617,
s731534392,p02791,u303059352,1579470937,C++,C++14 (GCC 5.4.1),cpp,Accepted,17,256,1005,
s518770784,p02791,u478132434,1579470933,Python,Python (3.4.3),py,Wrong Answer,124,26012,151,
s271275831,p02791,u352604942,1579470930,C++,C++14 (GCC 5.4.1),cpp,Accepted,60,1792,351,
s689833115,p02791,u085996299,1579470927,C++,C++14 (GCC 5.4.1),cpp,Wrong Answer,75,1024,272,
s421491885,p02791,u956322200,1579470926,Java,Java8 (OpenJDK 1.8.0),java,Accepted,557,85468,520,
s312521021,p02791,u558717347,1579470919,Python,Python (3.4.3),py,Time Limit Exceeded,2104,26012,314,
s584143552,p02791,u942393279,1579470907,C++,C++14 (GCC 5.4.1),cpp,Wrong Answer,60,3328,725,
s537788047,p02791,u376906959,1579470899,C++,C++14 (GCC 5.4.1),cpp,Accepted,76,256,409,
s752111072,p02791,u459752408,1579470896,Python,PyPy3 (2.4.0),py,Accepted,248,75344,146,
s499008496,p02791,u956322200,1579470876,Java,Java8 (OpenJDK 1.8.0),java,Wrong Answer,598,87144,520,
s412416005,p02791,u942393279,1579470874,C++,C++14 (GCC 5.4.1),cpp,Runtime Error,139,1408,725,
s866543320,p02791,u974558800,1579470861,C#,C# (Mono 4.6.2.0),cs,Wrong Answer,96,31068,7345,
s852485868,p02791,u541830414,1579470857,C++,C++14 (GCC 5.4.1),cpp,Accepted,77,1024,1065,
s779397899,p02791,u819437615,1579470855,C,C (GCC 5.4.1),c,Time Limit Exceeded,2103,896,615,
s976503049,p02791,u896847891,1579470850,C++,C++14 (GCC 5.4.1),cpp,Time Limit Exceeded,2103,1024,289,
s159837626,p02791,u349056386,1579470839,C++,C++14 (GCC 5.4.1),cpp,Time Limit Exceeded,2103,1152,389,
s387345972,p02791,u558717347,1579470836,Python,Python (3.4.3),py,Wrong Answer,2108,24744,313,
s350811155,p02791,u305824645,1579470831,C++,C++14 (GCC 5.4.1),cpp,Accepted,60,1792,327,
s103001712,p02791,u374517193,1579470830,Python,Python (3.4.3),py,Accepted,89,24744,154,
s822659812,p02791,u181644161,1579470819,Python,Python (3.4.3),py,Accepted,143,24744,202,
s321026796,p02791,u956322200,1579470817,Java,Java8 (OpenJDK 1.8.0),java,Wrong Answer,581,77040,524,
s728608560,p02791,u532022710,1579470816,Python,Python (3.4.3),py,Accepted,114,24968,763,
s933252127,p02791,u176567747,1579470815,C++,C++14 (GCC 5.4.1),cpp,Accepted,19,1792,718,
s027436513,p02791,u950129527,1579470811,Python,PyPy3 (2.4.0),py,Accepted,250,75472,156,
s012608694,p02791,u578647703,1579470810,Python,Python (3.4.3),py,Time Limit Exceeded,2104,24744,195,
s802388756,p02791,u040016087,1579470808,Python,Python (3.4.3),py,Accepted,97,24744,142,
s474685442,p02791,u777283665,1579470807,Python,Python (3.4.3),py,Accepted,121,24744,156,
s908085018,p02791,u425317134,1579470791,Lisp,Common Lisp (SBCL 1.1.14),l,Accepted,418,59752,387,
s325083569,p02791,u652908807,1579470782,C++,C++14 (GCC 5.4.1),cpp,Accepted,59,1792,281,
s104967313,p02791,u635070303,1579470776,Python,Python (3.4.3),py,Time Limit Exceeded,2104,24744,156,
s127686135,p02791,u875011503,1579470775,C++,C++14 (GCC 5.4.1),cpp,Wrong Answer,76,256,282,
s140422119,p02791,u425317134,1579470769,Lisp,Common Lisp (SBCL 1.1.14),l,Wrong Answer,412,59752,361,
s661109446,p02791,u315354220,1579470765,Python,PyPy3 (2.4.0),py,Accepted,255,75472,168,
s020752742,p02791,u405483159,1579470760,Python,Python (3.4.3),py,Accepted,111,25116,163,
s528089807,p02791,u040016087,1579470745,Python,Python (3.4.3),py,Wrong Answer,95,24744,141,
s277361691,p02791,u956322200,1579470732,Java,Java8 (OpenJDK 1.8.0),java,Wrong Answer,591,67028,524,
s993473436,p02791,u410825686,1579470729,Go,Go (1.6),go,Runtime Error,4,640,649,
s428274765,p02791,u019489252,1579470729,Pascal,Pascal (FPC 2.6.2),pas,Accepted,24,128,141,
s422463727,p02791,u027675217,1579470705,Python,Python (3.4.3),py,Accepted,113,24744,123,
s231117545,p02791,u982471399,1579470705,Python,Python (3.4.3),py,Accepted,92,26012,140,
s152104691,p02791,u756030237,1579470702,Python,Python (3.4.3),py,Time Limit Exceeded,2104,24744,159,
s148784175,p02791,u979078704,1579470695,C++,C++14 (GCC 5.4.1),cpp,Wrong Answer,60,1024,373,
s672556617,p02791,u410825686,1579470690,Go,Go (1.6),go,Runtime Error,4,640,649,
s196551096,p02791,u027675217,1579470684,Python,Python (3.4.3),py,Runtime Error,67,24744,125,
s647741085,p02791,u660106942,1579470676,Python,PyPy3 (2.4.0),py,Wrong Answer,2034,45788,295,
s966161919,p02791,u610798793,1579470652,C#,C# (Mono 4.6.2.0),cs,Accepted,116,35676,14917,
s575698138,p02791,u670942818,1579470639,Python,Python (3.4.3),py,Accepted,115,24744,163,
s307588246,p02791,u756030237,1579470639,Python,Python (3.4.3),py,Time Limit Exceeded,2104,24744,216,
s168109296,p02791,u979078704,1579470620,C++,C++14 (GCC 5.4.1),cpp,Wrong Answer,65,1024,372,
s153777480,p02791,u982471399,1579470596,Python,Python (3.4.3),py,Runtime Error,65,24744,142,
s843966289,p02791,u729133443,1579470595,Python,Python (3.4.3),py,Accepted,91,17020,76,
s942271442,p02791,u950129527,1579470565,Python,PyPy3 (2.4.0),py,Wrong Answer,244,75344,158,
s744924189,p02791,u645787471,1579470564,Ruby,Ruby (2.3.3),rb,Accepted,97,15236,147,
s460864730,p02791,u894521144,1579470563,Python,Python (3.4.3),py,Time Limit Exceeded,2108,24744,177,
s330182921,p02791,u370657821,1579470562,Python,Python (3.4.3),py,Accepted,239,34128,152,
s535501916,p02791,u891504219,1579470562,Python,Python (3.4.3),py,Accepted,75,23572,307,
s862874532,p02791,u040016087,1579470554,Python,Python (3.4.3),py,Time Limit Exceeded,2104,24744,135,
s037672528,p02791,u985598176,1579470553,C++,C++14 (GCC 5.4.1),cpp,Time Limit Exceeded,2103,1792,471,
s099949984,p02791,u152391261,1579470552,Python,Python (3.4.3),py,Accepted,125,25768,165,
s173753777,p02791,u928888261,1579470551,Python,PyPy3 (2.4.0),py,Time Limit Exceeded,2111,136808,155,
s080658121,p02791,u374517193,1579470542,Python,Python (3.4.3),py,Time Limit Exceeded,2109,34124,181,
s062333967,p02791,u686878489,1579470539,C,C (GCC 5.4.1),c,Accepted,23,896,313,
s895242397,p02791,u780147002,1579470535,Python,Python (3.4.3),py,Time Limit Exceeded,2104,24744,192,
s765624496,p02791,u743561048,1579470533,C++,C++14 (GCC 5.4.1),cpp,Accepted,77,256,243,
s536490992,p02791,u903148768,1579470530,C++,C++14 (GCC 5.4.1),cpp,Accepted,81,256,233,
s123705028,p02791,u891504219,1579470528,Python,Python (3.4.3),py,Wrong Answer,92,24436,325,
s490745529,p02791,u645787471,1579470526,Ruby,Ruby (2.3.3),rb,Accepted,103,15236,158,
s418765910,p02791,u699089116,1579470525,Python,PyPy3 (2.4.0),py,Time Limit Exceeded,2111,137024,206,
s609006590,p02791,u982749462,1579470522,Python,Python (3.4.3),py,Wrong Answer,2104,18564,268,
s364617937,p02791,u956322200,1579470512,Java,Java8 (OpenJDK 1.8.0),java,Wrong Answer,548,76192,516,
s156731797,p02791,u894521144,1579470504,Python,Python (3.4.3),py,Time Limit Exceeded,2109,34056,217,
s001521780,p02791,u031151469,1579470503,Python,Python (3.4.3),py,Accepted,112,24744,213,
s655098861,p02791,u758145613,1579470499,C++,C++14 (GCC 5.4.1),cpp,Time Limit Exceeded,2103,1792,332,
s780353834,p02791,u950129527,1579470496,Python,PyPy3 (2.4.0),py,Wrong Answer,254,75344,158,
s655961961,p02791,u521975232,1579470490,C++,C++14 (GCC 5.4.1),cpp,Accepted,67,1024,261,
s069083808,p02791,u485931543,1579470484,C++,C++14 (GCC 5.4.1),cpp,Accepted,77,1024,329,
s537923674,p02791,u027675217,1579470476,Python,Python (3.4.3),py,Wrong Answer,107,24744,130,
s950511855,p02791,u721508245,1579470473,Ruby,Ruby (2.3.3),rb,Accepted,107,16516,181,
s881998175,p02791,u032223772,1579470471,Perl,Perl (v5.18.2),pl,Accepted,756,41636,34,
s914523766,p02791,u982471399,1579470463,Python,Python (3.4.3),py,Wrong Answer,53,17780,111,
s031754256,p02791,u645787471,1579470460,Ruby,Ruby (2.3.3),rb,Runtime Error,86,15236,157,
s447410253,p02791,u605443479,1579470455,Go,Go (1.6),go,Runtime Error,3,768,1074,
s823759852,p02791,u602198348,1579470449,C++,C++14 (GCC 5.4.1),cpp,Time Limit Exceeded,2103,3444,476,
s893422782,p02791,u568763892,1579470433,Go,Go (1.6),go,Accepted,46,11776,775,
s068868081,p02791,u994034374,1579470428,Python,Python (3.4.3),py,Accepted,322,34128,205,
s391759053,p02791,u196675341,1579470426,Python,Python (3.4.3),py,Accepted,107,24744,200,
s241811398,p02791,u234826697,1579470423,Java,Java8 (OpenJDK 1.8.0),java,Accepted,159,24532,6619,
s866391422,p02791,u273928723,1579470422,Python,Python (3.4.3),py,Time Limit Exceeded,2104,24744,181,
s598362493,p02791,u645787471,1579470421,Ruby,Ruby (2.3.3),rb,Runtime Error,90,15236,151,
s427120900,p02791,u018990794,1579470415,Python,Python (3.4.3),py,Accepted,95,24744,164,
s662964314,p02791,u014847113,1579470408,C++,C++14 (GCC 5.4.1),cpp,Accepted,78,256,375,
s499056180,p02791,u291080309,1579470407,C#,C# (Mono 4.6.2.0),cs,Wrong Answer,2109,29444,816,
s553959879,p02791,u425317134,1579470407,Lisp,Common Lisp (SBCL 1.1.14),l,Accepted,415,61928,303,
s146109658,p02791,u645787471,1579470399,Ruby,Ruby (2.3.3),rb,Runtime Error,88,15260,152,
s797266485,p02791,u273928723,1579470399,Python,Python (3.4.3),py,Wrong Answer,2104,24744,181,
s197870323,p02791,u906481659,1579470385,Python,Python (3.4.3),py,Accepted,124,24744,169,
s381420874,p02791,u532585581,1579470385,Java,Java8 (OpenJDK 1.8.0),java,Accepted,565,63600,560,
s613616392,p02791,u620626180,1579470384,C++,C++14 (GCC 5.4.1),cpp,Accepted,77,1024,324,
s207267106,p02791,u003475507,1579470378,Python,Python (3.4.3),py,Time Limit Exceeded,2105,24744,262,
s548968390,p02791,u653737129,1579470374,Ruby,Ruby (2.3.3),rb,Accepted,106,16948,167,
s794239869,p02791,u018990794,1579470362,Python,Python (3.4.3),py,Wrong Answer,101,24744,160,
s318603959,p02791,u988661952,1579470360,Python,Python (3.4.3),py,Time Limit Exceeded,2105,24744,133,
s375498556,p02791,u956322200,1579470358,Java,Java8 (OpenJDK 1.8.0),java,Wrong Answer,547,65228,516,
s978405137,p02791,u437368899,1579470354,Ruby,Ruby (2.3.3),rb,Accepted,104,15236,150,
s316115868,p02791,u894521144,1579470354,Python,Python (3.4.3),py,Time Limit Exceeded,2109,34120,215,
s701887569,p02791,u132927540,1579470350,C++,C++14 (GCC 5.4.1),cpp,Accepted,66,2168,1518,
s327989953,p02791,u982749462,1579470341,Python,Python (3.4.3),py,Wrong Answer,2104,23936,294,
s684209870,p02791,u744314647,1579470328,C++,C++14 (GCC 5.4.1),cpp,Accepted,29,1024,1199,
s849357202,p02791,u981931040,1579470328,Python,Python (3.4.3),py,Accepted,113,24744,159,
s611173085,p02791,u273928723,1579470327,Python,Python (3.4.3),py,Runtime Error,17,3060,136,
s030130102,p02791,u589457506,1579470321,C++,C++14 (Clang 3.8.0),cpp,Time Limit Exceeded,2103,1328,490,
s594441765,p02791,u288861745,1579470315,Ruby,Ruby (2.3.3),rb,Time Limit Exceeded,2108,18588,217,
s270015630,p02791,u315354220,1579470311,Python,PyPy3 (2.4.0),py,Accepted,240,75632,178,
s999633479,p02791,u988661952,1579470311,Python,Python (3.4.3),py,Time Limit Exceeded,2108,34156,165,
s698934053,p02791,u291080309,1579470311,C#,C# (Mono 4.6.2.0),cs,Time Limit Exceeded,2109,33668,1037,
s945896900,p02791,u602198348,1579470309,C++,C++14 (GCC 5.4.1),cpp,Time Limit Exceeded,2103,2420,462,
s394052115,p02791,u729133443,1579470308,Python,Python (3.4.3),py,Accepted,134,17808,76,
s140361495,p02791,u702018889,1579470300,Python,Python (3.4.3),py,Accepted,173,25984,834,
s729185926,p02791,u225084815,1579470283,Python,PyPy3 (2.4.0),py,Accepted,256,75344,160,
s579929342,p02791,u744314647,1579470281,C++,C++14 (GCC 5.4.1),cpp,Runtime Error,100,256,1199,
s908984965,p02791,u209513216,1579470279,C++,C++14 (GCC 5.4.1),cpp,Accepted,21,1664,269,
s931288874,p02791,u077643536,1579470276,C,C (GCC 5.4.1),c,Accepted,22,896,347,
s496819966,p02791,u686878489,1579470274,C,C (GCC 5.4.1),c,Wrong Answer,22,896,302,
s173987771,p02791,u464205401,1579470273,Python,Python (3.4.3),py,Time Limit Exceeded,2134,493764,227,
s455566291,p02791,u699089116,1579470266,Python,PyPy3 (2.4.0),py,Time Limit Exceeded,2111,136992,202,
s474266340,p02791,u563518571,1579470257,C++,C++14 (GCC 5.4.1),cpp,Accepted,77,1024,422,
s816486240,p02791,u729133443,1579470240,Python,PyPy3 (2.4.0),py,Accepted,241,65904,88,
s289467190,p02791,u043150661,1579470237,Kotlin,Kotlin (1.0.0),kt,Accepted,672,82932,537,
s253822493,p02791,u894521144,1579470233,Python,Python (3.4.3),py,Runtime Error,17,2940,214,
s750939084,p02791,u277312083,1579470232,Python,Python (3.4.3),py,Accepted,137,24744,141,
s380267397,p02791,u082978753,1579470225,Python,PyPy3 (2.4.0),py,Runtime Error,173,38384,154,
s962506136,p02791,u606146341,1579470203,Python,Python (3.4.3),py,Accepted,104,24744,146,
s861590597,p02791,u134238756,1579470189,Python,Python (3.4.3),py,Accepted,107,24744,169,
s043927339,p02791,u702649603,1579470182,C++,C++14 (GCC 5.4.1),cpp,Time Limit Exceeded,2103,1792,401,
s917406740,p02791,u981332890,1579470181,Python,Python (3.4.3),py,Accepted,213,34120,307,
s106606475,p02791,u425317134,1579470174,Lisp,Common Lisp (SBCL 1.1.14),l,Wrong Answer,411,61800,299,
s794574561,p02791,u050093804,1579470172,C,C (Clang 3.8.0),c,Time Limit Exceeded,2108,8448,889,
s993883789,p02791,u981332890,1579470170,Python,Python (3.4.3),py,Wrong Answer,214,34128,305,
s194159194,p02791,u427984570,1579470170,Python,Python (3.4.3),py,Accepted,115,24744,165,
s756797773,p02791,u689844566,1579470167,C++,C++14 (GCC 5.4.1),cpp,Accepted,60,1024,472,
s041209985,p02791,u357758400,1579470166,Python,Python (3.4.3),py,Accepted,89,24744,176,
s080958890,p02791,u032223772,1579470166,Bash,Bash (GNU bash v4.3.11),sh,Accepted,70,732,38,
s405396314,p02791,u370657821,1579470161,Python,Python (3.4.3),py,Time Limit Exceeded,2109,34136,138,
s595546818,p02791,u686878489,1579470159,C,C (GCC 5.4.1),c,Wrong Answer,22,896,302,
s001736597,p02791,u606146341,1579470155,Python,Python (3.4.3),py,Wrong Answer,398,24744,167,
s286373698,p02791,u308463793,1579470155,C++,C++14 (GCC 5.4.1),cpp,Accepted,60,1024,336,
s032915504,p02791,u018990794,1579470153,Python,Python (3.4.3),py,Runtime Error,67,24744,159,
s284070474,p02791,u461513098,1579470145,Python,Python (3.4.3),py,Time Limit Exceeded,2104,25768,192,
s642023385,p02791,u891504219,1579470141,Python,Python (3.4.3),py,Accepted,76,26012,257,
s844015125,p02791,u803684095,1579470124,C++,C++14 (GCC 5.4.1),cpp,Wrong Answer,588,1152,313,
s567831729,p02791,u832039789,1579470116,Perl,Perl (v5.18.2),pl,Accepted,604,41656,38,
s326666556,p02791,u275488634,1579470115,C++,C++14 (GCC 5.4.1),cpp,Time Limit Exceeded,2103,1152,471,
s569243953,p02791,u702649603,1579470111,C++,C++14 (GCC 5.4.1),cpp,Compile Error,,,401,
s270879496,p02791,u013936801,1579470109,C++,C++14 (GCC 5.4.1),cpp,Accepted,62,1792,462,
s716355680,p02791,u985598176,1579470106,C++,C++14 (GCC 5.4.1),cpp,Wrong Answer,2103,1792,416,
s122347161,p02791,u196675341,1579470104,Python,Python (3.4.3),py,Time Limit Exceeded,2104,24744,183,
s072775178,p02791,u354805691,1579470102,C++,C++14 (GCC 5.4.1),cpp,Accepted,79,1024,253,
s049720391,p02791,u049420296,1579470101,C++,C++14 (GCC 5.4.1),cpp,Accepted,19,1024,1262,
s803416203,p02791,u050093804,1579470088,C,C (Clang 3.8.0),c,Compile Error,,,895,
s774110187,p02791,u301600230,1579470067,C,C (GCC 5.4.1),c,Accepted,23,1664,408,
s544685735,p02791,u291080309,1579470055,C#,C# (Mono 4.6.2.0),cs,Wrong Answer,2109,31324,1121,
s093158582,p02791,u374501720,1579470051,Python,Python (3.4.3),py,Accepted,114,24744,163,
s658856496,p02791,u443655986,1579470050,Python,Python (3.4.3),py,Accepted,148,24744,179,
s216259723,p02791,u225084815,1579470049,Python,PyPy3 (2.4.0),py,Wrong Answer,251,75472,164,
s601660568,p02791,u181644161,1579470038,Python,Python (3.4.3),py,Time Limit Exceeded,2108,24744,179,
s852286617,p02791,u792195263,1579470037,Python,Python (3.4.3),py,Accepted,91,24744,155,
s895140720,p02791,u702649603,1579470035,C++,C++14 (GCC 5.4.1),cpp,Compile Error,,,388,
s562273251,p02791,u357758400,1579470030,Python,Python (3.4.3),py,Wrong Answer,93,24744,172,
s707358024,p02791,u891504219,1579470029,Python,Python (3.4.3),py,Runtime Error,17,3060,255,
s511130524,p02791,u275488634,1579470028,C++,C++14 (GCC 5.4.1),cpp,Time Limit Exceeded,2103,1024,447,
s041030459,p02791,u267823595,1579470020,C++,C++14 (GCC 5.4.1),cpp,Accepted,28,1792,531,
s645052179,p02791,u273928723,1579470019,Python,Python (3.4.3),py,Accepted,118,25768,151,
s315674955,p02791,u906922312,1579470019,Java,Java8 (OpenJDK 1.8.0),java,Wrong Answer,582,85332,810,
s208638443,p02791,u503080601,1579470017,C++,C++14 (GCC 5.4.1),cpp,Time Limit Exceeded,2103,1024,590,
s319669308,p02791,u268540362,1579470017,Clojure,Clojure (1.8.0),clj,Wrong Answer,2115,180956,201,
s407680527,p02791,u716314620,1579470014,C++,C++14 (GCC 5.4.1),cpp,Accepted,77,1024,952,
s986472928,p02791,u301087276,1579470009,Go,Go (1.6),go,Time Limit Exceeded,2108,7040,416,
s481131727,p02791,u618531621,1579470002,PHP,PHP7 (7.0.15),php,Time Limit Exceeded,2104,18932,292,
s447052607,p02791,u267823595,1579469999,C++,C++14 (GCC 5.4.1),cpp,Accepted,28,1792,531,
s597766520,p02791,u728303437,1579469992,Python,Python (3.4.3),py,Accepted,163,24744,165,
s777887947,p02791,u057954075,1579469991,C++,C++14 (GCC 5.4.1),cpp,Time Limit Exceeded,2103,11120,4474,
s212061992,p02791,u941563849,1579469985,Haskell,Haskell (GHC 7.10.3),hs,Accepted,881,38268,305,
s765403210,p02791,u891504219,1579469980,Python,Python (3.4.3),py,Accepted,95,24744,170,
s804657473,p02791,u437368899,1579469969,Ruby,Ruby (2.3.3),rb,Time Limit Exceeded,2108,18324,127,
s849237412,p02791,u784022244,1579469967,Python,Python (3.4.3),py,Accepted,112,24744,134,
s547888603,p02791,u100405125,1579469966,Java,Java8 (OpenJDK 1.8.0),java,Accepted,115,22540,4148,
s208865370,p02791,u945712367,1579469955,C++,C++14 (GCC 5.4.1),cpp,Runtime Error,114,256,479,
s934579216,p02791,u850393463,1579469951,TypeScript,TypeScript (2.1.6),ts,Accepted,118,34784,263,
s661910448,p02791,u468440139,1579469950,C++,C++14 (GCC 5.4.1),cpp,Accepted,77,1024,378,
s905280500,p02791,u780147002,1579469948,Python,Python (3.4.3),py,Time Limit Exceeded,2104,24744,439,
s624456429,p02791,u937745164,1579469947,Python,Python (3.4.3),py,Accepted,201,27304,366,
s490444756,p02791,u315354220,1579469945,Python,PyPy3 (2.4.0),py,Time Limit Exceeded,2111,137984,229,
s015801142,p02791,u007263493,1579469942,Python,Python (3.4.3),py,Accepted,93,24744,139,
s605401582,p02791,u140480594,1579469940,Python,Python (3.4.3),py,Accepted,100,24744,138,
s390409956,p02791,u288861745,1579469938,Ruby,Ruby (2.3.3),rb,Time Limit Exceeded,2108,18588,182,
s572132483,p02791,u894521144,1579469936,Python,Python (3.4.3),py,Runtime Error,211,34136,313,
s976513709,p02791,u018990794,1579469925,Python,Python (3.4.3),py,Time Limit Exceeded,2104,24744,160,
s070888148,p02791,u256247307,1579469923,C++,C++14 (GCC 5.4.1),cpp,Accepted,19,1792,1996,
s139430504,p02791,u894521144,1579469913,Python,Python (3.4.3),py,Runtime Error,213,34136,314,
s959742722,p02791,u663438907,1579469909,Python,PyPy3 (2.4.0),py,Time Limit Exceeded,2108,75472,165,
s661329034,p02791,u425317134,1579469906,Lisp,Common Lisp (SBCL 1.1.14),l,Runtime Error,461,62052,289,
s332592675,p02791,u068177169,1579469898,Go,Go (1.6),go,Accepted,973,5888,291,
s853824373,p02791,u910623605,1579469896,C++,C++14 (GCC 5.4.1),cpp,Accepted,60,1024,571,
s633939768,p02791,u702018889,1579469883,Python,Python (3.4.3),py,Time Limit Exceeded,2105,25676,855,
s689543140,p02791,u946424121,1579469880,Python,Python (3.4.3),py,Accepted,89,24756,151,
s780066153,p02791,u822029894,1579469876,Scala,Scala (2.11.7),scala,Accepted,893,80872,330,
s557424735,p02791,u655135177,1579469872,Python,Python (3.4.3),py,Wrong Answer,2108,17940,149,
s385769364,p02791,u409688075,1579469869,C++,C++14 (GCC 5.4.1),cpp,Time Limit Exceeded,2103,1024,384,
s664975575,p02791,u512895485,1579469866,Python,Python (3.4.3),py,Time Limit Exceeded,2104,24744,123,
s199468544,p02791,u218740431,1579469865,Java,Java8 (OpenJDK 1.8.0),java,Accepted,579,64988,496,
s843482903,p02791,u362031378,1579469862,JavaScript,JavaScript (node.js v5.12),js,Accepted,99,35384,925,
s067218019,p02791,u182774725,1579469859,C++,C++14 (GCC 5.4.1),cpp,Accepted,62,1024,295,
s534431016,p02791,u903005414,1579469853,Python,Python (3.4.3),py,Accepted,102,24944,140,
s056267751,p02791,u173515518,1579469847,Ruby,Ruby (2.3.3),rb,Accepted,104,16516,187,
s098837060,p02791,u688771157,1579469842,C++,C++14 (GCC 5.4.1),cpp,Accepted,66,1792,316,
s831372005,p02791,u499512304,1579469840,Java,Java8 (OpenJDK 1.8.0),java,Time Limit Exceeded,2109,65396,681,
s952606581,p02791,u374501720,1579469839,Python,Python (3.4.3),py,Time Limit Exceeded,2104,24744,186,
s656342784,p02791,u460070747,1579469827,Python,Python (3.4.3),py,Accepted,95,24744,162,
s234228014,p02791,u685019390,1579469826,Java,Java8 (OpenJDK 1.8.0),java,Time Limit Exceeded,2109,57120,779,
s863252843,p02791,u425317134,1579469821,Lisp,Common Lisp (SBCL 1.1.14),l,Runtime Error,410,62052,353,
s716885795,p02791,u057954075,1579469820,C++,C++14 (GCC 5.4.1),cpp,Time Limit Exceeded,2103,11248,4462,
s483855450,p02791,u894521144,1579469811,Python,Python (3.4.3),py,Runtime Error,219,34120,292,
s601406945,p02791,u986861353,1579469810,Python,Python (3.4.3),py,Time Limit Exceeded,2104,24744,221,
s368628485,p02791,u074488832,1579469802,C++,C++14 (GCC 5.4.1),cpp,Accepted,61,1152,402,
s030579023,p02791,u045235021,1579469802,Python,Python (3.4.3),py,Wrong Answer,2105,46836,456,
s807308421,p02791,u425317134,1579469800,Lisp,Common Lisp (SBCL 1.1.14),l,Runtime Error,440,61928,369,
s044953232,p02791,u620868411,1579469791,Python,PyPy3 (2.4.0),py,Accepted,261,85456,232,
s826921204,p02791,u268540362,1579469789,Clojure,Clojure (1.8.0),clj,Wrong Answer,2111,182852,226,
s461163259,p02791,u552847961,1579469780,C++,C++14 (GCC 5.4.1),cpp,Accepted,61,1792,591,
s991859728,p02791,u784022244,1579469776,Python,Python (3.4.3),py,Accepted,129,24744,174,
s795895125,p02791,u578647703,1579469774,Python,Python (3.4.3),py,Time Limit Exceeded,2104,26248,206,
s188209346,p02791,u179703950,1579469760,PHP,PHP7 (7.0.15),php,Time Limit Exceeded,2104,18936,386,
s964256990,p02791,u140191608,1579469739,Python,Python (3.4.3),py,Wrong Answer,112,24744,152,
s362184305,p02791,u067166809,1579469735,C++,C++14 (GCC 5.4.1),cpp,Wrong Answer,78,1024,312,
s699024774,p02791,u018990794,1579469730,Python,Python (3.4.3),py,Wrong Answer,2104,24744,169,
s183006672,p02791,u370657821,1579469720,Python,Python (3.4.3),py,Time Limit Exceeded,2104,24744,116,
s167431782,p02791,u701558509,1579469712,C++,C++14 (GCC 5.4.1),cpp,Accepted,62,3328,3300,
s283332077,p02791,u098679988,1579469694,Python,PyPy3 (2.4.0),py,Time Limit Exceeded,2112,138264,202,
s545231846,p02791,u268540362,1579469681,Clojure,Clojure (1.8.0),clj,Wrong Answer,2111,178356,210,
s659967500,p02791,u722993830,1579469676,C++,C++14 (GCC 5.4.1),cpp,Time Limit Exceeded,2103,1024,421,
s211082254,p02791,u993310962,1579469676,Python,Python (3.4.3),py,Accepted,136,26012,173,
s539907401,p02791,u702649603,1579469666,C++,C++14 (GCC 5.4.1),cpp,Runtime Error,2103,256,399,
s640076410,p02791,u098679988,1579469660,Python,PyPy3 (2.4.0),py,Wrong Answer,2111,187984,214,
s241298926,p02791,u858254309,1579469656,Python,Python (3.4.3),py,Time Limit Exceeded,2105,24744,336,
s097189968,p02791,u859396346,1579469651,C++,C++14 (GCC 5.4.1),cpp,Accepted,18,1792,2220,
s216980701,p02791,u652275736,1579469649,Python,Python (3.4.3),py,Time Limit Exceeded,2104,24744,375,
s361586195,p02791,u722993830,1579469642,C++,C++14 (GCC 5.4.1),cpp,Compile Error,,,421,
s006433010,p02791,u132927540,1579469641,C++,C++14 (GCC 5.4.1),cpp,Time Limit Exceeded,2103,2936,1075,
s588499998,p02791,u894521144,1579469636,Python,Python (3.4.3),py,Runtime Error,1811,34164,272,
s251392989,p02791,u217530935,1579469632,Python,Python (3.4.3),py,Accepted,113,24744,232,
s358986269,p02791,u423405217,1579469619,C++,C++14 (GCC 5.4.1),cpp,Time Limit Exceeded,2103,1024,457,
s399803926,p02791,u702649603,1579469613,C++,C++14 (GCC 5.4.1),cpp,Compile Error,,,399,
s608581248,p02791,u070246438,1579469611,Python,Python (3.4.3),py,Runtime Error,197,34156,295,
s590822921,p02791,u057954075,1579469611,C++,C++14 (GCC 5.4.1),cpp,Time Limit Exceeded,2103,11120,4462,
s018732478,p02791,u039864635,1579469606,Python,Python (3.4.3),py,Time Limit Exceeded,2104,24744,142,
s847809994,p02791,u880930934,1579469605,Python,Python (3.4.3),py,Time Limit Exceeded,2105,27996,336,
s490978462,p02791,u435270303,1579469604,C++,C++14 (GCC 5.4.1),cpp,Accepted,60,1024,352,
s218128436,p02791,u315078622,1579469597,Python,Python (3.4.3),py,Accepted,1331,37484,1112,
s914393212,p02791,u451748673,1579469590,C++,C++14 (GCC 5.4.1),cpp,Accepted,18,256,1229,
s957956401,p02791,u272166576,1579469586,C++,C++14 (GCC 5.4.1),cpp,Accepted,22,1792,839,
s777306685,p02791,u666394517,1579469583,C++,C++14 (GCC 5.4.1),cpp,Accepted,70,5492,1019,
s502239750,p02791,u792195263,1579469581,Python,Python (3.4.3),py,Time Limit Exceeded,2108,24744,123,
s408747198,p02791,u950129527,1579469579,Python,PyPy3 (2.4.0),py,Wrong Answer,266,76496,132,
s139602579,p02791,u881816188,1579469573,Python,Python (3.4.3),py,Runtime Error,225,24744,163,
s870382480,p02791,u850393463,1579469572,TypeScript,TypeScript (2.1.6),ts,Time Limit Exceeded,2109,55888,314,
s719584576,p02791,u895971408,1579469563,C++,C++14 (GCC 5.4.1),cpp,Accepted,18,1792,1361,
s396401825,p02791,u405483159,1579469558,Python,Python (3.4.3),py,Runtime Error,2104,145152,176,
s633384792,p02791,u685019390,1579469555,Java,Java8 (OpenJDK 1.8.0),java,Wrong Answer,479,58200,668,
s146731869,p02791,u185939596,1579469544,C++,C++14 (GCC 5.4.1),cpp,Wrong Answer,77,1024,350,
s174858757,p02791,u423405217,1579469539,C++,C++14 (GCC 5.4.1),cpp,Wrong Answer,77,1024,302,
s856182836,p02791,u031151469,1579469532,Python,Python (3.4.3),py,Time Limit Exceeded,2104,24744,544,
s352592585,p02791,u444238096,1579469529,Python,Python (3.4.3),py,Time Limit Exceeded,2104,24744,198,
s973458136,p02791,u702649603,1579469523,C++,C++14 (GCC 5.4.1),cpp,Compile Error,,,369,
s717466559,p02791,u098679988,1579469520,Python,Python (3.4.3),py,Time Limit Exceeded,2104,24744,163,
s900140350,p02791,u423405217,1579469502,C++,C++14 (GCC 5.4.1),cpp,Runtime Error,106,256,300,
s332895948,p02791,u984643753,1579469501,C++,C++14 (GCC 5.4.1),cpp,Accepted,60,1024,375,
s784005771,p02791,u573564324,1579469497,C++,C++14 (GCC 5.4.1),cpp,Time Limit Exceeded,2103,1024,708,
s764904683,p02791,u894521144,1579469491,Python,Python (3.4.3),py,Runtime Error,211,34164,269,
s320939936,p02791,u098679988,1579469486,Python,Python (3.4.3),py,Runtime Error,2104,146052,176,
s244465852,p02791,u031151469,1579469477,Python,Python (3.4.3),py,Wrong Answer,2104,24744,540,
s104459773,p02791,u763380276,1579469469,Python,Python (3.4.3),py,Time Limit Exceeded,2109,34120,220,
s954563751,p02791,u456633003,1579469466,C++,C++14 (GCC 5.4.1),cpp,Accepted,76,256,300,
s508226618,p02791,u201382544,1579469464,Java,Java8 (OpenJDK 1.8.0),java,Compile Error,,,975,
s225440141,p02791,u043263787,1579469462,Java,Java8 (OpenJDK 1.8.0),java,Accepted,219,49620,815,
s105755129,p02791,u392376796,1579469459,Java,Java8 (OpenJDK 1.8.0),java,Wrong Answer,613,90356,542,
s477222185,p02791,u763380276,1579469457,Python,Python (3.4.3),py,Wrong Answer,2109,34084,232,
s454699984,p02791,u185939596,1579469457,C++,C++14 (GCC 5.4.1),cpp,Compile Error,,,301,
s786842081,p02791,u972842193,1579469447,C++,C++14 (GCC 5.4.1),cpp,Accepted,60,1024,305,
s444217201,p02791,u880930934,1579469446,Python,Python (3.4.3),py,Time Limit Exceeded,2105,26012,303,
s626845331,p02791,u974558800,1579469428,C#,C# (Mono 4.6.2.0),cs,Time Limit Exceeded,2108,33116,7408,
s557858385,p02791,u573564324,1579469427,C++,C++14 (GCC 5.4.1),cpp,Wrong Answer,61,1024,705,
s728629596,p02791,u031151469,1579469426,Python,Python (3.4.3),py,Runtime Error,17,2940,540,
s351808705,p02791,u549278479,1579469422,Python,Python (3.4.3),py,Wrong Answer,2104,25716,292,
s460398890,p02791,u578647703,1579469418,Python,Python (3.4.3),py,Time Limit Exceeded,2104,25256,217,
s589254412,p02791,u986861353,1579469417,Python,Python (3.4.3),py,Wrong Answer,2104,24744,301,
s909922622,p02791,u279835114,1579469415,JavaScript,JavaScript (node.js v5.12),js,Wrong Answer,2175,1098576,61855,
s692978606,p02791,u958210291,1579469414,Python,Python (3.4.3),py,Wrong Answer,2105,26968,549,
s698894889,p02791,u287535922,1579469409,C++,C++14 (GCC 5.4.1),cpp,Wrong Answer,77,1024,259,
s131984352,p02791,u697559326,1579469407,Python,Python (3.4.3),py,Time Limit Exceeded,2104,24744,211,
s128113194,p02791,u573564324,1579469405,C++,C++14 (GCC 5.4.1),cpp,Wrong Answer,69,1024,703,
s923634070,p02791,u027990935,1579469400,C++,C++14 (GCC 5.4.1),cpp,Wrong Answer,78,256,279,
s585001722,p02791,u018990794,1579469400,Python,Python (3.4.3),py,Time Limit Exceeded,2109,34140,225,
s890628562,p02791,u521975232,1579469399,C++,C++14 (GCC 5.4.1),cpp,Wrong Answer,2103,1024,398,
s739354304,p02791,u179703950,1579469399,PHP,PHP7 (7.0.15),php,Wrong Answer,2104,18936,427,
s400974817,p02791,u050093804,1579469399,C,C (Clang 3.8.0),c,Wrong Answer,2104,8448,884,
s140711038,p02791,u516513783,1579469398,C++,C++14 (GCC 5.4.1),cpp,Accepted,18,1024,513,
s756532677,p02791,u875011503,1579469398,C++,C++14 (GCC 5.4.1),cpp,Wrong Answer,475,5376,393,
s827783741,p02791,u140480594,1579469398,Python,Python (3.4.3),py,Wrong Answer,100,24744,158,
s310817730,p02791,u362031378,1579469398,JavaScript,JavaScript (node.js v5.12),js,Runtime Error,50,11340,924,
s150429530,p02791,u984643753,1579469397,C++,C++14 (GCC 5.4.1),cpp,Compile Error,,,375,
s400528473,p02791,u070233493,1579469397,Python,Python (3.4.3),py,Accepted,343,19040,439,
s445927893,p02791,u942393279,1579469397,C++,C++14 (GCC 5.4.1),cpp,Runtime Error,146,1408,709,
s779325538,p02791,u303163217,1579469395,C++,C++14 (GCC 5.4.1),cpp,Wrong Answer,79,2816,503,
s296602014,p02791,u917066681,1579469395,C++,C++14 (GCC 5.4.1),cpp,Time Limit Exceeded,2107,1792,599,
s500518019,p02791,u415334360,1579469395,PHP,PHP7 (7.0.15),php,Wrong Answer,2104,18936,1117,
s039895218,p02791,u098679988,1579469395,Python,Python (3.4.3),py,Wrong Answer,2104,24744,163,
s455467799,p02791,u272166576,1579469394,C++,C++14 (GCC 5.4.1),cpp,Wrong Answer,21,1792,1660,
s573421392,p02791,u419963262,1579469394,Python,Python (3.4.3),py,Time Limit Exceeded,2104,24744,151,
s758866147,p02791,u601575292,1579469392,Python,Python (3.4.3),py,Time Limit Exceeded,2109,34164,170,
s879312431,p02791,u503080601,1579469391,C++,C++14 (GCC 5.4.1),cpp,Wrong Answer,2103,1024,591,
s072186843,p02791,u166806719,1579469390,C++,C++14 (GCC 5.4.1),cpp,Time Limit Exceeded,2103,1024,379,
s553865741,p02791,u670942818,1579469389,Python,Python (3.4.3),py,Time Limit Exceeded,2104,24744,353,
s572404322,p02791,u152391261,1579469389,Python,Python (3.4.3),py,Wrong Answer,2104,25768,238,
s035281195,p02791,u974558800,1579469388,C#,C# (Mono 4.6.2.0),cs,Compile Error,,,7405,
s366680004,p02791,u391066416,1579469388,Python,Python (3.4.3),py,Accepted,127,24744,123,
s094336731,p02791,u313316244,1579469388,C++,C++14 (GCC 5.4.1),cpp,Compile Error,,,457,
s432906809,p02791,u078982327,1579469387,Python,Python (3.4.3),py,Time Limit Exceeded,2104,24744,178,
s642447414,p02791,u636157062,1579469387,Python,Python (3.4.3),py,Time Limit Exceeded,2108,25768,312,
s792517598,p02791,u184008372,1579469386,C,C (GCC 5.4.1),c,Time Limit Exceeded,2103,896,444,
s577664726,p02791,u478132434,1579469385,Python,Python (3.4.3),py,Wrong Answer,118,24744,295,
s367296505,p02791,u606146341,1579469384,Python,PyPy3 (2.4.0),py,Runtime Error,178,38736,173,
s391558489,p02791,u187058053,1579469384,Python,Python (3.4.3),py,Time Limit Exceeded,2104,24744,137,
s556755813,p02791,u031151469,1579469383,Python,Python (3.4.3),py,Runtime Error,17,2940,540,
s331401777,p02791,u040340090,1579469383,Python,Python (3.4.3),py,Time Limit Exceeded,2104,24872,267,
s561792569,p02791,u956322200,1579469382,Java,Java8 (OpenJDK 1.8.0),java,Time Limit Exceeded,2109,66356,582,
s736434727,p02791,u297398560,1579469382,C++,C++14 (GCC 5.4.1),cpp,Wrong Answer,2103,1024,346,
s421926564,p02791,u364076769,1579469381,C++,C++14 (GCC 5.4.1),cpp,Accepted,79,2560,430,
s896692115,p02791,u579699847,1579469380,Python,Python (3.4.3),py,Time Limit Exceeded,2104,24744,221,
s511257469,p02791,u634079249,1579469378,JavaScript,JavaScript (node.js v5.12),js,Time Limit Exceeded,2109,38352,423,
s518673266,p02791,u065774356,1579469377,Python,Python (3.4.3),py,Wrong Answer,2104,24744,216,
s368368497,p02791,u761187876,1579469377,C++,C++14 (GCC 5.4.1),cpp,Wrong Answer,2103,21760,441,
s209052184,p02791,u410825686,1579469376,Go,Go (1.6),go,Runtime Error,4,640,553,
s473496463,p02791,u155422258,1579469375,C++,C++14 (GCC 5.4.1),cpp,Accepted,77,1024,317,
s838690563,p02791,u357758400,1579469374,Python,Python (3.4.3),py,Time Limit Exceeded,2104,24744,150,
s719577671,p02791,u896847891,1579469373,C++,C++14 (GCC 5.4.1),cpp,Wrong Answer,2103,1024,288,
s626100708,p02791,u674120728,1579469373,C++,C++14 (GCC 5.4.1),cpp,Time Limit Exceeded,2103,2048,447,
s392733802,p02791,u767995501,1579469372,C++,C++14 (GCC 5.4.1),cpp,Wrong Answer,63,1792,328,
s376968914,p02791,u015593272,1579469372,Python,Python (3.4.3),py,Time Limit Exceeded,2104,24744,337,
s753697376,p02791,u430040410,1579469372,C++,C++14 (GCC 5.4.1),cpp,Runtime Error,137,640,415,
s582927435,p02791,u858254309,1579469372,Python,Python (3.4.3),py,Wrong Answer,140,26012,363,
s111230144,p02791,u959628874,1579469369,Java,Java8 (OpenJDK 1.8.0),java,Wrong Answer,2110,295032,911,
s863525878,p02791,u832039789,1579469368,Perl,Perl (v5.18.2),pl,Wrong Answer,744,41648,37,
s374393245,p02791,u317709209,1579469366,C++,C++14 (GCC 5.4.1),cpp,Wrong Answer,18,256,762,
s984161564,p02791,u222136646,1579469366,Python,Python (3.4.3),py,Wrong Answer,2105,26968,290,
s990287985,p02791,u410305445,1579469366,C++,C++14 (GCC 5.4.1),cpp,Wrong Answer,2103,1024,444,
s093965521,p02791,u031115006,1579469364,Python,Python (3.4.3),py,Wrong Answer,2104,24744,292,
s584943426,p02791,u655135177,1579469364,Python,Python (3.4.3),py,Wrong Answer,2104,18824,255,
s009939131,p02791,u702639609,1579469362,C++,C++14 (GCC 5.4.1),cpp,Accepted,60,1792,414,
s552493602,p02791,u328559740,1579469362,C++,C++14 (GCC 5.4.1),cpp,Wrong Answer,2103,1024,289,
s034102497,p02791,u042425771,1579469362,PHP,PHP (5.6.30),php,Wrong Answer,175,39684,283,
s252092858,p02791,u802712220,1579469358,C++,C++14 (GCC 5.4.1),cpp,Wrong Answer,26,1908,1638,
s761983200,p02791,u685019390,1579469358,Java,Java8 (OpenJDK 1.8.0),java,Runtime Error,489,60836,669,
s264389521,p02791,u039864635,1579469356,Python,Python (3.4.3),py,Time Limit Exceeded,2104,25828,144,
s128889012,p02791,u866342323,1579469355,C++,C++14 (GCC 5.4.1),cpp,Wrong Answer,60,1468,338,
s672880375,p02791,u681323954,1579469354,C++,C++14 (GCC 5.4.1),cpp,Wrong Answer,2103,512,295,
s404266550,p02791,u798369921,1579469354,C++,C++14 (GCC 5.4.1),cpp,Wrong Answer,2103,1024,291,
s736684952,p02791,u702018889,1579469353,Python,Python (3.4.3),py,Time Limit Exceeded,2105,27872,809,
s538142757,p02791,u986861353,1579469353,Python,Python (3.4.3),py,Wrong Answer,2104,24744,282,
s846095560,p02791,u786768376,1579469353,Java,Java8 (OpenJDK 1.8.0),java,Time Limit Exceeded,2109,66840,611,
s339864732,p02791,u903005414,1579469353,Python,Python (3.4.3),py,Wrong Answer,2108,34128,234,
s183641744,p02791,u277312083,1579469353,Python,Python (3.4.3),py,Wrong Answer,113,24872,172,
s753966489,p02791,u515328251,1579469352,C++,C++14 (GCC 5.4.1),cpp,Accepted,27,2936,2543,
s664204972,p02791,u328008034,1579469352,C++,C++14 (GCC 5.4.1),cpp,Wrong Answer,2103,1024,660,
s922039407,p02791,u464205401,1579469351,Python,Python (3.4.3),py,Time Limit Exceeded,2137,507736,304,
s199581879,p02791,u323522006,1579469349,C++,C++14 (GCC 5.4.1),cpp,Time Limit Exceeded,2103,1400,877,
s743950002,p02791,u482912118,1579469347,C++,C++14 (GCC 5.4.1),cpp,Time Limit Exceeded,2103,1908,813,
s395137175,p02791,u012110567,1579469346,Ruby,Ruby (2.3.3),rb,Time Limit Exceeded,2109,21276,250,
s982116586,p02791,u602620094,1579469346,C++,C++14 (GCC 5.4.1),cpp,Wrong Answer,2103,1400,451,
s991881296,p02791,u601575292,1579469345,Python,Python (3.4.3),py,Runtime Error,198,34144,153,
s555792396,p02791,u243994971,1579469342,Python,Python (3.4.3),py,Wrong Answer,18,3180,73,
s188173703,p02791,u413139122,1579469342,C,C (GCC 5.4.1),c,Wrong Answer,2103,896,448,
s485851826,p02791,u686878489,1579469341,C,C (GCC 5.4.1),c,Wrong Answer,2103,896,412,
s440053443,p02791,u912231591,1579469341,Python,Python (3.4.3),py,Wrong Answer,2104,25768,256,
s006155886,p02791,u370657821,1579469340,Python,Python (3.4.3),py,Runtime Error,2104,24744,290,
s475757488,p02791,u042425771,1579469338,PHP,PHP (5.6.30),php,Wrong Answer,163,39940,282,
s393961038,p02791,u767995501,1579469337,C++,C++14 (GCC 5.4.1),cpp,Wrong Answer,60,1792,328,
s225661898,p02791,u585819925,1579469336,Ruby,Ruby (2.3.3),rb,Wrong Answer,2111,58404,173,
s372461095,p02791,u286211947,1579469334,C++,C++14 (GCC 5.4.1),cpp,Wrong Answer,2103,1024,298,
s816679079,p02791,u636157062,1579469334,Python,Python (3.4.3),py,Time Limit Exceeded,2104,24744,441,
s770298402,p02791,u864329440,1579469332,C++,C++14 (GCC 5.4.1),cpp,Accepted,76,256,506,
s803417690,p02791,u761720628,1579469331,Python,Python (3.4.3),py,Runtime Error,152,12500,307,
s769813423,p02791,u044251893,1579469331,Python,PyPy3 (2.4.0),py,Accepted,263,86580,291,
s786203061,p02791,u391066416,1579469328,Python,Python (3.4.3),py,Wrong Answer,129,24744,121,
s883313056,p02791,u988661952,1579469328,Python,Python (3.4.3),py,Wrong Answer,128,24920,210,
s507958907,p02791,u027208253,1579469326,C++,C++14 (GCC 5.4.1),cpp,Time Limit Exceeded,2103,1024,599,
s429936800,p02791,u875600867,1579469324,Python,Python (3.4.3),py,Wrong Answer,2104,3064,792,
s490482765,p02791,u258325541,1579469323,Python,Python (3.4.3),py,Wrong Answer,106,24744,238,
s033477218,p02791,u215065194,1579469322,Python,Python (3.4.3),py,Wrong Answer,114,24744,131,
s563548922,p02791,u270220186,1579469321,C++,C++14 (GCC 5.4.1),cpp,Time Limit Exceeded,2103,1024,717,
s116305632,p02791,u393754572,1579469320,C++,C++14 (GCC 5.4.1),cpp,Accepted,66,1792,822,
s237127245,p02791,u419471591,1579469319,C,C (GCC 5.4.1),c,Time Limit Exceeded,2103,896,389,
s686642275,p02791,u018890850,1579469317,C++,C++14 (GCC 5.4.1),cpp,Wrong Answer,2103,1024,296,
s261165467,p02791,u822029894,1579469317,Scala,Scala (2.11.7),scala,Runtime Error,868,70564,476,
s887914987,p02791,u202727309,1579469316,Python,Python (3.4.3),py,Time Limit Exceeded,2109,34116,164,
s336460747,p02791,u902453631,1579469315,Python,Python (3.4.3),py,Accepted,111,24744,215,
s064291918,p02791,u281494025,1579469314,Python,Python (3.4.3),py,Time Limit Exceeded,2104,26012,255,
s228394694,p02791,u328559740,1579469312,C++,C++14 (GCC 5.4.1),cpp,Compile Error,,,289,
s111618113,p02791,u636565374,1579469311,C,C (GCC 5.4.1),c,Time Limit Exceeded,2103,1664,581,
s119211065,p02791,u141968173,1579469311,C++,C++14 (GCC 5.4.1),cpp,Accepted,59,256,476,
s164708775,p02791,u960250266,1579469310,Python,Python (3.4.3),py,Wrong Answer,114,25768,209,
s923135183,p02791,u112364985,1579469310,Python,Python (3.4.3),py,Time Limit Exceeded,2104,24872,160,
s438434796,p02791,u529106146,1579469306,Python,Python (3.4.3),py,Accepted,110,24744,152,
s850220742,p02791,u166277273,1579469303,C++,C++14 (GCC 5.4.1),cpp,Wrong Answer,5,1792,5078,
s981431058,p02791,u906127875,1579469300,C++,C++14 (GCC 5.4.1),cpp,Accepted,164,10496,1861,
s839813548,p02791,u376710949,1579469294,Python,Python (3.4.3),py,Time Limit Exceeded,2104,24744,136,
s240917174,p02791,u414458988,1579469293,Python,PyPy3 (2.4.0),py,Accepted,244,70876,880,
s272343761,p02791,u078914287,1579469293,C++,C++14 (Clang 3.8.0),cpp,Accepted,166,1792,1032,
s442218863,p02791,u761720628,1579469292,Python,Python (3.4.3),py,Runtime Error,282,21140,308,
s708015049,p02791,u624379665,1579469292,C++,C++14 (GCC 5.4.1),cpp,Accepted,76,256,484,
s675762942,p02791,u532022710,1579469291,Python,PyPy3 (2.4.0),py,Time Limit Exceeded,2112,137020,172,
s309625499,p02791,u670942818,1579469290,Python,Python (3.4.3),py,Runtime Error,2104,26012,364,
s801338950,p02791,u410825686,1579469288,Go,Go (1.6),go,Runtime Error,24,2176,555,
s788284449,p02791,u196675341,1579469288,Python,Python (3.4.3),py,Time Limit Exceeded,2104,24744,380,
s452930801,p02791,u236468356,1579469287,C++,C++14 (GCC 5.4.1),cpp,Wrong Answer,33,1664,438,
s531951393,p02791,u424410618,1579469287,Java,Java8 (OpenJDK 1.8.0),java,Wrong Answer,600,85276,565,
s421781219,p02791,u067166809,1579469284,C++,C++14 (GCC 5.4.1),cpp,Wrong Answer,2103,1024,883,
s156508999,p02791,u415334360,1579469283,PHP,PHP7 (7.0.15),php,Wrong Answer,2104,18936,1116,
s818079126,p02791,u425317134,1579469280,Lisp,Common Lisp (SBCL 1.1.14),l,Time Limit Exceeded,2124,68668,888,
s605770074,p02791,u699089116,1579469280,Python,PyPy3 (2.4.0),py,Runtime Error,169,38256,183,
s254106736,p02791,u482912118,1579469279,C++,C++14 (GCC 5.4.1),cpp,Time Limit Exceeded,2107,1908,787,
s685649143,p02791,u102242691,1579469279,Python,Python (3.4.3),py,Runtime Error,2104,24744,182,
s301219966,p02791,u042425771,1579469278,PHP,PHP (5.6.30),php,Wrong Answer,163,39812,281,
s755019862,p02791,u405483159,1579469277,Python,Python (3.4.3),py,Wrong Answer,2104,25116,151,
s499507670,p02791,u512315557,1579469275,Python,Python (3.4.3),py,Wrong Answer,132,24744,157,
s053055581,p02791,u956322200,1579469273,Java,Java8 (OpenJDK 1.8.0),java,Time Limit Exceeded,2109,84276,570,
s393220558,p02791,u993310962,1579469273,Python,Python (3.4.3),py,Time Limit Exceeded,2104,26012,212,
s119386300,p02791,u224993839,1579469273,Python,Python (3.4.3),py,Wrong Answer,208,24744,140,
s945529733,p02791,u516638473,1579469272,Python,PyPy3 (2.4.0),py,Accepted,247,75472,194,
s204267170,p02791,u486205579,1579469270,JavaScript,JavaScript (node.js v5.12),js,Time Limit Exceeded,2109,24132,500,
s018892865,p02791,u443655986,1579469264,Python,Python (3.4.3),py,Time Limit Exceeded,2105,24744,218,
s467468529,p02791,u875600867,1579469262,Python,Python (3.4.3),py,Wrong Answer,382,3064,872,
s154413950,p02791,u027990935,1579469262,C++,C++14 (GCC 5.4.1),cpp,Wrong Answer,78,256,351,
s611962310,p02791,u750673980,1579469262,C++,C++14 (Clang 3.8.0),cpp,Time Limit Exceeded,2103,1024,365,
s603970287,p02791,u906922312,1579469260,Java,Java8 (OpenJDK 1.8.0),java,Time Limit Exceeded,2109,64824,727,
s129882849,p02791,u798725937,1579469259,Python,Python (3.4.3),py,Wrong Answer,2104,24744,212,
s767318559,p02791,u871570232,1579469258,C++,C++14 (GCC 5.4.1),cpp,Accepted,77,1024,339,
s338061249,p02791,u015593272,1579469257,Python,Python (3.4.3),py,Time Limit Exceeded,2104,24744,286,
s439394295,p02791,u391066416,1579469255,Python,Python (3.4.3),py,Wrong Answer,126,24744,120,
s889633673,p02791,u706330549,1579469253,Python,Python (3.4.3),py,Time Limit Exceeded,2104,24744,286,
s516082101,p02791,u636157062,1579469252,Python,Python (3.4.3),py,Wrong Answer,2104,25768,433,
s309314802,p02791,u349056386,1579469249,C++,C++14 (GCC 5.4.1),cpp,Wrong Answer,2107,1024,385,
s492740332,p02791,u295948126,1579469248,C++,C++14 (GCC 5.4.1),cpp,Wrong Answer,2104,10368,885,
s902898674,p02791,u973991908,1579469248,C++,C++14 (GCC 5.4.1),cpp,Accepted,19,1792,864,
s032375731,p02791,u906922312,1579469242,Java,Java8 (OpenJDK 1.8.0),java,Compile Error,,,729,
s978864156,p02791,u249296633,1579469237,Python,Python (3.4.3),py,Time Limit Exceeded,2104,24744,265,
s924456235,p02791,u550708243,1579469237,Python,Python (3.4.3),py,Wrong Answer,114,24744,209,
s104579018,p02791,u228118733,1579469236,C++,C++14 (GCC 5.4.1),cpp,Wrong Answer,79,1792,324,
s078394412,p02791,u083858683,1579469236,PHP,PHP (5.6.30),php,Wrong Answer,9,3576,168,
s589408330,p02791,u168377597,1579469236,PHP,PHP7 (7.0.15),php,Accepted,48,16888,319,
s808713156,p02791,u381751428,1579469233,C,C (GCC 5.4.1),c,Compile Error,,,376,
s749410673,p02791,u254066052,1579469231,Python,Python (3.4.3),py,Wrong Answer,142,26012,396,
s830854474,p02791,u676458682,1579469227,Python,Python (3.4.3),py,Time Limit Exceeded,2104,24872,167,
s920519775,p02791,u606146341,1579469222,Python,PyPy3 (2.4.0),py,Wrong Answer,2107,76112,244,
s759256131,p02791,u410825686,1579469222,Go,Go (1.6),go,Runtime Error,3,640,552,
s765565766,p02791,u308463793,1579469221,C++,C++14 (GCC 5.4.1),cpp,Time Limit Exceeded,2103,1152,573,
s523663051,p02791,u237057875,1579469221,Lisp,Common Lisp (SBCL 1.1.14),l,Accepted,408,59752,350,
s475996990,p02791,u767995501,1579469220,C++,C++14 (GCC 5.4.1),cpp,Wrong Answer,66,1792,328,
s051060557,p02791,u549278479,1579469220,Python,Python (3.4.3),py,Time Limit Exceeded,2104,24744,336,
s669544713,p02791,u098679988,1579469220,Python,Python (3.4.3),py,Time Limit Exceeded,2104,24744,174,
s297597500,p02791,u717912549,1579469219,C++,C++14 (GCC 5.4.1),cpp,Time Limit Exceeded,2103,1024,242,
s589295019,p02791,u259402176,1579469218,C++,C++14 (GCC 5.4.1),cpp,Wrong Answer,66,1024,330,
s374049000,p02791,u425317134,1579469213,Lisp,Common Lisp (SBCL 1.1.14),l,Wrong Answer,485,62524,970,
s412450749,p02791,u270015690,1579469212,Ruby,Ruby (2.3.3),rb,Time Limit Exceeded,2108,17296,217,
s254949807,p02791,u184008372,1579469211,C,C (GCC 5.4.1),c,Time Limit Exceeded,2103,896,426,
s111624809,p02791,u020862560,1579469210,C,C (GCC 5.4.1),c,Accepted,23,2816,333,
s949763157,p02791,u031115006,1579469208,Python,Python (3.4.3),py,Wrong Answer,2104,25716,291,
s024653658,p02791,u077643536,1579469208,C,C (GCC 5.4.1),c,Wrong Answer,22,896,390,
s389667991,p02791,u693945629,1579469206,Python,Python (3.4.3),py,Accepted,216,27048,232,
s800489904,p02791,u062324064,1579469204,C++,C++14 (GCC 5.4.1),cpp,Accepted,60,1792,1061,
s085247905,p02791,u101839330,1579469202,Python,Python (3.4.3),py,Time Limit Exceeded,2104,24744,157,
s913629021,p02791,u851558026,1579469202,C++,C++14 (GCC 5.4.1),cpp,Time Limit Exceeded,2103,1024,571,
s631140749,p02791,u988044014,1579469199,Visual Basic,Visual Basic (Mono 4.0.1),vb,Accepted,1088,35292,599,
s604250965,p02791,u208726465,1579469197,C++,C++14 (GCC 5.4.1),cpp,Accepted,78,1024,2065,
s649049381,p02791,u875600867,1579469196,Python,Python (3.4.3),py,Wrong Answer,385,3064,856,
s994178163,p02791,u728580929,1579469196,C,C (GCC 5.4.1),c,Accepted,22,896,247,
s097561070,p02791,u084327817,1579469195,Python,Python (3.4.3),py,Time Limit Exceeded,2104,24744,207,
s246817681,p02791,u177274511,1579469195,JavaScript,JavaScript (node.js v5.12),js,Time Limit Exceeded,2109,24132,482,
s928003803,p02791,u032223772,1579469193,Bash,Bash (GNU bash v4.3.11),sh,Wrong Answer,72,736,38,
s954790881,p02791,u677364348,1579469192,C++,C++14 (GCC 5.4.1),cpp,Wrong Answer,67,1024,402,
s400635967,p02791,u636011245,1579469191,C++,C++14 (GCC 5.4.1),cpp,Time Limit Exceeded,2103,1024,421,
s010679600,p02791,u747220349,1579469189,Python,Python (3.4.3),py,Time Limit Exceeded,2104,24744,160,
s909179486,p02791,u875600867,1579469189,Python,Python (3.4.3),py,Wrong Answer,642,4880,855,
s081846040,p02791,u243994971,1579469186,Python,Python (3.4.3),py,Runtime Error,140,10164,153,
s733889994,p02791,u423405217,1579469185,C++,C++14 (GCC 5.4.1),cpp,Runtime Error,105,256,464,
s057725401,p02791,u958210291,1579469185,Python,Python (3.4.3),py,Runtime Error,18,3064,555,
s421602748,p02791,u763380276,1579469181,Python,Python (3.4.3),py,Wrong Answer,2109,34128,221,
s746126686,p02791,u866498800,1579469179,Haskell,Haskell (GHC 7.10.3),hs,Time Limit Exceeded,2109,94588,333,
s958881993,p02791,u392376796,1579469179,Java,Java8 (OpenJDK 1.8.0),java,Wrong Answer,609,67904,543,
s746839693,p02791,u516513783,1579469176,C++,C++14 (GCC 5.4.1),cpp,Time Limit Exceeded,2103,1024,526,
s682431555,p02791,u168377597,1579469171,PHP,PHP7 (7.0.15),php,Wrong Answer,50,16888,306,
s904316124,p02791,u291080309,1579469170,C#,C# (Mono 4.6.2.0),cs,Time Limit Exceeded,2108,31492,492,
s885206583,p02791,u786071074,1579469169,C++,C++14 (GCC 5.4.1),cpp,Wrong Answer,2103,1024,400,
s604319760,p02791,u959988824,1579469167,C++,C++14 (GCC 5.4.1),cpp,Accepted,79,1024,328,
s311871664,p02791,u881816188,1579469167,Python,Python (3.4.3),py,Time Limit Exceeded,2104,24744,178,
s314155982,p02791,u215065194,1579469166,Python,Python (3.4.3),py,Wrong Answer,111,24744,174,
s103800844,p02791,u166277273,1579469164,C++,C++14 (GCC 5.4.1),cpp,Accepted,18,1024,2844,
s170058926,p02791,u697715013,1579469164,C,C (GCC 5.4.1),c,Wrong Answer,2103,896,289,
s594087429,p02791,u241159583,1579469162,Python,Python (3.4.3),py,Wrong Answer,2104,24744,301,
s037549699,p02791,u602620094,1579469161,C++,C++14 (GCC 5.4.1),cpp,Wrong Answer,2107,1400,462,
s588644471,p02791,u281494025,1579469160,Python,Python (3.4.3),py,Time Limit Exceeded,2104,24744,206,
s020855517,p02791,u037221091,1579469157,C++,C++14 (GCC 5.4.1),cpp,Wrong Answer,2103,1792,523,
s506459729,p02791,u798557584,1579469157,Python,Python (3.4.3),py,Wrong Answer,108,24744,180,
s574721055,p02791,u628965061,1579469156,Python,Python (3.4.3),py,Wrong Answer,2104,24744,161,
s996365454,p02791,u512315557,1579469155,Python,Python (3.4.3),py,Wrong Answer,135,24744,152,
s645169491,p02791,u906117132,1579469152,Python,Python (3.4.3),py,Wrong Answer,117,25768,129,
s504050382,p02791,u521635219,1579469150,C++,C++14 (GCC 5.4.1),cpp,Wrong Answer,78,1024,369,
s380453137,p02791,u771577506,1579469150,Python,Python (3.4.3),py,Accepted,151,24744,189,
s943707403,p02791,u478132434,1579469148,Python,Python (3.4.3),py,Wrong Answer,119,26012,239,
s075651298,p02791,u328008034,1579469142,C++,C++14 (GCC 5.4.1),cpp,Wrong Answer,2103,1024,666,
s362301942,p02791,u029021990,1579469142,Python,Python (3.4.3),py,Accepted,143,26012,265,
s697672159,p02791,u377933349,1579469142,Rust,Rust (1.15.1),rs,Accepted,14,6396,528,
s804273676,p02791,u677364348,1579469140,C++,C++14 (GCC 5.4.1),cpp,Wrong Answer,60,1152,407,
s942731470,p02791,u902453631,1579469140,Python,Python (3.4.3),py,Time Limit Exceeded,2104,25716,389,
s185261037,p02791,u891504219,1579469137,Python,PyPy3 (2.4.0),py,Wrong Answer,2110,135628,276,
s940652265,p02791,u687727068,1579469134,C,C (GCC 5.4.1),c,Accepted,22,896,246,
s012712755,p02791,u456633003,1579469132,C++,C++14 (GCC 5.4.1),cpp,Wrong Answer,78,256,299,
s166049253,p02791,u944637843,1579469131,Python,Python (3.4.3),py,Time Limit Exceeded,2104,24744,108,
s265628697,p02791,u288861745,1579469126,Ruby,Ruby (2.3.3),rb,Time Limit Exceeded,2108,18564,270,
s942361840,p02791,u782245640,1579469124,C++,C++14 (GCC 5.4.1),cpp,Wrong Answer,27,1024,627,
s763250592,p02791,u620626180,1579469122,C++,C++14 (GCC 5.4.1),cpp,Time Limit Exceeded,2103,1024,494,
s284256918,p02791,u958210291,1579469119,Python,Python (3.4.3),py,Runtime Error,17,3064,565,
s024050736,p02791,u964944000,1579469116,C++,C++14 (GCC 5.4.1),cpp,Accepted,78,1024,271,
s070589059,p02791,u043263787,1579469116,Java,Java8 (OpenJDK 1.8.0),java,Time Limit Exceeded,2109,50872,869,
s943004932,p02791,u419471591,1579469114,C,C (GCC 5.4.1),c,Time Limit Exceeded,2103,896,401,
s093139091,p02791,u561824818,1579469114,C++,C++14 (GCC 5.4.1),cpp,Accepted,77,256,359,
s580589629,p02791,u409757418,1579469113,Python,Python (3.4.3),py,Accepted,125,24744,156,
s520430816,p02791,u166277273,1579469112,C++,C++14 (GCC 5.4.1),cpp,Compile Error,,,2843,
s671553207,p02791,u390411253,1579469107,C++,C++14 (GCC 5.4.1),cpp,Accepted,61,1024,604,
s767577701,p02791,u410825686,1579469106,Go,Go (1.6),go,Time Limit Exceeded,2108,9236,527,
s096388538,p02791,u955454747,1579469104,C++,C++14 (GCC 5.4.1),cpp,Accepted,18,1792,440,
s051040672,p02791,u447157799,1579469104,C++,C++14 (GCC 5.4.1),cpp,Runtime Error,100,1792,1501,
s811686656,p02791,u375974699,1579469101,C#,C# (Mono 4.6.2.0),cs,Time Limit Exceeded,2109,35468,2504,
s411285364,p02791,u747220349,1579469101,Python,Python (3.4.3),py,Runtime Error,20,6492,151,
s793196162,p02791,u279835114,1579469100,JavaScript,JavaScript (node.js v5.12),js,Wrong Answer,2111,475344,61856,
s993888362,p02791,u923112423,1579469098,Java,Java8 (OpenJDK 1.8.0),java,Wrong Answer,595,70496,2609,
s579149892,p02791,u012110567,1579469097,Ruby,Ruby (2.3.3),rb,Time Limit Exceeded,2109,21252,297,
s206063503,p02791,u685629265,1579469094,C,C (GCC 5.4.1),c,Time Limit Exceeded,2103,896,333,
s837035294,p02791,u423405217,1579469090,C++,C++14 (GCC 5.4.1),cpp,Runtime Error,114,256,429,
s512050393,p02791,u425317134,1579469090,Lisp,Common Lisp (SBCL 1.1.14),l,Wrong Answer,428,59752,508,
s792897345,p02791,u652275736,1579469089,Python,Python (3.4.3),py,Time Limit Exceeded,2104,24872,263,
s778240120,p02791,u286211947,1579469088,C++,C++14 (GCC 5.4.1),cpp,Compile Error,,,299,
s551516865,p02791,u208726465,1579469087,C++,C++14 (GCC 5.4.1),cpp,Wrong Answer,78,1024,2066,
s191065563,p02791,u851558026,1579469087,C++,C++14 (GCC 5.4.1),cpp,Time Limit Exceeded,2103,1024,423,
s184321660,p02791,u040340090,1579469086,Python,Python (3.4.3),py,Time Limit Exceeded,2104,24744,285,
s318237468,p02791,u182774725,1579469080,C++,C++14 (GCC 5.4.1),cpp,Time Limit Exceeded,2103,1024,386,
s203016166,p02791,u112364985,1579469078,Python,PyPy3 (2.4.0),py,Time Limit Exceeded,2112,138236,160,
s163501242,p02791,u085746830,1579469067,C++,C++14 (GCC 5.4.1),cpp,Wrong Answer,61,1792,522,
s557639378,p02791,u254066052,1579469067,Python,Python (3.4.3),py,Wrong Answer,148,25768,363,
s956464874,p02791,u202837714,1579469065,C++,C++14 (GCC 5.4.1),cpp,Runtime Error,101,256,279,
s412404481,p02791,u088221425,1579469063,Ruby,Ruby (2.3.3),rb,Wrong Answer,109,15236,159,
s084025499,p02791,u966065309,1579469060,C++,C++14 (GCC 5.4.1),cpp,Time Limit Exceeded,2103,1024,499,
s173028562,p02791,u196675341,1579469059,Python,Python (3.4.3),py,Wrong Answer,2105,25716,385,
s553017636,p02791,u679820235,1579469059,C,C (GCC 5.4.1),c,Accepted,22,896,282,
s001568762,p02791,u425317134,1579469057,Lisp,Common Lisp (SBCL 1.1.14),l,Runtime Error,67,8160,505,
s224530135,p02791,u952669998,1579469055,Python,Python (3.4.3),py,Time Limit Exceeded,2104,24744,144,
s074958737,p02791,u850393463,1579469052,TypeScript,TypeScript (2.1.6),ts,Wrong Answer,2109,57636,289,
s328596215,p02791,u030983611,1579469050,C,C (GCC 5.4.1),c,Wrong Answer,1,128,406,
s975549562,p02791,u819437615,1579469047,C,C (GCC 5.4.1),c,Time Limit Exceeded,2103,896,389,
s037464513,p02791,u670942818,1579469046,Python,Python (3.4.3),py,Runtime Error,2104,24744,321,
s782143608,p02791,u028146604,1579469046,C++,C++14 (GCC 5.4.1),cpp,Time Limit Exceeded,2103,3440,1184,
s565058861,p02791,u602620094,1579469042,C++,C++14 (GCC 5.4.1),cpp,Wrong Answer,2103,1400,458,
s763403318,p02791,u032422971,1579469040,Python,Python (3.4.3),py,Wrong Answer,2104,24744,172,
s096200807,p02791,u039241365,1579469038,C++,C++14 (GCC 5.4.1),cpp,Wrong Answer,2103,1024,443,
s002764512,p02791,u798557584,1579469036,Python,PyPy3 (2.4.0),py,Wrong Answer,249,75472,237,
s101813008,p02791,u027990935,1579469035,C++,C++14 (GCC 5.4.1),cpp,Wrong Answer,2103,768,438,
s960128959,p02791,u594889056,1579469034,C++,C++14 (GCC 5.4.1),cpp,Accepted,27,1792,1026,
s275316906,p02791,u002023395,1579469034,C++,C++14 (GCC 5.4.1),cpp,Accepted,77,256,326,
s629888139,p02791,u568763892,1579469032,Go,Go (1.6),go,Time Limit Exceeded,2108,13312,805,
s105283456,p02791,u332657092,1579469030,Python,PyPy3 (2.4.0),py,Accepted,263,75472,184,
s255397558,p02791,u410825686,1579469026,Go,Go (1.6),go,Time Limit Exceeded,2112,9236,542,
s684665107,p02791,u072959714,1579469026,C++,C++14 (GCC 5.4.1),cpp,Accepted,67,1024,371,
s531861805,p02791,u302519819,1579469026,C,C (GCC 5.4.1),c,Accepted,21,1664,327,
s940132460,p02791,u067147461,1579469025,C++,C++14 (GCC 5.4.1),cpp,Wrong Answer,2103,256,347,
s045949658,p02791,u031151469,1579469024,Python,Python (3.4.3),py,Time Limit Exceeded,2104,24744,473,
s687508979,p02791,u039864635,1579469022,Python,Python (3.4.3),py,Time Limit Exceeded,2108,25768,156,
s966566416,p02791,u728467704,1579469020,C#,C# (Mono 4.6.2.0),cs,Accepted,121,33500,739,
s550882355,p02791,u301087276,1579469019,Go,Go (1.6),go,Time Limit Exceeded,2104,6784,461,
s747514590,p02791,u624379665,1579469016,C++,C++14 (GCC 5.4.1),cpp,Time Limit Exceeded,2103,1024,521,
s758183486,p02791,u027208253,1579469014,C++,C++14 (GCC 5.4.1),cpp,Time Limit Exceeded,2103,1024,569,
s017627464,p02791,u521635219,1579469013,C++,C++14 (GCC 5.4.1),cpp,Wrong Answer,2103,1024,372,
s981446871,p02791,u507237474,1579469013,Python,Python (3.4.3),py,Wrong Answer,2104,24744,172,
s742856017,p02791,u308421893,1579469013,C++,C++14 (GCC 5.4.1),cpp,Accepted,60,1024,749,
s519411361,p02791,u427984570,1579469013,Python,Python (3.4.3),py,Time Limit Exceeded,2104,24744,148,
s787119228,p02791,u796708718,1579469013,Python,Python (3.4.3),py,Wrong Answer,256,17940,214,
s188319399,p02791,u834467361,1579469012,Java,Java8 (OpenJDK 1.8.0),java,Accepted,600,87480,831,
s787937574,p02791,u031115006,1579469009,Python,Python (3.4.3),py,Wrong Answer,2104,25716,292,
s426879569,p02791,u196675341,1579469009,Python,Python (3.4.3),py,Runtime Error,17,3064,393,
s035315367,p02791,u317709209,1579469004,C++,C++14 (GCC 5.4.1),cpp,Wrong Answer,18,256,761,
s013637290,p02791,u944033453,1579469003,C++,C++14 (GCC 5.4.1),cpp,Time Limit Exceeded,2103,1024,442,
s735410328,p02791,u072633671,1579469003,C++,C++14 (GCC 5.4.1),cpp,Time Limit Exceeded,2103,1024,723,
s856552614,p02791,u568453908,1579469002,C++,C++14 (GCC 5.4.1),cpp,Runtime Error,138,640,687,
s844756950,p02791,u045620580,1579469002,C++,C++14 (GCC 5.4.1),cpp,Accepted,61,1024,340,
s177350533,p02791,u077643536,1579469001,C,C (GCC 5.4.1),c,Wrong Answer,22,896,389,
s423087861,p02791,u923112423,1579469001,Java,Java8 (OpenJDK 1.8.0),java,Wrong Answer,585,69604,2416,
s293522810,p02791,u032223772,1579469001,Bash,Bash (GNU bash v4.3.11),sh,Wrong Answer,71,852,38,
s399785151,p02791,u405975963,1579469000,C++,C++14 (GCC 5.4.1),cpp,Accepted,60,1792,328,
s559276098,p02791,u070246438,1579468999,Python,Python (3.4.3),py,Time Limit Exceeded,2108,24744,261,
s552407636,p02791,u084327817,1579468998,Python,Python (3.4.3),py,Time Limit Exceeded,2104,24744,243,
s999667966,p02791,u115102935,1579468998,C++,C++14 (GCC 5.4.1),cpp,Accepted,65,1024,292,
s868517399,p02791,u425317134,1579468997,Lisp,Common Lisp (SBCL 1.1.14),l,Runtime Error,174,17380,528,
s331924469,p02791,u273010357,1579468995,Python,Python (3.4.3),py,Time Limit Exceeded,2104,20348,278,
s725763703,p02791,u018990794,1579468995,Python,Python (3.4.3),py,Time Limit Exceeded,2109,34104,211,
s165987126,p02791,u625729943,1579468987,Python,PyPy3 (2.4.0),py,Time Limit Exceeded,2112,138532,417,
s293295976,p02791,u781381862,1579468985,C++,C++14 (GCC 5.4.1),cpp,Accepted,59,1024,1149,
s768205457,p02791,u581142892,1579468985,C++,C++14 (GCC 5.4.1),cpp,Accepted,77,1024,344,
s027336779,p02791,u811132356,1579468980,Python,Python (3.4.3),py,Accepted,120,24744,190,
s358101313,p02791,u140168076,1579468975,Python,Python (3.4.3),py,Time Limit Exceeded,2104,18728,240,
s089792001,p02791,u068177169,1579468974,Go,Go (1.6),go,Time Limit Exceeded,2108,13056,563,
s826495750,p02791,u184008372,1579468973,C,C (GCC 5.4.1),c,Time Limit Exceeded,2103,896,411,
s407321083,p02791,u030983611,1579468972,C,C (GCC 5.4.1),c,Wrong Answer,23,896,408,
s165814587,p02791,u532585581,1579468972,Java,Java8 (OpenJDK 1.8.0),java,Time Limit Exceeded,2109,65080,600,
s125019458,p02791,u372452951,1579468971,C++,C++14 (GCC 5.4.1),cpp,Time Limit Exceeded,2103,1024,555,
s702726950,p02791,u442097733,1579468968,C++,C++14 (GCC 5.4.1),cpp,Wrong Answer,2103,1024,461,
s822034266,p02791,u861886710,1579468968,Python,Python (3.4.3),py,Time Limit Exceeded,2104,24744,182,
s765733158,p02791,u690438113,1579468967,Nim,Nim (0.13.0),nim,Accepted,33,6240,364,
s589314856,p02791,u015593272,1579468963,Python,Python (3.4.3),py,Time Limit Exceeded,2108,34168,241,
s443166916,p02791,u243994971,1579468962,Python,Python (3.4.3),py,Wrong Answer,18,2940,117,
s095465353,p02791,u573564324,1579468960,C++,C++14 (GCC 5.4.1),cpp,Time Limit Exceeded,2103,1024,480,
s145805414,p02791,u636157062,1579468960,Python,Python (3.4.3),py,Time Limit Exceeded,2108,24744,335,
s489371729,p02791,u752008961,1579468959,C#,C# (Mono 4.6.2.0),cs,Accepted,110,34012,2840,
s536267312,p02791,u472197237,1579468958,Python,Python (3.4.3),py,Accepted,77,24744,272,
s358198685,p02791,u702649603,1579468956,C++,C++14 (GCC 5.4.1),cpp,Runtime Error,2103,256,275,
s774931150,p02791,u914046136,1579468953,Python,Python (3.4.3),py,Time Limit Exceeded,2104,24744,166,
s033123084,p02791,u848361297,1579468952,C++,C++14 (GCC 5.4.1),cpp,Wrong Answer,59,1792,367,
s888181592,p02791,u512315557,1579468951,Python,Python (3.4.3),py,Wrong Answer,134,24744,135,
s286370005,p02791,u771577506,1579468951,Python,Python (3.4.3),py,Time Limit Exceeded,2104,25524,142,
s822770836,p02791,u272166576,1579468951,C++,C++14 (GCC 5.4.1),cpp,Time Limit Exceeded,2103,1024,1059,
s044572788,p02791,u750673980,1579468951,C++,C++14 (Clang 3.8.0),cpp,Time Limit Exceeded,2103,1024,350,
s740221513,p02791,u776632505,1579468951,C,C (Clang 3.8.0),c,Accepted,22,128,505,
s766124059,p02791,u112934950,1579468950,C++,C++14 (GCC 5.4.1),cpp,Accepted,79,1024,374,
s173528192,p02791,u181644161,1579468950,Python,Python (3.4.3),py,Time Limit Exceeded,2104,24744,187,
s256521407,p02791,u584083761,1579468948,Python,Python (3.4.3),py,Accepted,140,24744,174,
s503499470,p02791,u252854929,1579468947,Go,Go (1.6),go,Time Limit Exceeded,2107,3584,682,
s696549226,p02791,u691745202,1579468946,PHP,PHP7 (7.0.15),php,Wrong Answer,54,18932,532,
s256150496,p02791,u861886710,1579468944,Python,PyPy3 (2.4.0),py,Time Limit Exceeded,2107,77392,182,
s311623552,p02791,u301600230,1579468939,C,C (GCC 5.4.1),c,Wrong Answer,29,1664,960,
s246999970,p02791,u080096625,1579468938,Java,Java8 (OpenJDK 1.8.0),java,Accepted,574,64900,479,
s147122952,p02791,u486466217,1579468936,Java,Java8 (OpenJDK 1.8.0),java,Accepted,570,87352,549,
s336017740,p02791,u745267317,1579468936,C++,C++14 (GCC 5.4.1),cpp,Compile Error,,,328,
s320050585,p02791,u268128854,1579468936,C++,C++14 (GCC 5.4.1),cpp,Wrong Answer,174,9600,350,
s959912768,p02791,u168377597,1579468934,PHP,PHP7 (7.0.15),php,Wrong Answer,50,16888,329,
s910342051,p02791,u605443479,1579468931,Go,Go (1.6),go,Runtime Error,4,768,1073,
s449410287,p02791,u530786533,1579468929,Python,Python (3.4.3),py,Accepted,122,25768,165,
s300945543,p02791,u168195200,1579468926,C++,C++14 (GCC 5.4.1),cpp,Time Limit Exceeded,2103,1024,322,
s798192966,p02791,u193598069,1579468926,Python,Python (3.4.3),py,Accepted,110,24744,172,
s077894311,p02791,u958460645,1579468922,C++,C++14 (GCC 5.4.1),cpp,Wrong Answer,76,256,265,
s033433583,p02791,u410825686,1579468920,Go,Go (1.6),go,Time Limit Exceeded,2108,8448,571,
s165249581,p02791,u281055657,1579468919,C++,C++14 (GCC 5.4.1),cpp,Wrong Answer,2103,1024,650,
s723894287,p02791,u394420840,1579468919,C++,C++14 (GCC 5.4.1),cpp,Time Limit Exceeded,2103,2420,3642,
s375327414,p02791,u317709209,1579468918,C++,C++14 (GCC 5.4.1),cpp,Wrong Answer,18,256,761,
s707627695,p02791,u032223772,1579468917,Bash,Bash (GNU bash v4.3.11),sh,Accepted,76,1740,39,
s746679907,p02791,u512315557,1579468917,Python,Python (3.4.3),py,Runtime Error,131,24744,136,
s268585163,p02791,u906922312,1579468916,Java,Java8 (OpenJDK 1.8.0),java,Time Limit Exceeded,2109,83556,713,
s388752325,p02791,u686878489,1579468904,C,C (GCC 5.4.1),c,Time Limit Exceeded,2107,896,409,
s932632816,p02791,u822029894,1579468903,Scala,Scala (2.11.7),scala,Runtime Error,874,70576,478,
s934703517,p02791,u993310962,1579468902,Python,Python (3.4.3),py,Time Limit Exceeded,2105,24744,177,
s087137519,p02791,u717912549,1579468888,C++,C++14 (GCC 5.4.1),cpp,Time Limit Exceeded,2103,1024,254,
s871097714,p02791,u102242691,1579468888,Python,PyPy3 (2.4.0),py,Time Limit Exceeded,2112,138360,180,
s818045786,p02791,u188396343,1579468888,Java,Java8 (OpenJDK 1.8.0),java,Time Limit Exceeded,2109,49044,649,
s358178584,p02791,u906922312,1579468887,Java,Java8 (OpenJDK 1.8.0),java,Compile Error,,,715,
s847246706,p02791,u486466217,1579468887,Java,Java8 (OpenJDK 1.8.0),java,Compile Error,,,550,
s675772040,p02791,u521635219,1579468887,C++,C++14 (GCC 5.4.1),cpp,Wrong Answer,2103,1024,321,
s085313008,p02791,u981332890,1579468886,Python,Python (3.4.3),py,Time Limit Exceeded,2108,34112,298,
s685769446,p02791,u964944000,1579468886,C++,C++14 (GCC 5.4.1),cpp,Wrong Answer,79,1024,273,
s858487094,p02791,u258325541,1579468886,Python,Python (3.4.3),py,Time Limit Exceeded,2104,25716,439,
s887389403,p02791,u044251893,1579468884,Python,PyPy3 (2.4.0),py,Time Limit Exceeded,2108,81232,272,
s449284901,p02791,u072959714,1579468883,C++,C++14 (GCC 5.4.1),cpp,Wrong Answer,62,1024,367,
s288500354,p02791,u308463793,1579468881,C++,C++14 (GCC 5.4.1),cpp,Time Limit Exceeded,2103,1024,520,
s241581194,p02791,u228118733,1579468881,C++,C++14 (GCC 5.4.1),cpp,Wrong Answer,77,1792,326,
s114455860,p02791,u634079249,1579468878,JavaScript,JavaScript (node.js v5.12),js,Time Limit Exceeded,2109,34256,428,
s148802924,p02791,u323522006,1579468878,C++,C++14 (GCC 5.4.1),cpp,Time Limit Exceeded,2103,1400,802,
s498456672,p02791,u383713431,1579468877,C++,C++14 (GCC 5.4.1),cpp,Time Limit Exceeded,2103,1024,507,
s710798297,p02791,u798557584,1579468874,Python,PyPy3 (2.4.0),py,Wrong Answer,255,75472,260,
s447473577,p02791,u931297616,1579468874,Python,Python (3.4.3),py,Accepted,126,24744,143,
s880740335,p02791,u486515092,1579468868,Java,Java8 (OpenJDK 1.8.0),java,Time Limit Exceeded,2109,64832,419,
s129335257,p02791,u184008372,1579468867,C++,C++14 (GCC 5.4.1),cpp,Wrong Answer,2103,512,373,
s484974826,p02791,u078982327,1579468863,Python,Python (3.4.3),py,Time Limit Exceeded,2104,24744,162,
s543908356,p02791,u001577246,1579468862,C++,C++14 (GCC 5.4.1),cpp,Wrong Answer,64,2560,1341,
s087203730,p02791,u301087276,1579468861,Go,Go (1.6),go,Runtime Error,963,6784,464,
s389924906,p02791,u259402176,1579468859,C++,C++14 (GCC 5.4.1),cpp,Wrong Answer,62,1024,326,
s917938470,p02791,u702649603,1579468858,C++,C++14 (GCC 5.4.1),cpp,Runtime Error,102,256,270,
s408329305,p02791,u074488832,1579468857,C++,C++14 (GCC 5.4.1),cpp,Runtime Error,97,1024,413,
s221858240,p02791,u127722572,1579468856,C,C (GCC 5.4.1),c,Runtime Error,103,128,277,
s640609170,p02791,u295948126,1579468855,C++,C++14 (GCC 5.4.1),cpp,Time Limit Exceeded,2103,1024,676,
s270276106,p02791,u940139461,1579468852,Python,PyPy3 (2.4.0),py,Accepted,262,75856,239,
s783895099,p02791,u028146604,1579468848,C++,C++14 (GCC 5.4.1),cpp,Time Limit Exceeded,2103,3440,1194,
s020446261,p02791,u548778623,1579468848,C++,C++14 (GCC 5.4.1),cpp,Time Limit Exceeded,2103,1792,700,
s473363418,p02791,u761720628,1579468844,Python,Python (3.4.3),py,Runtime Error,157,12484,306,
s597034959,p02791,u758671789,1579468842,C,C (Clang 3.8.0),c,Time Limit Exceeded,2103,896,422,
s981530859,p02791,u392376796,1579468841,Java,Java8 (OpenJDK 1.8.0),java,Wrong Answer,1475,93456,586,
s985803889,p02791,u140450365,1579468840,C++,C++14 (GCC 5.4.1),cpp,Accepted,18,1792,506,
s208435164,p02791,u524211993,1579468833,C++,C++14 (GCC 5.4.1),cpp,Time Limit Exceeded,2103,1024,313,
s830096103,p02791,u031115006,1579468833,Python,Python (3.4.3),py,Wrong Answer,2104,24744,291,
s121407942,p02791,u270015690,1579468832,Ruby,Ruby (2.3.3),rb,Wrong Answer,2108,15236,240,
s637604935,p02791,u175846462,1579468828,Java,Java8 (OpenJDK 1.8.0),java,Wrong Answer,575,66816,312,
s850548071,p02791,u767995501,1579468826,C++,C++14 (GCC 5.4.1),cpp,Wrong Answer,62,1792,327,
s865564631,p02791,u481134321,1579468823,C++,C++14 (GCC 5.4.1),cpp,Accepted,78,1024,345,
s592941027,p02791,u320211890,1579468822,C++,C++14 (GCC 5.4.1),cpp,Accepted,77,1024,340,
s496540746,p02791,u039241365,1579468820,C++,C++14 (GCC 5.4.1),cpp,Wrong Answer,2103,1024,491,
s124641963,p02791,u835547202,1579468819,C++,C++14 (GCC 5.4.1),cpp,Accepted,19,1908,608,
s355738114,p02791,u796708718,1579468819,Python,Python (3.4.3),py,Runtime Error,35,17780,214,
s461733146,p02791,u346308892,1579468817,Python,Python (3.4.3),py,Accepted,112,24744,197,
s727337359,p02791,u202837714,1579468817,C++,C++14 (GCC 5.4.1),cpp,Wrong Answer,2103,1024,302,
s489162335,p02791,u918963500,1579468813,C++,C++14 (GCC 5.4.1),cpp,Accepted,77,1024,743,
s644295658,p02791,u338931519,1579468811,C++,C++14 (GCC 5.4.1),cpp,Accepted,60,1792,365,
s037511763,p02791,u029587648,1579468811,Go,Go (1.6),go,Time Limit Exceeded,2107,3584,534,
s797849498,p02791,u202400119,1579468810,Python,Python (3.4.3),py,Wrong Answer,2104,26012,310,
s106604783,p02791,u967815373,1579468809,Java,Java8 (OpenJDK 1.8.0),java,Accepted,597,84792,553,
s792720438,p02791,u588558668,1579468809,Python,Python (3.4.3),py,Time Limit Exceeded,2104,24744,261,
s158125909,p02791,u639661783,1579468809,C++,C++14 (GCC 5.4.1),cpp,Accepted,20,128,310,
s673063933,p02791,u981332890,1579468807,Python,PyPy3 (2.4.0),py,Runtime Error,172,38512,298,
s605151291,p02791,u787224158,1579468801,Go,Go (1.6),go,Wrong Answer,2108,4992,512,
s883941344,p02791,u974558800,1579468800,C#,C# (Mono 4.6.2.0),cs,Time Limit Exceeded,2117,33628,7290,
s349994400,p02791,u175846462,1579468796,Java,Java8 (OpenJDK 1.8.0),java,Wrong Answer,586,86848,311,
s684374389,p02791,u375974699,1579468794,C#,C# (Mono 4.6.2.0),cs,Wrong Answer,117,35468,2507,
s252452995,p02791,u634079249,1579468794,JavaScript,JavaScript (node.js v5.12),js,Time Limit Exceeded,2109,34256,419,
s606300372,p02791,u903005414,1579468791,Python,Python (3.4.3),py,Time Limit Exceeded,2104,25716,340,
s671352876,p02791,u078982327,1579468789,Python,Python (3.4.3),py,Runtime Error,18,2940,153,
s740714297,p02791,u281876921,1579468789,C++,C++14 (GCC 5.4.1),cpp,Accepted,66,1024,492,
s566935241,p02791,u568763892,1579468787,Go,Go (1.6),go,Time Limit Exceeded,2112,13824,806,
s152530859,p02791,u516513783,1579468785,C++,C++14 (GCC 5.4.1),cpp,Wrong Answer,19,1024,462,
s965547343,p02791,u139282395,1579468781,Python,Python (3.4.3),py,Accepted,339,20848,438,
s417179491,p02791,u951073166,1579468776,C++,C++14 (GCC 5.4.1),cpp,Wrong Answer,78,256,204,
s075456323,p02791,u906922312,1579468776,Java,Java8 (OpenJDK 1.8.0),java,Time Limit Exceeded,2109,85028,712,
s172349705,p02791,u526971181,1579468775,C++,C++14 (GCC 5.4.1),cpp,Wrong Answer,19,1024,604,
s391540798,p02791,u890563760,1579468773,C++,C++14 (GCC 5.4.1),cpp,Accepted,64,3328,559,
s089128105,p02791,u217862992,1579468772,C++,C++14 (GCC 5.4.1),cpp,Wrong Answer,2103,1024,528,
s618487001,p02791,u101839330,1579468768,Python,PyPy3 (2.4.0),py,Time Limit Exceeded,2107,72428,194,
s995019625,p02791,u568453908,1579468766,C++,C++14 (GCC 5.4.1),cpp,Runtime Error,140,640,689,
s971958779,p02791,u676458682,1579468764,Python,Python (3.4.3),py,Time Limit Exceeded,2104,24744,256,
s960039285,p02791,u697601622,1579468763,Python,Python (3.4.3),py,Wrong Answer,261,17940,346,
s848134207,p02791,u974558800,1579468758,C#,C# (Mono 4.6.2.0),cs,Wrong Answer,2109,34012,7286,
s429134043,p02791,u010870870,1579468756,Python,Python (3.4.3),py,Accepted,121,24744,186,
s596147851,p02791,u085746830,1579468753,C++,C++14 (GCC 5.4.1),cpp,Wrong Answer,61,1792,527,
s199590918,p02791,u155788692,1579468753,C++,C++14 (GCC 5.4.1),cpp,Accepted,19,1792,425,
s617348198,p02791,u798557584,1579468752,Python,PyPy3 (2.4.0),py,Wrong Answer,258,75344,279,
s315269981,p02791,u392376796,1579468746,Java,Java8 (OpenJDK 1.8.0),java,Wrong Answer,590,91760,541,
s998381409,p02791,u237057875,1579468745,Lisp,Common Lisp (SBCL 1.1.14),l,Time Limit Exceeded,2105,59752,353,
s499238748,p02791,u449822557,1579468738,Python,Python (3.4.3),py,Time Limit Exceeded,2104,24744,226,
s413813605,p02791,u027990935,1579468738,C++,C++14 (GCC 5.4.1),cpp,Wrong Answer,2103,1024,420,
s955184458,p02791,u135734526,1579468737,C++,C++14 (GCC 5.4.1),cpp,Accepted,77,1024,284,
s191115484,p02791,u763143338,1579468732,Java,Java8 (OpenJDK 1.8.0),java,Time Limit Exceeded,2109,57128,1200,
s075033026,p02791,u579699847,1579468730,Python,Python (3.4.3),py,Time Limit Exceeded,2104,24744,280,
s241574246,p02791,u291080309,1579468729,C#,C# (Mono 4.6.2.0),cs,Wrong Answer,2108,29444,493,
s979344580,p02791,u139282395,1579468727,Python,Python (2.7.6),py,Runtime Error,20,6528,438,
s436677343,p02791,u706695185,1579468726,Ruby,Ruby (2.3.3),rb,Accepted,103,17284,150,
s124268325,p02791,u295948126,1579468726,C++,C++14 (GCC 5.4.1),cpp,Time Limit Exceeded,2103,1024,665,
s396332532,p02791,u894521144,1579468724,Python,Python (3.4.3),py,Time Limit Exceeded,2109,34164,194,
s446068248,p02791,u001577246,1579468721,C++,C++14 (GCC 5.4.1),cpp,Wrong Answer,63,2560,1341,
s129259195,p02791,u161155417,1579468720,Python,Python (3.4.3),py,Accepted,118,25768,183,
s799607663,p02791,u503080601,1579468720,C++,C++14 (GCC 5.4.1),cpp,Wrong Answer,61,1024,569,
s685696373,p02791,u346986631,1579468716,Go,Go (1.6),go,Time Limit Exceeded,2107,4992,473,
s758705255,p02791,u266598805,1579468716,C,C (GCC 5.4.1),c,Accepted,22,896,544,
s245745868,p02791,u674851529,1579468716,C#,C# (Mono 4.6.2.0),cs,Time Limit Exceeded,2109,36420,988,
s375879748,p02791,u072959714,1579468711,C++,C++14 (GCC 5.4.1),cpp,Time Limit Exceeded,2103,1024,674,
s715499307,p02791,u005487331,1579468710,C++,C++14 (GCC 5.4.1),cpp,Accepted,77,1792,497,
s140139591,p02791,u786071074,1579468707,C++,C++14 (GCC 5.4.1),cpp,Wrong Answer,2103,1024,401,
s011160335,p02791,u896776319,1579468707,Haskell,Haskell (GHC 7.10.3),hs,Time Limit Exceeded,2109,100732,565,
s645461657,p02791,u027990935,1579468703,C++,C++14 (GCC 5.4.1),cpp,Compile Error,,,420,
s613172153,p02791,u184008372,1579468702,C++,C++14 (GCC 5.4.1),cpp,Time Limit Exceeded,2103,896,411,
s392334097,p02791,u768173071,1579468690,C++,C++14 (GCC 5.4.1),cpp,Runtime Error,99,256,499,
s699743752,p02791,u277312083,1579468690,Python,Python (3.4.3),py,Wrong Answer,164,24744,161,
s039822524,p02791,u419471591,1579468688,C,C (GCC 5.4.1),c,Wrong Answer,22,896,387,
s328953896,p02791,u984643753,1579468687,C++,C++14 (GCC 5.4.1),cpp,Time Limit Exceeded,2103,1024,444,
s064254639,p02791,u964944000,1579468685,C++,C++14 (GCC 5.4.1),cpp,Wrong Answer,77,1024,278,
s976223628,p02791,u652908807,1579468683,C++,C++14 (GCC 5.4.1),cpp,Wrong Answer,61,1792,544,
s956396130,p02791,u410825686,1579468677,Go,Go (1.6),go,Time Limit Exceeded,2108,11156,571,
s337162048,p02791,u175846462,1579468674,Java,Java8 (OpenJDK 1.8.0),java,Wrong Answer,585,65292,309,
s981208376,p02791,u445952869,1579468673,C,C (GCC 5.4.1),c,Time Limit Exceeded,2103,896,245,
s208831121,p02791,u077643536,1579468673,C,C (GCC 5.4.1),c,Wrong Answer,22,896,391,
s831129291,p02791,u188925212,1579468672,C#,C# (Mono 4.6.2.0),cs,Accepted,94,31068,498,
s137407604,p02791,u139282395,1579468672,Python,Python (2.7.6),py,Runtime Error,20,6528,438,
s537710779,p02791,u272682534,1579468670,Python,Python (3.4.3),py,Accepted,191,26536,301,
s335403654,p02791,u868580535,1579468670,C++,C++14 (GCC 5.4.1),cpp,Time Limit Exceeded,2103,1024,351,
s792796178,p02791,u159975271,1579468668,PHP,PHP (5.6.30),php,Wrong Answer,92,40180,225,
s130376461,p02791,u286211947,1579468666,C++,C++14 (GCC 5.4.1),cpp,Compile Error,,,297,
s160134744,p02791,u461513098,1579468666,Python,Python (3.4.3),py,Time Limit Exceeded,2104,24744,207,
s288261980,p02791,u308463793,1579468665,C++,C++14 (GCC 5.4.1),cpp,Time Limit Exceeded,2103,1024,515,
s201010844,p02791,u666844906,1579468661,Python,Python (3.4.3),py,Time Limit Exceeded,2104,24744,167,
s080234138,p02791,u850393463,1579468659,TypeScript,TypeScript (2.1.6),ts,Wrong Answer,2109,60012,366,
s008695860,p02791,u524211993,1579468658,C++,C++14 (GCC 5.4.1),cpp,Time Limit Exceeded,2103,1024,355,
s015060181,p02791,u941407962,1579468655,Python,PyPy3 (2.4.0),py,Accepted,264,69760,140,
s679650427,p02791,u382189652,1579468654,C,C (GCC 5.4.1),c,Accepted,22,896,384,
s221182459,p02791,u541234537,1579468654,C++,C++14 (GCC 5.4.1),cpp,Accepted,79,1024,236,
s485566883,p02791,u962858258,1579468653,Python,Python (3.4.3),py,Time Limit Exceeded,2104,24744,197,
s424581859,p02791,u397953026,1579468650,C,C (GCC 5.4.1),c,Time Limit Exceeded,2103,896,353,
s699528643,p02791,u196675341,1579468650,Python,Python (3.4.3),py,Time Limit Exceeded,2104,24744,197,
s039210157,p02791,u811132356,1579468649,Python,Python (3.4.3),py,Runtime Error,68,24744,180,
s535390694,p02791,u030983611,1579468648,C,C (GCC 5.4.1),c,Wrong Answer,23,896,397,
s283399442,p02791,u630554891,1579468647,Python,Python (3.4.3),py,Accepted,100,24744,183,
s174001056,p02791,u175846462,1579468647,Java,Java8 (OpenJDK 1.8.0),java,Wrong Answer,587,76396,310,
s549156782,p02791,u628965061,1579468647,Python,Python (3.4.3),py,Wrong Answer,2105,28928,201,
s222669183,p02791,u699089116,1579468644,Python,PyPy3 (2.4.0),py,Time Limit Exceeded,2111,136924,161,
s560978774,p02791,u833436666,1579468644,C#,C# (Mono 4.6.2.0),cs,Time Limit Exceeded,2109,35588,715,
s762605426,p02791,u410888565,1579468639,C++,C++14 (GCC 5.4.1),cpp,Time Limit Exceeded,2103,1024,387,
s429678796,p02791,u258325541,1579468639,Python,Python (3.4.3),py,Time Limit Exceeded,2104,24744,378,
s190490782,p02791,u822029894,1579468638,Scala,Scala (2.11.7),scala,Runtime Error,871,70604,478,
s265439074,p02791,u161155417,1579468638,Python,Python (3.4.3),py,Runtime Error,17,2940,196,
s071165468,p02791,u369886854,1579468637,C++,C++14 (GCC 5.4.1),cpp,Accepted,20,2420,669,
s764215246,p02791,u427667463,1579468636,C++,C++14 (GCC 5.4.1),cpp,Accepted,78,1024,268,
s509273946,p02791,u766349820,1579468635,Python,Python (3.4.3),py,Wrong Answer,136,24744,517,
s117035315,p02791,u139282395,1579468634,Python,Python (2.7.6),py,Runtime Error,19,6528,442,
s407069517,p02791,u083858683,1579468633,Python,Python (3.4.3),py,Wrong Answer,66,17780,190,
s027003521,p02791,u027990935,1579468632,C++,C++14 (GCC 5.4.1),cpp,Compile Error,,,419,
s728337961,p02791,u521975232,1579468630,C++,C++14 (GCC 5.4.1),cpp,Wrong Answer,2103,1024,362,
s167936172,p02791,u776864893,1579468629,Python,Python (3.4.3),py,Time Limit Exceeded,2104,25768,189,
s915445610,p02791,u026302640,1579468623,C++,C++14 (GCC 5.4.1),cpp,Time Limit Exceeded,2104,24960,1970,
s703248336,p02791,u486205579,1579468619,JavaScript,JavaScript (node.js v5.12),js,Time Limit Exceeded,2109,22328,498,
s532365778,p02791,u512315557,1579468617,Python,Python (3.4.3),py,Wrong Answer,131,24744,135,
s230277644,p02791,u914046136,1579468616,Python,Python (3.4.3),py,Time Limit Exceeded,2104,24744,177,
s360691109,p02791,u178586376,1579468614,C++,C++14 (GCC 5.4.1),cpp,Time Limit Exceeded,2103,1024,392,
s841575828,p02791,u746641209,1579468614,Java,Java8 (OpenJDK 1.8.0),java,Time Limit Exceeded,2110,342032,897,
s401609816,p02791,u383179205,1579468613,Swift,Swift (swift-2.2-RELEASE),swift,Accepted,1182,13076,219,
s296386922,p02791,u730499268,1579468607,C++,C++14 (GCC 5.4.1),cpp,Accepted,63,1024,592,
s971742036,p02791,u868580535,1579468606,C++,C++14 (GCC 5.4.1),cpp,Time Limit Exceeded,2103,1024,351,
s146221164,p02791,u662062459,1579468605,Python,Python (3.4.3),py,Wrong Answer,2149,749656,356,
s354384046,p02791,u233626335,1579468603,C++,C++14 (GCC 5.4.1),cpp,Accepted,62,1792,508,
s504870708,p02791,u139282395,1579468594,Python,Python (2.7.6),py,Runtime Error,20,6528,442,
s504056317,p02791,u164495655,1579468593,Python,Python (3.4.3),py,Time Limit Exceeded,2104,24744,339,
s404717370,p02791,u988044014,1579468591,Visual Basic,Visual Basic (Mono 4.0.1),vb,Time Limit Exceeded,2113,37212,617,
s564627344,p02791,u486515092,1579468590,Java,Java8 (OpenJDK 1.8.0),java,Time Limit Exceeded,2109,65812,416,
s037788123,p02791,u660694405,1579468590,C++,C++14 (GCC 5.4.1),cpp,Wrong Answer,78,1152,278,
s933260314,p02791,u891504219,1579468590,Python,Python (3.4.3),py,Wrong Answer,2104,18324,277,
s193576462,p02791,u798557584,1579468583,Python,PyPy3 (2.4.0),py,Wrong Answer,262,75472,429,
s378647645,p02791,u958460645,1579468582,C++,C++14 (GCC 5.4.1),cpp,Runtime Error,111,384,284,
s152785162,p02791,u780147002,1579468579,Python,Python (3.4.3),py,Wrong Answer,2104,24744,223,
s296914198,p02791,u624379665,1579468578,C++,C++14 (GCC 5.4.1),cpp,Time Limit Exceeded,2103,1024,391,
s935788071,p02791,u252854929,1579468578,Go,Go (1.6),go,Time Limit Exceeded,2107,3584,645,
s691157394,p02791,u332657092,1579468577,Python,PyPy3 (2.4.0),py,Time Limit Exceeded,2108,77520,177,
s585650813,p02791,u545081312,1579468575,Python,Python (3.4.3),py,Time Limit Exceeded,2105,24744,151,
s177394093,p02791,u901144784,1579468574,Python,Python (3.4.3),py,Accepted,192,25768,184,
s745441190,p02791,u241132121,1579468569,C,C (GCC 5.4.1),c,Accepted,22,896,213,
s062651718,p02791,u903005414,1579468568,Python,Python (3.4.3),py,Time Limit Exceeded,2104,24744,153,
s083358612,p02791,u628965061,1579468568,Python,PyPy3 (2.4.0),py,Runtime Error,237,75472,201,
s849315244,p02791,u524253154,1579468567,C,C (GCC 5.4.1),c,Accepted,23,1664,653,
s477242869,p02791,u704651206,1579468566,Java,Java8 (OpenJDK 1.8.0),java,Accepted,557,64816,407,
s817973133,p02791,u811000506,1579468564,Python,Python (3.4.3),py,Accepted,205,24744,170,
s947648288,p02791,u301600230,1579468562,C++,C++14 (GCC 5.4.1),cpp,Wrong Answer,31,2560,1731,
s098080228,p02791,u139282395,1579468561,Python,Python (2.7.6),py,Runtime Error,21,6528,446,
s684093592,p02791,u601575292,1579468560,Python,Python (3.4.3),py,Time Limit Exceeded,2104,24744,263,
s762901828,p02791,u761087127,1579468555,Python,Python (3.4.3),py,Time Limit Exceeded,2105,25768,229,
s629329945,p02791,u485405254,1579468554,C++,C++14 (GCC 5.4.1),cpp,Accepted,68,1024,437,
s847640444,p02791,u950129527,1579468554,Python,PyPy3 (2.4.0),py,Time Limit Exceeded,2110,136632,174,
s590580529,p02791,u178586376,1579468553,C++,C++14 (GCC 5.4.1),cpp,Wrong Answer,78,1024,394,
s753018053,p02791,u964333800,1579468546,C++,C++14 (GCC 5.4.1),cpp,Accepted,134,9600,257,
s083764087,p02791,u786071074,1579468545,C++,C++14 (GCC 5.4.1),cpp,Time Limit Exceeded,2103,1024,415,
s950780753,p02791,u447157799,1579468540,C++,C++14 (GCC 5.4.1),cpp,Wrong Answer,72,1792,1403,
s384504386,p02791,u350989619,1579468539,C++,C++14 (GCC 5.4.1),cpp,Time Limit Exceeded,2103,1792,2425,
s807043396,p02791,u312078744,1579468539,Python,Python (3.4.3),py,Time Limit Exceeded,2109,33112,331,
s194428882,p02791,u686878489,1579468539,C,C (GCC 5.4.1),c,Time Limit Exceeded,2103,896,409,
s275057327,p02791,u328008034,1579468538,C++,C++14 (GCC 5.4.1),cpp,Runtime Error,2103,1024,596,
s157614966,p02791,u241159583,1579468532,Python,Python (3.4.3),py,Wrong Answer,2104,24744,362,
s170210115,p02791,u272166576,1579468531,C++,C++14 (GCC 5.4.1),cpp,Time Limit Exceeded,2103,1024,761,
s580126718,p02791,u139282395,1579468530,Python,Python (2.7.6),py,Runtime Error,19,6528,446,
s468429608,p02791,u524253154,1579468529,C,C (GCC 5.4.1),c,Accepted,23,1664,802,
s767011122,p02791,u314559635,1579468525,C++,C++14 (GCC 5.4.1),cpp,Time Limit Exceeded,2103,1024,513,
s601318650,p02791,u010870870,1579468524,Python,Python (3.4.3),py,Wrong Answer,110,24744,183,
s929740473,p02791,u135734526,1579468522,C++,C++14 (GCC 5.4.1),cpp,Time Limit Exceeded,2103,1024,299,
s702244719,p02791,u901144784,1579468521,Python,Python (3.4.3),py,Wrong Answer,193,26012,183,
s480258528,p02791,u052453171,1579468521,C++,C++14 (GCC 5.4.1),cpp,Accepted,18,1024,659,
s245820393,p02791,u782245640,1579468521,C++,C++14 (GCC 5.4.1),cpp,Wrong Answer,21,1024,575,
s906326273,p02791,u944637843,1579468520,Python,Python (3.4.3),py,Wrong Answer,2104,24744,111,
s351005606,p02791,u032422971,1579468517,Python,Python (3.4.3),py,Wrong Answer,2104,24744,171,
s433109321,p02791,u787095992,1579468516,C++,C++14 (GCC 5.4.1),cpp,Wrong Answer,2103,256,283,
s834320340,p02791,u018990794,1579468515,Python,Python (3.4.3),py,Wrong Answer,2109,34148,210,
s704891339,p02791,u188396343,1579468507,Java,Java8 (OpenJDK 1.8.0),java,Time Limit Exceeded,2109,66300,681,
s586655662,p02791,u098679988,1579468506,Python,PyPy3 (2.4.0),py,Time Limit Exceeded,2107,75472,275,
s449204741,p02791,u950129527,1579468504,Python,Python (3.4.3),py,Time Limit Exceeded,2104,24744,174,
s846862508,p02791,u782245640,1579468501,C,C (GCC 5.4.1),c,Compile Error,,,575,
s292097136,p02791,u986861353,1579468501,Python,Python (3.4.3),py,Time Limit Exceeded,2104,24744,292,
s538360687,p02791,u915531210,1579468498,C++,C++14 (GCC 5.4.1),cpp,Wrong Answer,2103,1528,994,
s212698197,p02791,u906922312,1579468497,Java,Java8 (OpenJDK 1.8.0),java,Time Limit Exceeded,2109,82352,698,
s738491657,p02791,u462485367,1579468493,C++,C++14 (GCC 5.4.1),cpp,Accepted,18,1792,2030,
s081984312,p02791,u704651206,1579468493,Java,Java8 (OpenJDK 1.8.0),java,Wrong Answer,598,62844,407,
s052225036,p02791,u782138812,1579468491,Python,Python (3.4.3),py,Accepted,111,24744,235,
s210087026,p02791,u499512304,1579468491,Java,Java8 (OpenJDK 1.8.0),java,Time Limit Exceeded,2109,84320,851,
s406273305,p02791,u115102935,1579468490,C++,C++14 (GCC 5.4.1),cpp,Time Limit Exceeded,2103,1024,357,
s341207263,p02791,u103136263,1579468487,Python,Python (3.4.3),py,Accepted,214,40024,1291,
s797828454,p02791,u363659607,1579468487,C++,C++14 (GCC 5.4.1),cpp,Accepted,22,1024,323,
s593337838,p02791,u687727068,1579468487,C,C (GCC 5.4.1),c,Time Limit Exceeded,2103,896,299,
s744236100,p02791,u140168076,1579468486,Python,Python (3.4.3),py,Time Limit Exceeded,2104,17780,220,
s459820911,p02791,u176915127,1579468485,Python,PyPy3 (2.4.0),py,Time Limit Exceeded,2112,134748,376,
s259335079,p02791,u397953026,1579468483,C,C (GCC 5.4.1),c,Time Limit Exceeded,2103,1664,366,
s091400563,p02791,u894521144,1579468478,Python,Python (3.4.3),py,Time Limit Exceeded,2109,32956,183,
s850896342,p02791,u772931409,1579468475,C++,C++14 (GCC 5.4.1),cpp,Wrong Answer,2103,1024,333,
s715446951,p02791,u410825686,1579468475,Go,Go (1.6),go,Wrong Answer,2108,9492,643,
s473792954,p02791,u485931543,1579468473,C++,C++14 (GCC 5.4.1),cpp,Time Limit Exceeded,2103,1024,344,
s155977162,p02791,u925681387,1579468471,C,C (GCC 5.4.1),c,Runtime Error,98,128,685,
s769569999,p02791,u314559635,1579468466,C++,C++14 (GCC 5.4.1),cpp,Wrong Answer,61,1024,510,
s647435058,p02791,u959645094,1579468466,C++,C++14 (GCC 5.4.1),cpp,Time Limit Exceeded,2103,1024,479,
s231271916,p02791,u850393463,1579468463,TypeScript,TypeScript (2.1.6),ts,Wrong Answer,2109,60140,352,
s026131173,p02791,u067062087,1579468462,C,C (GCC 5.4.1),c,Wrong Answer,22,896,402,
s384880973,p02791,u474789708,1579468460,C++,C++14 (GCC 5.4.1),cpp,Time Limit Exceeded,2103,1024,330,
s883812786,p02791,u917066681,1579468458,C++,C++14 (GCC 5.4.1),cpp,Time Limit Exceeded,2103,1792,599,
s501560065,p02791,u077643536,1579468458,C,C (GCC 5.4.1),c,Wrong Answer,22,896,389,
s694778435,p02791,u018990794,1579468457,Python,Python (3.4.3),py,Runtime Error,196,33936,200,
s338319395,p02791,u196675341,1579468456,Python,Python (3.4.3),py,Wrong Answer,2105,24744,445,
s448373408,p02791,u578647703,1579468456,Python,Python (3.4.3),py,Time Limit Exceeded,2104,26248,233,
s737093955,p02791,u483791339,1579468454,Java,Java8 (OpenJDK 1.8.0),java,Accepted,217,49620,729,
s892054036,p02791,u339937125,1579468452,C++,C++14 (GCC 5.4.1),cpp,Accepted,59,256,597,
s705961045,p02791,u763380276,1579468451,Python,Python (3.4.3),py,Wrong Answer,2109,34168,220,
s908107629,p02791,u478132434,1579468449,Python,Python (3.4.3),py,Wrong Answer,118,24744,194,
s024590131,p02791,u281876921,1579468447,C++,C++14 (GCC 5.4.1),cpp,Time Limit Exceeded,2103,1024,541,
s864884366,p02791,u986437843,1579468444,C++,C++14 (GCC 5.4.1),cpp,Accepted,18,1792,136211,
s648441816,p02791,u110388719,1579468442,C++,C++14 (GCC 5.4.1),cpp,Accepted,78,1024,667,
s281691845,p02791,u303163217,1579468441,C++,C++14 (GCC 5.4.1),cpp,Time Limit Exceeded,2103,2816,453,
s562390134,p02791,u027675217,1579468439,Python,Python (3.4.3),py,Time Limit Exceeded,2108,24744,146,
s291361299,p02791,u145723021,1579468438,C#,C# (Mono 4.6.2.0),cs,Time Limit Exceeded,2109,34012,786,
s963912352,p02791,u737503063,1579468434,Python,Python (3.4.3),py,Accepted,121,24744,216,
s032432623,p02791,u396522269,1579468431,C,C (GCC 5.4.1),c,Accepted,23,1664,489,
s040921125,p02791,u674851529,1579468426,C#,C# (Mono 4.6.2.0),cs,Time Limit Exceeded,2109,38956,913,
s970528586,p02791,u286211947,1579468421,C++,C++14 (GCC 5.4.1),cpp,Wrong Answer,2103,1024,296,
s259746826,p02791,u589457506,1579468419,C++,C++14 (GCC 5.4.1),cpp,Time Limit Exceeded,2103,1024,362,
s685147358,p02791,u383713431,1579468419,C++,C++14 (GCC 5.4.1),cpp,Time Limit Exceeded,2103,1024,453,
s378098189,p02791,u447157799,1579468416,C++,C++14 (GCC 5.4.1),cpp,Wrong Answer,72,1792,1604,
s460766269,p02791,u216849520,1579468416,C++,C++14 (GCC 5.4.1),cpp,Accepted,60,1024,1230,
s717038515,p02791,u841557163,1579468414,Python,Python (3.4.3),py,Wrong Answer,1048,24744,208,
s925832610,p02791,u890183245,1579468413,Python,Python (3.4.3),py,Time Limit Exceeded,2104,24744,161,
s667494177,p02791,u406126927,1579468411,C++,C++14 (GCC 5.4.1),cpp,Wrong Answer,21,3568,520,
s314341001,p02791,u503080601,1579468401,C++,C++14 (GCC 5.4.1),cpp,Wrong Answer,60,1024,568,
s219630920,p02791,u877184069,1579468401,Python,Python (3.4.3),py,Wrong Answer,220,34140,169,
s521690115,p02791,u755481018,1579468400,Python,Python (3.4.3),py,Time Limit Exceeded,2104,24744,191,
s848565863,p02791,u974558800,1579468399,C#,C# (Mono 4.6.2.0),cs,Time Limit Exceeded,2110,52924,7362,
s165967105,p02791,u322744344,1579468396,Ruby,Ruby (2.3.3),rb,Accepted,102,16516,185,
s792508370,p02791,u202570162,1579468395,Python,Python (3.4.3),py,Accepted,115,25768,130,
s641231606,p02791,u268540362,1579468395,Clojure,Clojure (1.8.0),clj,Wrong Answer,2111,179208,210,
s213189200,p02791,u045235021,1579468394,Python,Python (3.4.3),py,Wrong Answer,2105,26792,359,
s858420415,p02791,u454937339,1579468394,C++,C++14 (GCC 5.4.1),cpp,Accepted,18,1792,1996,
s928682704,p02791,u791977205,1579468391,Python,Python (3.4.3),py,Accepted,115,24744,256,
s561033329,p02791,u645787471,1579468391,Ruby,Ruby (2.3.3),rb,Time Limit Exceeded,2110,44548,463,
s372423059,p02791,u962858258,1579468391,Python,Python (3.4.3),py,Time Limit Exceeded,2104,24744,190,
s746160070,p02791,u103136263,1579468389,Python,Python (3.4.3),py,Wrong Answer,494,44360,1333,
s193500140,p02791,u954935895,1579468389,C++,C++14 (GCC 5.4.1),cpp,Accepted,19,1792,2408,
s777779812,p02791,u426331823,1579468388,C++,C++14 (GCC 5.4.1),cpp,Accepted,60,1024,304,
s102620930,p02791,u315354220,1579468386,Python,PyPy3 (2.4.0),py,Time Limit Exceeded,2112,136540,306,
s328028087,p02791,u010870870,1579468383,Python,Python (3.4.3),py,Wrong Answer,114,24744,181,
s193681654,p02791,u485405254,1579468380,C++,C++14 (GCC 5.4.1),cpp,Runtime Error,103,256,588,
s450650789,p02791,u994527877,1579468377,Python,Python (3.4.3),py,Accepted,338,19040,439,
s061010841,p02791,u397953026,1579468376,C,C (GCC 5.4.1),c,Time Limit Exceeded,2103,1664,377,
s019371143,p02791,u627821211,1579468374,C++,C++14 (GCC 5.4.1),cpp,Accepted,61,1024,358,
s805038107,p02791,u830087664,1579468373,C++,C++14 (GCC 5.4.1),cpp,Accepted,60,1024,362,
s968916874,p02791,u807948625,1579468372,Perl,Perl (v5.18.2),pl,Time Limit Exceeded,2217,1795072,700,
s475362523,p02791,u520664201,1579468369,C++,C++14 (GCC 5.4.1),cpp,Time Limit Exceeded,2103,1024,354,
s260996459,p02791,u015593272,1579468369,Python,Python (2.7.6),py,Runtime Error,214,16228,207,
s093666621,p02791,u890183245,1579468367,Python,Python (3.4.3),py,Time Limit Exceeded,2104,24744,158,
s348635606,p02791,u981332890,1579468363,Python,PyPy3 (2.4.0),py,Time Limit Exceeded,2112,139032,469,
s958014853,p02791,u529106146,1579468362,Python,Python (3.4.3),py,Time Limit Exceeded,2104,24744,128,
s124494331,p02791,u666550725,1579468361,Python,Python (3.4.3),py,Accepted,89,26012,126,
s963740956,p02791,u245236065,1579468359,C++,C++14 (GCC 5.4.1),cpp,Time Limit Exceeded,2103,1024,364,
s785929203,p02791,u618531621,1579468359,PHP,PHP7 (7.0.15),php,Wrong Answer,43,18932,176,
s911702201,p02791,u686930335,1579468356,TypeScript,TypeScript (2.1.6),ts,Accepted,110,22224,358,
s841979870,p02791,u498975813,1579468355,Python,PyPy3 (2.4.0),py,Runtime Error,182,38384,454,
s580566308,p02791,u116722061,1579468355,Python,Python (3.4.3),py,Wrong Answer,2104,17940,163,
s905467126,p02791,u012110567,1579468354,Ruby,Ruby (2.3.3),rb,Wrong Answer,2109,18436,264,
s497012244,p02791,u323522006,1579468353,C++,C++14 (GCC 5.4.1),cpp,Time Limit Exceeded,2103,1400,802,
s380402393,p02791,u392376796,1579468353,Java,Java8 (OpenJDK 1.8.0),java,Wrong Answer,597,87764,544,
s952604547,p02791,u372452951,1579468348,C++,C++14 (GCC 5.4.1),cpp,Wrong Answer,2103,1024,462,
s855109681,p02791,u172885996,1579468347,C++,C++14 (GCC 5.4.1),cpp,Accepted,18,1024,1510,
s352716382,p02791,u468440139,1579468343,C++,C++14 (GCC 5.4.1),cpp,Time Limit Exceeded,2103,1024,418,
s784362970,p02791,u917066681,1579468341,C++,C++14 (GCC 5.4.1),cpp,Time Limit Exceeded,2103,1792,544,
s144548271,p02791,u822029894,1579468339,Scala,Scala (2.11.7),scala,Time Limit Exceeded,2115,197128,490,
s078201154,p02791,u670942818,1579468339,Python,Python (3.4.3),py,Runtime Error,18,3060,366,
s420906008,p02791,u534504780,1579468338,Java,Java8 (OpenJDK 1.8.0),java,Wrong Answer,2109,85072,851,
s603124454,p02791,u747309718,1579468336,Python,Python (3.4.3),py,Accepted,123,24744,319,
s517361050,p02791,u078914287,1579468334,C++,C++14 (Clang 3.8.0),cpp,Time Limit Exceeded,2103,1792,1059,
s666247819,p02791,u178586376,1579468333,C++,C++14 (GCC 5.4.1),cpp,Wrong Answer,21,1024,389,
s298354620,p02791,u523146994,1579468331,C++,C++14 (GCC 5.4.1),cpp,Time Limit Exceeded,2103,1024,458,
s973221900,p02791,u308463793,1579468331,C++,C++14 (GCC 5.4.1),cpp,Time Limit Exceeded,2103,1792,591,
s586788230,p02791,u193598069,1579468329,Python,Python (3.4.3),py,Time Limit Exceeded,2104,26012,322,
s999033662,p02791,u667300358,1579468328,Python,Python (3.4.3),py,Time Limit Exceeded,2104,24744,465,
s668059687,p02791,u688771157,1579468327,C++,C++14 (GCC 5.4.1),cpp,Wrong Answer,66,1792,262,
s062730481,p02791,u083858683,1579468325,Python,Python (3.4.3),py,Wrong Answer,64,18184,253,
s120688118,p02791,u944637843,1579468324,Python,Python (3.4.3),py,Time Limit Exceeded,2104,32680,126,
s238922663,p02791,u144147599,1579468323,Python,Python (3.4.3),py,Accepted,127,17940,161,
s495227081,p02791,u386439695,1579468323,Python,Python (3.4.3),py,Wrong Answer,2104,25716,484,
s728366132,p02791,u507237474,1579468321,Python,Python (3.4.3),py,Time Limit Exceeded,2104,24744,173,
s688681988,p02791,u171132311,1579468318,Python,Python (3.4.3),py,Accepted,108,24744,232,
s397447371,p02791,u252854929,1579468317,Go,Go (1.6),go,Time Limit Exceeded,2107,3584,608,
s313213348,p02791,u950129527,1579468317,Python,Python (3.4.3),py,Time Limit Exceeded,2104,24744,183,
s512698081,p02791,u959628874,1579468317,Java,Java8 (OpenJDK 1.8.0),java,Wrong Answer,618,87300,810,
s305924097,p02791,u474789708,1579468315,C++,C++14 (GCC 5.4.1),cpp,Time Limit Exceeded,2103,1024,330,
s930361777,p02791,u101839330,1579468315,Python,PyPy3 (2.4.0),py,Time Limit Exceeded,2108,77412,167,
s177039210,p02791,u044251893,1579468314,Python,PyPy3 (2.4.0),py,Time Limit Exceeded,2108,83468,299,
s490764076,p02791,u708794223,1579468311,C++,C++14 (GCC 5.4.1),cpp,Accepted,60,1400,810,
s709822822,p02791,u798557584,1579468311,Python,PyPy3 (2.4.0),py,Wrong Answer,2112,139368,424,
s607221577,p02791,u589457506,1579468306,C++,C++14 (GCC 5.4.1),cpp,Time Limit Exceeded,2103,1024,434,
s405338801,p02791,u578647703,1579468306,Python,Python (3.4.3),py,Time Limit Exceeded,2104,26248,226,
s467810001,p02791,u144147599,1579468306,Python,Python (3.4.3),py,Runtime Error,17,2940,17,
s108459684,p02791,u286211947,1579468304,C++,C++14 (GCC 5.4.1),cpp,Compile Error,,,296,
s968342283,p02791,u579324544,1579468302,Python,PyPy3 (2.4.0),py,Wrong Answer,2111,136920,207,
s612105759,p02791,u072959714,1579468298,C++,C++14 (GCC 5.4.1),cpp,Time Limit Exceeded,2103,1024,683,
s149303264,p02791,u881816188,1579468295,Python,Python (3.4.3),py,Time Limit Exceeded,2104,24744,227,
s330130533,p02791,u664749198,1579468291,Python,Python (3.4.3),py,Time Limit Exceeded,2104,24744,319,
s969176443,p02791,u018890850,1579468289,C++,C++14 (GCC 5.4.1),cpp,Wrong Answer,2103,1024,630,
s034968813,p02791,u655135177,1579468288,Python,Python (3.4.3),py,Time Limit Exceeded,2105,17780,209,
s438268220,p02791,u761087127,1579468286,Python,Python (3.4.3),py,Time Limit Exceeded,2104,24744,200,
s092875236,p02791,u970127649,1579468286,C,C (GCC 5.4.1),c,Time Limit Exceeded,2103,896,373,
s466870747,p02791,u894521144,1579468284,Python,Python (3.4.3),py,Time Limit Exceeded,2109,32988,200,
s010511678,p02791,u960765595,1579468277,C++,C++14 (GCC 5.4.1),cpp,Accepted,77,1024,302,
s432905101,p02791,u684504044,1579468276,Java,Java8 (OpenJDK 1.8.0),java,Accepted,479,51216,513,
s324727244,p02791,u322744344,1579468276,Ruby,Ruby (2.3.3),rb,Accepted,104,16516,202,
s133738420,p02791,u015593272,1579468272,Python,Python (3.4.3),py,Runtime Error,17,2940,270,
s683400903,p02791,u012110567,1579468269,Ruby,Ruby (2.3.3),rb,Wrong Answer,2109,17820,390,
s916036340,p02791,u743889070,1579468269,C,C (GCC 5.4.1),c,Wrong Answer,2103,1408,526,
s592475722,p02791,u606393507,1579468268,Python,PyPy3 (2.4.0),py,Time Limit Exceeded,2108,77520,328,
s817706571,p02791,u695168104,1579468268,C++,C++14 (GCC 5.4.1),cpp,Accepted,20,896,362,
s299284991,p02791,u127228093,1579468263,Python,Python (3.4.3),py,Accepted,138,26012,343,
s168013653,p02791,u853929315,1579468261,C++,C++14 (GCC 5.4.1),cpp,Accepted,60,3328,412,
s181653323,p02791,u796708718,1579468258,Python,Python (3.4.3),py,Wrong Answer,247,16916,212,
s337199313,p02791,u039355749,1579468258,Python,Python (3.4.3),py,Accepted,109,24744,188,
s369786114,p02791,u285358283,1579468256,C++,C++14 (GCC 5.4.1),cpp,Accepted,60,1152,295,
s386445793,p02791,u837070819,1579468253,C++,C++14 (GCC 5.4.1),cpp,Accepted,60,1400,330,
s108182039,p02791,u241159583,1579468253,Python,Python (3.4.3),py,Wrong Answer,2104,24744,329,
s898625298,p02791,u767995501,1579468252,C++,C++14 (GCC 5.4.1),cpp,Wrong Answer,60,1792,321,
s727239704,p02791,u038956292,1579468250,C++,C++14 (GCC 5.4.1),cpp,Accepted,19,1792,1171,
s015924885,p02791,u903005414,1579468248,Python,PyPy3 (2.4.0),py,Time Limit Exceeded,2107,75700,184,
s429960683,p02791,u427667463,1579468246,C++,C++14 (GCC 5.4.1),cpp,Time Limit Exceeded,2103,1024,298,
s835461876,p02791,u029021990,1579468246,Python,Python (3.4.3),py,Time Limit Exceeded,2104,24744,318,
s202453576,p02791,u660694405,1579468244,C++,C++14 (GCC 5.4.1),cpp,Wrong Answer,77,1024,309,
s009158959,p02791,u745267317,1579468243,C++,C++14 (GCC 5.4.1),cpp,Wrong Answer,2103,1024,359,
s669227377,p02791,u691745202,1579468242,PHP,PHP7 (7.0.15),php,Wrong Answer,52,18932,513,
s520890395,p02791,u067062087,1579468242,C,C (GCC 5.4.1),c,Accepted,23,1664,661,
s580522155,p02791,u891504219,1579468241,Python,Python (3.4.3),py,Time Limit Exceeded,2104,24432,285,
s852039287,p02791,u755481018,1579468241,Python,Python (3.4.3),py,Time Limit Exceeded,2104,25768,197,
s384055072,p02791,u115851666,1579468239,C++,C++ (GCC 5.4.1),cpp,Accepted,79,1024,459,
s378735348,p02791,u524253154,1579468235,C,C (GCC 5.4.1),c,Time Limit Exceeded,2103,1664,688,
s761991361,p02791,u634079249,1579468235,JavaScript,JavaScript (node.js v5.12),js,Time Limit Exceeded,2109,38548,381,
s164029665,p02791,u268128854,1579468233,C++,C++14 (GCC 5.4.1),cpp,Wrong Answer,170,9600,340,
s736538468,p02791,u752682892,1579468228,C++,C++14 (GCC 5.4.1),cpp,Accepted,63,1024,339,
s415363638,p02791,u585348179,1579468225,Python,Python (3.4.3),py,Accepted,112,24744,210,
s991614418,p02791,u485931543,1579468223,C++,C++14 (GCC 5.4.1),cpp,Time Limit Exceeded,2103,1024,344,
s946854991,p02791,u524425330,1579468222,C,C (GCC 5.4.1),c,Accepted,22,896,324,
s692939804,p02791,u720599951,1579468221,C++,C++14 (GCC 5.4.1),cpp,Wrong Answer,2103,1024,401,
s366824625,p02791,u052453171,1579468221,C++,C++14 (GCC 5.4.1),cpp,Time Limit Exceeded,2103,1024,748,
s430089656,p02791,u561231954,1579468219,Python,Python (3.4.3),py,Accepted,163,25768,153,
s358468576,p02791,u162629735,1579468217,C++,C++14 (GCC 5.4.1),cpp,Time Limit Exceeded,2103,1024,667,
s184615365,p02791,u049095189,1579468215,Perl,Perl (v5.18.2),pl,Accepted,640,41656,39,
s514286790,p02791,u925681387,1579468215,C,C (GCC 5.4.1),c,Runtime Error,97,128,685,
s616973561,p02791,u670942818,1579468215,Python,Python (3.4.3),py,Runtime Error,17,3060,337,
s725584210,p02791,u289110687,1579468210,C,C (GCC 5.4.1),c,Accepted,22,896,300,
s534094473,p02791,u093899400,1579468208,C,C (GCC 5.4.1),c,Runtime Error,102,128,330,
s009889822,p02791,u558717347,1579468207,Python,Python (3.4.3),py,Wrong Answer,2104,25768,349,
s816467277,p02791,u260575559,1579468205,Python,Python (3.4.3),py,Wrong Answer,107,24744,202,
s109936508,p02791,u374501720,1579468200,Python,Python (3.4.3),py,Time Limit Exceeded,2105,26012,290,
s525663871,p02791,u332097983,1579468198,C++,C++14 (GCC 5.4.1),cpp,Time Limit Exceeded,2103,384,470,
s383462440,p02791,u944637843,1579468198,Python,Python (3.4.3),py,Wrong Answer,2104,32680,126,
s400816555,p02791,u542322058,1579468198,C,C (GCC 5.4.1),c,Wrong Answer,22,896,331,
s935005986,p02791,u419471591,1579468198,C,C (GCC 5.4.1),c,Time Limit Exceeded,2103,896,430,
s030301810,p02791,u322744344,1579468196,Ruby,Ruby (2.3.3),rb,Wrong Answer,99,16516,191,
s263550211,p02791,u698428209,1579468195,JavaScript,JavaScript (node.js v5.12),js,Wrong Answer,2109,23048,848,
s560180278,p02791,u099066216,1579468195,Kotlin,Kotlin (1.0.0),kt,Accepted,477,61644,293,
s315699041,p02791,u767995501,1579468193,C++,C++14 (GCC 5.4.1),cpp,Wrong Answer,60,1792,327,
s921961978,p02791,u140168076,1579468189,Python,Python (3.4.3),py,Time Limit Exceeded,2104,18952,256,
s221680187,p02791,u899530879,1579468189,Java,Java8 (OpenJDK 1.8.0),java,Accepted,577,65024,547,
s046871869,p02791,u589457506,1579468187,C++,C++14 (Clang 3.8.0),cpp,Time Limit Exceeded,2103,1024,434,
s474693338,p02791,u652348678,1579468186,Python,Python (3.4.3),py,Wrong Answer,327,24744,315,
s293285205,p02791,u745267317,1579468184,C++,C++14 (GCC 5.4.1),cpp,Compile Error,,,353,
s155306264,p02791,u501278784,1579468178,Python,Python (3.4.3),py,Accepted,157,25768,238,
s320701791,p02791,u915531210,1579468177,C++,C++14 (GCC 5.4.1),cpp,Compile Error,,,869,
s290920733,p02791,u305388378,1579468177,Python,PyPy3 (2.4.0),py,Accepted,375,70924,344,
s732460495,p02791,u374024850,1579468176,C++,C++14 (GCC 5.4.1),cpp,Wrong Answer,78,1024,478,
s687362156,p02791,u083858683,1579468175,Python,Python (3.4.3),py,Wrong Answer,61,17940,161,
s161016639,p02791,u131754692,1579468174,C++,C++14 (GCC 5.4.1),cpp,Accepted,80,1024,416,
s945743645,p02791,u578647703,1579468173,Python,Python (3.4.3),py,Time Limit Exceeded,2104,26248,231,
s549953007,p02791,u986861353,1579468172,Python,Python (3.4.3),py,Time Limit Exceeded,2104,24744,282,
s511053822,p02791,u697715013,1579468171,C,C (GCC 5.4.1),c,Wrong Answer,2103,896,289,
s989426729,p02791,u595839806,1579468170,C++,C++14 (GCC 5.4.1),cpp,Accepted,61,1792,479,
s545829397,p02791,u070246438,1579468170,Python,PyPy3 (2.4.0),py,Time Limit Exceeded,2110,136908,260,
s829371433,p02791,u671258429,1579468170,C++,C++14 (GCC 5.4.1),cpp,Accepted,77,1792,274,
s719846715,p02791,u301362135,1579468168,Python,Python (3.4.3),py,Wrong Answer,112,25768,448,
s667837371,p02791,u073082475,1579468167,C++,C++14 (GCC 5.4.1),cpp,Accepted,62,1792,299,
s919699267,p02791,u225510395,1579468166,C,C (GCC 5.4.1),c,Accepted,24,896,391,
s032828793,p02791,u062324064,1579468166,C++,C++14 (GCC 5.4.1),cpp,Time Limit Exceeded,2103,1792,1033,
s150047623,p02791,u236468356,1579468165,C++,C++14 (GCC 5.4.1),cpp,Wrong Answer,2103,1664,397,
s367555215,p02791,u498975813,1579468164,Python,Python (3.4.3),py,Time Limit Exceeded,2109,34124,161,
s642426112,p02791,u766349820,1579468162,Python,Python (3.4.3),py,Wrong Answer,112,24744,471,
s512409725,p02791,u314559635,1579468162,C++,C++14 (GCC 5.4.1),cpp,Time Limit Exceeded,2103,1024,476,
s736229800,p02791,u994034374,1579468161,Python,Python (3.4.3),py,Time Limit Exceeded,2109,34120,178,
s532215722,p02791,u664749198,1579468160,Python,Python (3.4.3),py,Time Limit Exceeded,2104,26012,384,
s121577919,p02791,u397953026,1579468159,C,C (GCC 5.4.1),c,Runtime Error,112,1280,360,
s238334930,p02791,u466393447,1579468159,C++,C++14 (GCC 5.4.1),cpp,Accepted,60,1792,344,
s239298328,p02791,u674736819,1579468158,Python,Python (3.4.3),py,Time Limit Exceeded,2104,24744,211,
s305296965,p02791,u906922312,1579468155,Java,Java8 (OpenJDK 1.8.0),java,Time Limit Exceeded,2109,64752,702,
s854040991,p02791,u531475417,1579468154,C++,C++14 (GCC 5.4.1),cpp,Accepted,77,1024,329,
s138291178,p02791,u850393463,1579468151,TypeScript,TypeScript (2.1.6),ts,Wrong Answer,2109,56668,561,
s573245712,p02791,u392376796,1579468151,Java,Java8 (OpenJDK 1.8.0),java,Wrong Answer,621,67156,543,
s453636138,p02791,u745267317,1579468151,C++,C++14 (GCC 5.4.1),cpp,Compile Error,,,353,
s249476019,p02791,u364076769,1579468146,C++,C++14 (GCC 5.4.1),cpp,Time Limit Exceeded,2107,1024,523,
s162420213,p02791,u293183495,1579468145,C,C (GCC 5.4.1),c,Runtime Error,104,256,397,
s389293051,p02791,u716660050,1579468144,Python,Python (3.4.3),py,Wrong Answer,2104,18728,245,
s825698296,p02791,u925765925,1579468142,C,C (GCC 5.4.1),c,Time Limit Exceeded,2103,896,691,
s153318560,p02791,u459294359,1579468140,C++,C++14 (GCC 5.4.1),cpp,Accepted,77,1024,376,
s271363256,p02791,u488417454,1579468137,C,C (GCC 5.4.1),c,Accepted,22,896,310,
s999350228,p02791,u176915127,1579468133,Python,Python (3.4.3),py,Time Limit Exceeded,2104,24744,376,
s428710493,p02791,u878545651,1579468130,Python,Python (3.4.3),py,Wrong Answer,180,17940,247,
s525731580,p02791,u524253154,1579468129,C,C (GCC 5.4.1),c,Time Limit Exceeded,2103,896,505,
s365971753,p02791,u840985185,1579468126,Python,Python (3.4.3),py,Accepted,122,24744,199,
s469747949,p02791,u508934152,1579468123,Python,Python (3.4.3),py,Wrong Answer,2104,24760,249,
s319654634,p02791,u760554869,1579468122,C++,C++14 (GCC 5.4.1),cpp,Accepted,76,1792,356,
s824629640,p02791,u206390098,1579468122,C,C (GCC 5.4.1),c,Accepted,22,896,323,
s436790740,p02791,u007263493,1579468119,Python,Python (3.4.3),py,Wrong Answer,191,23700,276,
s057564993,p02791,u162629735,1579468117,C++,C++14 (GCC 5.4.1),cpp,Wrong Answer,2103,14720,665,
s563020545,p02791,u329977093,1579468116,C,C (GCC 5.4.1),c,Accepted,22,896,505,
s263321142,p02791,u864044748,1579468113,C,C (GCC 5.4.1),c,Wrong Answer,23,896,297,
s705196567,p02791,u529106146,1579468113,Python,Python (3.4.3),py,Time Limit Exceeded,2104,24744,136,
s680878977,p02791,u910623605,1579468111,C++,C++14 (GCC 5.4.1),cpp,Time Limit Exceeded,2103,1024,832,
s809690433,p02791,u655135177,1579468107,Python,Python (3.4.3),py,Wrong Answer,2105,34436,248,
s697216799,p02791,u580844773,1579468103,C++,C++14 (GCC 5.4.1),cpp,Time Limit Exceeded,2103,1024,440,
s612883187,p02791,u006949180,1579468102,C++,C++14 (GCC 5.4.1),cpp,Wrong Answer,2103,1024,474,
s757465568,p02791,u127228093,1579468100,Python,Python (3.4.3),py,Time Limit Exceeded,2104,25716,563,
s435521938,p02791,u115102935,1579468099,C++,C++14 (GCC 5.4.1),cpp,Time Limit Exceeded,2103,1024,304,
s217242511,p02791,u151869246,1579468095,C#,C# (Mono 4.6.2.0),cs,Time Limit Exceeded,2109,37472,2281,
s245140156,p02791,u426331823,1579468090,C++,C++14 (GCC 5.4.1),cpp,Time Limit Exceeded,2103,1024,389,
s381986772,p02791,u994527877,1579468089,Python,Python (3.4.3),py,Wrong Answer,892,23560,465,
s822915453,p02791,u672995180,1579468089,C++,C++14 (GCC 5.4.1),cpp,Accepted,77,256,282,
s616247493,p02791,u893853810,1579468089,Python,Python (3.4.3),py,Wrong Answer,2105,28016,572,
s417207792,p02791,u117864291,1579468087,Java,Java8 (OpenJDK 1.8.0),java,Wrong Answer,2109,83512,580,
s684292288,p02791,u914046136,1579468085,Python,Python (3.4.3),py,Wrong Answer,96,24744,135,
s723263161,p02791,u196210689,1579468084,C++,C++14 (Clang 3.8.0),cpp,Time Limit Exceeded,2103,1024,763,
s988314674,p02791,u230717961,1579468084,Python,Python (3.4.3),py,Accepted,88,26012,294,
s596780664,p02791,u579324544,1579468084,Python,PyPy3 (2.4.0),py,Time Limit Exceeded,2112,78032,210,
s522450501,p02791,u679820235,1579468084,C,C (GCC 5.4.1),c,Time Limit Exceeded,2103,896,364,
s103183666,p02791,u049095189,1579468081,Perl,Perl (v5.18.2),pl,Accepted,861,41656,44,
s718248314,p02791,u811004127,1579468080,C++,C++14 (GCC 5.4.1),cpp,Accepted,22,2420,2829,
s626789821,p02791,u110383845,1579468079,C++,C++14 (GCC 5.4.1),cpp,Accepted,18,256,3626,
s654360259,p02791,u188925212,1579468077,C#,C# (Mono 4.6.2.0),cs,Time Limit Exceeded,2109,33540,548,
s591962261,p02791,u003826216,1579468076,C,C (GCC 5.4.1),c,Wrong Answer,2103,896,308,
s175385105,p02791,u499512304,1579468075,Java,Java8 (OpenJDK 1.8.0),java,Time Limit Exceeded,2109,65260,836,
s990779989,p02791,u786071074,1579468074,C++,C++14 (GCC 5.4.1),cpp,Wrong Answer,2103,1024,535,
s040558668,p02791,u686878489,1579468074,C,C (GCC 5.4.1),c,Time Limit Exceeded,2103,896,410,
s141475153,p02791,u958460645,1579468072,C++,C++14 (GCC 5.4.1),cpp,Time Limit Exceeded,2103,512,353,
s998191078,p02791,u534504780,1579468070,Java,Java8 (OpenJDK 1.8.0),java,Wrong Answer,2108,23124,745,
s877513244,p02791,u878849567,1579468070,Python,Python (3.4.3),py,Accepted,105,24744,149,
s992405957,p02791,u489797136,1579468070,C++,C++14 (GCC 5.4.1),cpp,Accepted,18,1024,720,
s274591339,p02791,u752682892,1579468068,C++,C++14 (GCC 5.4.1),cpp,Wrong Answer,62,1024,352,
s163133496,p02791,u837070819,1579468067,C++,C++14 (GCC 5.4.1),cpp,Wrong Answer,60,1400,329,
s592997047,p02791,u766349820,1579468067,Python,Python (3.4.3),py,Wrong Answer,117,24744,472,
s570918411,p02791,u763380276,1579468062,Python,Python (3.4.3),py,Runtime Error,38,17780,166,
s041099044,p02791,u803469014,1579468061,C#,C# (Mono 4.6.2.0),cs,Accepted,93,29404,2166,
s481121256,p02791,u696240348,1579468060,Python,PyPy3 (2.4.0),py,Time Limit Exceeded,2111,137152,178,
s046358140,p02791,u383179205,1579468055,Swift,Swift (swift-2.2-RELEASE),swift,Time Limit Exceeded,2104,12948,316,
s801202548,p02791,u159975271,1579468053,PHP,PHP (5.6.30),php,Wrong Answer,100,40180,269,
s125384368,p02791,u305388378,1579468052,Python,PyPy3 (2.4.0),py,Time Limit Exceeded,2107,71652,346,
s336271705,p02791,u971124021,1579468052,Python,Python (3.4.3),py,Wrong Answer,122,24744,163,
s418559876,p02791,u628965061,1579468051,Python,PyPy3 (2.4.0),py,Time Limit Exceeded,2110,117684,150,
s302428860,p02791,u215207367,1579468051,Python,Python (2.7.6),py,Accepted,127,19964,668,
s584071402,p02791,u012110567,1579468051,Ruby,Ruby (2.3.3),rb,Time Limit Exceeded,2112,18076,222,
s847292944,p02791,u698428209,1579468051,JavaScript,JavaScript (node.js v5.12),js,Wrong Answer,2109,22480,867,
s749182019,p02791,u671792681,1579468049,Python,Python (3.4.3),py,Wrong Answer,138,25768,169,
s029658415,p02791,u522185720,1579468049,Python,Python (3.4.3),py,Time Limit Exceeded,2104,25128,365,
s151321220,p02791,u348270417,1579468048,Python,Python (3.4.3),py,Runtime Error,77,28964,164,
s111850789,p02791,u216849520,1579468048,C++,C++14 (GCC 5.4.1),cpp,Wrong Answer,60,1024,1199,
s142120049,p02791,u455533363,1579468046,Python,Python (3.4.3),py,Time Limit Exceeded,2104,24744,181,
s989335732,p02791,u050093804,1579468045,C,C (Clang 3.8.0),c,Runtime Error,98,256,514,
s992443194,p02791,u029021990,1579468045,Python,Python (3.4.3),py,Time Limit Exceeded,2104,25768,337,
s096853392,p02791,u390411253,1579468041,C++,C++14 (GCC 5.4.1),cpp,Compile Error,,,433,
s759263366,p02791,u030983611,1579468039,C,C (GCC 5.4.1),c,Wrong Answer,1,128,384,
s555504475,p02791,u230717961,1579468034,Python,Python (3.4.3),py,Runtime Error,17,2940,294,
s510792346,p02791,u265171101,1579468031,C++,C++14 (GCC 5.4.1),cpp,Accepted,61,1024,283,
s409561586,p02791,u452885705,1579468031,Python,Python (3.4.3),py,Accepted,100,24744,191,
s452951977,p02791,u837070819,1579468029,C++,C++14 (GCC 5.4.1),cpp,Wrong Answer,2103,1400,329,
s569983501,p02791,u958460645,1579468028,C++,C++14 (GCC 5.4.1),cpp,Runtime Error,286,256,352,
s717994798,p02791,u959564194,1579468027,Python,Python (3.4.3),py,Time Limit Exceeded,2105,24060,408,
s176489813,p02791,u032223772,1579468027,Bash,Bash (GNU bash v4.3.11),sh,Accepted,81,736,40,
s085332351,p02791,u481134321,1579468023,C++,C++14 (GCC 5.4.1),cpp,Wrong Answer,77,1024,345,
s107488738,p02791,u080556513,1579468020,PHP,PHP7 (7.0.15),php,Accepted,59,18932,279,
s684663527,p02791,u879611390,1579468020,Ruby,Ruby (2.3.3),rb,Time Limit Exceeded,2108,17308,288,
s221907140,p02791,u259578064,1579468020,Ruby,Ruby (2.3.3),rb,Accepted,104,15236,193,
s282180682,p02791,u878545651,1579468018,Python,Python (3.4.3),py,Wrong Answer,169,17780,247,
s654692979,p02791,u552847961,1579468017,C++,C++14 (GCC 5.4.1),cpp,Time Limit Exceeded,2103,1024,652,
s240326304,p02791,u901144784,1579468016,Python,Python (3.4.3),py,Time Limit Exceeded,2104,24744,125,
s732315193,p02791,u986861353,1579468014,Python,Python (3.4.3),py,Time Limit Exceeded,2108,24744,329,
s507800543,p02791,u029587648,1579468012,Go,Go (1.6),go,Time Limit Exceeded,2107,3584,535,
s827938233,p02791,u155788692,1579468008,C++,C++14 (GCC 5.4.1),cpp,Time Limit Exceeded,2103,1024,355,
s052792543,p02791,u861886710,1579468007,Python,PyPy3 (2.4.0),py,Time Limit Exceeded,2107,75472,182,
s482243607,p02791,u834467361,1579468007,Java,Java8 (OpenJDK 1.8.0),java,Time Limit Exceeded,2109,88724,599,
s093013951,p02791,u187127284,1579468006,C++,C++14 (GCC 5.4.1),cpp,Accepted,77,1024,341,
s486751334,p02791,u698398824,1579468002,C++,C++14 (GCC 5.4.1),cpp,Wrong Answer,76,1792,326,
s124670196,p02791,u801513186,1579467997,C++,C++14 (GCC 5.4.1),cpp,Wrong Answer,71,3328,972,
s533835220,p02791,u331233176,1579467996,Python,Python (3.4.3),py,Wrong Answer,2104,26012,261,
s837417807,p02791,u135572611,1579467994,C++,C++14 (GCC 5.4.1),cpp,Accepted,25,4980,2022,
s933812661,p02791,u182774725,1579467990,C++,C++14 (GCC 5.4.1),cpp,Time Limit Exceeded,2103,1024,383,
s936094015,p02791,u070246438,1579467987,Python,PyPy3 (2.4.0),py,Time Limit Exceeded,2108,77648,242,
s827339539,p02791,u560858626,1579467987,C++,C++14 (GCC 5.4.1),cpp,Accepted,77,1792,2113,
s470388401,p02791,u901144784,1579467986,Python,Python (3.4.3),py,Runtime Error,17,3064,124,
s486234912,p02791,u459447880,1579467983,C++,C++14 (GCC 5.4.1),cpp,Accepted,79,1024,344,
s540709588,p02791,u119460590,1579467983,C++,C++14 (GCC 5.4.1),cpp,Accepted,190,9600,1134,
s719421205,p02791,u419471591,1579467982,C,C (GCC 5.4.1),c,Time Limit Exceeded,2103,512,405,
s100375417,p02791,u127882207,1579467982,C++,C++14 (GCC 5.4.1),cpp,Accepted,63,1792,308,
s850044697,p02791,u044251893,1579467981,Python,PyPy3 (2.4.0),py,Time Limit Exceeded,2108,83340,322,
s995988548,p02791,u088989565,1579467980,Python,Python (3.4.3),py,Accepted,108,24744,150,
s348547630,p02791,u172229946,1579467977,C,C (GCC 5.4.1),c,Accepted,22,896,409,
s117718782,p02791,u940139461,1579467976,Python,PyPy3 (2.4.0),py,Wrong Answer,317,88784,210,
s210411546,p02791,u558717347,1579467975,Python,Python (3.4.3),py,Time Limit Exceeded,2104,24744,346,
s935526460,p02791,u460185449,1579467975,Python,PyPy3 (2.4.0),py,Time Limit Exceeded,2107,75472,220,
s005434145,p02791,u486515092,1579467973,Java,Java8 (OpenJDK 1.8.0),java,Time Limit Exceeded,2109,48220,478,
s072184111,p02791,u265187423,1579467972,C++,C++14 (GCC 5.4.1),cpp,Wrong Answer,34,1280,446,
s201017295,p02791,u032223772,1579467970,Bash,Bash (GNU bash v4.3.11),sh,Wrong Answer,97,1740,42,
s842461030,p02791,u991269553,1579467962,Python,Python (3.4.3),py,Time Limit Exceeded,2105,19612,240,
s773815708,p02791,u671211357,1579467962,Python,Python (3.4.3),py,Time Limit Exceeded,2104,24596,174,
s537025032,p02791,u515328251,1579467961,C++,C++14 (GCC 5.4.1),cpp,Time Limit Exceeded,2103,1792,2116,
s458012770,p02791,u372452951,1579467961,C++,C++14 (GCC 5.4.1),cpp,Wrong Answer,2107,1024,483,
s205025696,p02791,u705857261,1579467958,Python,Python (3.4.3),py,Accepted,112,24744,222,
s757963441,p02791,u370564845,1579467956,Kotlin,Kotlin (1.0.0),kt,Wrong Answer,655,82952,324,
s560538504,p02791,u543257005,1579467955,C++,C++14 (GCC 5.4.1),cpp,Accepted,78,1792,382,
s128749968,p02791,u178586376,1579467951,Java,Java8 (OpenJDK 1.8.0),java,Time Limit Exceeded,2109,46804,2413,
s238945053,p02791,u784022244,1579467947,Python,Python (3.4.3),py,Runtime Error,217,34140,347,
s891870274,p02791,u039864635,1579467946,Python,Python (3.4.3),py,Time Limit Exceeded,2104,25768,199,
s200669474,p02791,u508934152,1579467945,Python,Python (3.4.3),py,Wrong Answer,2104,24744,233,
s515851406,p02791,u422698170,1579467944,C++,C++14 (GCC 5.4.1),cpp,Time Limit Exceeded,2103,1792,252,
s766963907,p02791,u636157062,1579467944,Python,Python (3.4.3),py,Time Limit Exceeded,2104,25768,205,
s355934868,p02791,u006949180,1579467942,C++,C++14 (GCC 5.4.1),cpp,Time Limit Exceeded,2103,1024,472,
s348263809,p02791,u697466353,1579467940,C++,C++14 (GCC 5.4.1),cpp,Accepted,12,256,3472,
s383786433,p02791,u120405020,1579467938,Python,Python (3.4.3),py,Time Limit Exceeded,2105,24744,366,
s550923623,p02791,u993429522,1579467933,C++,C++14 (GCC 5.4.1),cpp,Time Limit Exceeded,2103,896,454,
s985882064,p02791,u589457506,1579467931,C++,C++14 (Clang 3.8.0),cpp,Time Limit Exceeded,2103,1024,403,
s109521386,p02791,u734423776,1579467929,Python,Python (3.4.3),py,Accepted,125,24744,161,
s424350548,p02791,u536685012,1579467929,Python,PyPy3 (2.4.0),py,Accepted,251,75344,194,
s221360732,p02791,u350836088,1579467928,Python,Python (3.4.3),py,Accepted,107,24744,160,
s726794388,p02791,u991269553,1579467928,Python,Python (3.4.3),py,Wrong Answer,2105,22692,249,
s582755035,p02791,u746641209,1579467926,Java,Java8 (OpenJDK 1.8.0),java,Time Limit Exceeded,2110,342320,700,
s130641361,p02791,u333374716,1579467926,Ruby,Ruby (2.3.3),rb,Time Limit Exceeded,2109,19612,165,
s953667806,p02791,u193598069,1579467924,Python,Python (3.4.3),py,Wrong Answer,182,24744,300,
s028978387,p02791,u690873774,1579467923,Python,Python (3.4.3),py,Wrong Answer,113,24744,181,
s154563661,p02791,u977661421,1579467923,C,C (GCC 5.4.1),c,Time Limit Exceeded,2103,896,451,
s262309878,p02791,u027208253,1579467923,C++,C++14 (GCC 5.4.1),cpp,Time Limit Exceeded,2103,1024,429,
s859339127,p02791,u301600230,1579467920,C,C (GCC 5.4.1),c,Wrong Answer,2103,1664,520,
s287603665,p02791,u798557584,1579467919,Python,Python (3.4.3),py,Wrong Answer,2104,26012,424,
s277211234,p02791,u776864893,1579467918,Python,Python (3.4.3),py,Time Limit Exceeded,2104,24744,181,
s797055239,p02791,u348270417,1579467918,Python,Python (3.4.3),py,Runtime Error,71,29824,180,
s208285141,p02791,u811132356,1579467918,Python,Python (3.4.3),py,Time Limit Exceeded,2104,24744,184,
s486100852,p02791,u202837714,1579467917,C++,C++14 (GCC 5.4.1),cpp,Wrong Answer,2103,1024,328,
s756786072,p02791,u801513186,1579467916,C++,C++14 (GCC 5.4.1),cpp,Wrong Answer,71,3328,970,
s393481727,p02791,u159975271,1579467912,PHP,PHP (5.6.30),php,Wrong Answer,94,42228,215,
s732290168,p02791,u601575292,1579467911,Python,PyPy3 (2.4.0),py,Time Limit Exceeded,2108,77408,437,
s335691229,p02791,u721060623,1579467907,C,C (GCC 5.4.1),c,Accepted,23,896,5432,
s869579005,p02791,u822130495,1579467907,C++,C++14 (GCC 5.4.1),cpp,Accepted,62,1024,312,
s062719001,p02791,u266598805,1579467904,C,C (GCC 5.4.1),c,Time Limit Exceeded,2103,896,449,
s215492239,p02791,u570257051,1579467903,Python,Python (3.4.3),py,Accepted,133,24744,141,
s687077792,p02791,u098679988,1579467902,Python,Python (3.4.3),py,Time Limit Exceeded,2104,26012,295,
s915286102,p02791,u422272120,1579467901,Python,Python (3.4.3),py,Accepted,113,24744,196,
s579598315,p02791,u231189826,1579467901,Python,Python (3.4.3),py,Accepted,105,24744,173,
s675153445,p02791,u082978753,1579467900,Python,Python (3.4.3),py,Wrong Answer,2104,24744,167,
s090081307,p02791,u668352391,1579467900,Python,PyPy3 (2.4.0),py,Accepted,250,75184,171,
s919653536,p02791,u485566817,1579467898,Python,Python (3.4.3),py,Accepted,158,24744,157,
s735019697,p02791,u364076769,1579467897,C++,C++14 (GCC 5.4.1),cpp,Time Limit Exceeded,2103,1792,584,
s145496897,p02791,u784022244,1579467893,Python,Python (3.4.3),py,Runtime Error,222,34156,345,
s285956785,p02791,u012110567,1579467893,Ruby,Ruby (2.3.3),rb,Wrong Answer,2108,18076,262,
s125560744,p02791,u112364985,1579467892,Python,PyPy3 (2.4.0),py,Time Limit Exceeded,2111,136728,159,
s405945249,p02791,u275488634,1579467892,C++,C++14 (GCC 5.4.1),cpp,Time Limit Exceeded,2103,1024,320,
s915675119,p02791,u566755496,1579467891,C++,C++14 (GCC 5.4.1),cpp,Accepted,19,1792,651,
s922588078,p02791,u936558609,1579467891,C++,C++14 (GCC 5.4.1),cpp,Accepted,60,1024,504,
s653083924,p02791,u928385607,1579467891,Python,PyPy3 (2.4.0),py,Time Limit Exceeded,2107,75472,286,
s967427993,p02791,u861071267,1579467890,Python,Python (3.4.3),py,Accepted,117,25768,180,
s843724077,p02791,u011062360,1579467889,Python,Python (3.4.3),py,Time Limit Exceeded,2104,24744,190,
s967550138,p02791,u899967475,1579467889,C,C (GCC 5.4.1),c,Wrong Answer,22,896,533,
s633551372,p02791,u652522621,1579467888,Python,Python (3.4.3),py,Accepted,104,24744,176,
s843061520,p02791,u796708718,1579467888,Python,Python (3.4.3),py,Wrong Answer,237,16916,218,
s245886335,p02791,u540066138,1579467885,C++,C++14 (GCC 5.4.1),cpp,Wrong Answer,77,1024,228,
s659763495,p02791,u272682534,1579467884,Python,Python (3.4.3),py,Time Limit Exceeded,2105,26968,207,
s078489544,p02791,u698398824,1579467882,C++,C++14 (GCC 5.4.1),cpp,Wrong Answer,77,1792,324,
s260972338,p02791,u270015690,1579467879,Ruby,Ruby (2.3.3),rb,Wrong Answer,2108,15236,229,
s481398965,p02791,u427984570,1579467878,Python,Python (3.4.3),py,Wrong Answer,111,24744,141,
s113212359,p02791,u520392474,1579467878,Python,PyPy3 (2.4.0),py,Accepted,256,75472,161,
s052301173,p02791,u565385255,1579467878,C,C (GCC 5.4.1),c,Accepted,22,896,373,
s286567907,p02791,u672771778,1579467875,C++,C++14 (GCC 5.4.1),cpp,Accepted,77,1024,621,
s370268273,p02791,u986861353,1579467874,Python,Python (3.4.3),py,Wrong Answer,2104,24872,327,
s377479266,p02791,u202837714,1579467873,C++,C++14 (GCC 5.4.1),cpp,Runtime Error,97,256,324,
s267292659,p02791,u178586376,1579467871,Java,Java8 (OpenJDK 1.8.0),java,Compile Error,,,2413,
s696837556,p02791,u974558800,1579467870,C#,C# (Mono 4.6.2.0),cs,Time Limit Exceeded,2109,52620,7510,
s718803943,p02791,u032223772,1579467870,Bash,Bash (GNU bash v4.3.11),sh,Accepted,83,1748,45,
s054176832,p02791,u130560508,1579467869,C,C (GCC 5.4.1),c,Accepted,23,896,237,
s674979859,p02791,u572532976,1579467867,C++,C++14 (GCC 5.4.1),cpp,Accepted,19,1024,404,
s689029038,p02791,u225510395,1579467866,C,C (GCC 5.4.1),c,Wrong Answer,24,896,407,
s345869870,p02791,u552847961,1579467865,C++,C++14 (GCC 5.4.1),cpp,Compile Error,,,668,
s332241658,p02791,u145723021,1579467863,C#,C# (Mono 4.6.2.0),cs,Time Limit Exceeded,2109,34012,900,
s041134584,p02791,u522185720,1579467862,Python,Python (3.4.3),py,Time Limit Exceeded,2104,26248,362,
s093140921,p02791,u768173071,1579467862,C++,C++14 (GCC 5.4.1),cpp,Runtime Error,97,256,444,
s458725706,p02791,u628965061,1579467859,Python,PyPy3 (2.4.0),py,Time Limit Exceeded,2109,119804,156,
s041636267,p02791,u980869590,1579467857,C++,C++14 (GCC 5.4.1),cpp,Accepted,21,1024,902,
s596097899,p02791,u811132356,1579467856,Python,Python (3.4.3),py,Runtime Error,2104,24744,184,
s314256995,p02791,u940139461,1579467855,Python,PyPy3 (2.4.0),py,Wrong Answer,2112,137560,542,
s645722378,p02791,u449307360,1579467854,C,C (GCC 5.4.1),c,Accepted,22,128,280,
s827745544,p02791,u105921924,1579467852,Scala,Scala (2.11.7),scala,Accepted,589,56924,398,
s740398764,p02791,u840985185,1579467850,Python,Python (3.4.3),py,Time Limit Exceeded,2104,24744,155,
s073911142,p02791,u952669998,1579467849,Python,PyPy3 (2.4.0),py,Time Limit Exceeded,2108,75472,226,
s060972503,p02791,u120405020,1579467846,Python,PyPy3 (2.4.0),py,Time Limit Exceeded,2107,75640,230,
s128200252,p02791,u268128854,1579467842,C++,C++14 (GCC 5.4.1),cpp,Wrong Answer,190,9600,341,
s604556249,p02791,u422698170,1579467842,C++,C++14 (GCC 5.4.1),cpp,Wrong Answer,2107,1792,255,
s222537022,p02791,u930027605,1579467841,C++,C++14 (GCC 5.4.1),cpp,Accepted,63,1024,319,
s884204383,p02791,u488417454,1579467840,C,C (GCC 5.4.1),c,Wrong Answer,22,896,307,
s750034426,p02791,u645787471,1579467840,Ruby,Ruby (2.3.3),rb,Time Limit Exceeded,2112,44036,359,
s474087627,p02791,u392376796,1579467837,Java,Java8 (OpenJDK 1.8.0),java,Wrong Answer,1476,92368,519,
s872453775,p02791,u906922312,1579467836,Java,Java8 (OpenJDK 1.8.0),java,Time Limit Exceeded,2109,65096,598,
s127958976,p02791,u568763892,1579467835,Go,Go (1.6),go,Time Limit Exceeded,2108,13312,795,
s978708068,p02791,u980399456,1579467833,Python,Python (3.4.3),py,Time Limit Exceeded,2104,24744,212,
s635373071,p02791,u072633671,1579467833,C++,C++14 (GCC 5.4.1),cpp,Time Limit Exceeded,2103,1024,386,
s490546169,p02791,u023457099,1579467830,C++,C++14 (GCC 5.4.1),cpp,Wrong Answer,19,1792,350,
s257260732,p02791,u107077660,1579467825,C++,C++14 (GCC 5.4.1),cpp,Accepted,63,1024,288,
s667707274,p02791,u782138812,1579467825,Python,Python (3.4.3),py,Wrong Answer,117,24744,212,
s978727435,p02791,u082978753,1579467824,Python,Python (3.4.3),py,Wrong Answer,2104,24744,175,
s704428259,p02791,u453634575,1579467822,Python,Python (3.4.3),py,Time Limit Exceeded,2104,24744,567,
s747187739,p02791,u601575292,1579467821,Python,Python (3.4.3),py,Time Limit Exceeded,2104,24744,437,
s411107595,p02791,u016843859,1579467820,C++,C++14 (GCC 5.4.1),cpp,Time Limit Exceeded,2103,1024,397,
s434841338,p02791,u461513098,1579467819,Python,Python (3.4.3),py,Time Limit Exceeded,2104,24744,273,
s848625880,p02791,u881816188,1579467818,Python,Python (3.4.3),py,Wrong Answer,2104,27136,208,
s364833686,p02791,u577902321,1579467815,Python,Python (3.4.3),py,Accepted,126,24744,326,
s551084925,p02791,u044251893,1579467807,Python,PyPy3 (2.4.0),py,Time Limit Exceeded,2108,85600,329,
s991305173,p02791,u659587571,1579467807,Python,Python (3.4.3),py,Accepted,107,24744,219,
s094588646,p02791,u833436666,1579467805,C#,C# (Mono 4.6.2.0),cs,Time Limit Exceeded,2109,31452,715,
s266796914,p02791,u843553938,1579467803,Python,Python (3.4.3),py,Wrong Answer,113,24744,152,
s596980032,p02791,u673325378,1579467803,C++,C++14 (GCC 5.4.1),cpp,Time Limit Exceeded,2103,1024,290,
s245181239,p02791,u658175468,1579467802,C++,C++14 (GCC 5.4.1),cpp,Accepted,61,1024,336,
s930363455,p02791,u802712220,1579467802,C++,C++14 (GCC 5.4.1),cpp,Wrong Answer,19,1024,2207,
s232507538,p02791,u721060623,1579467800,C,C (GCC 5.4.1),c,Wrong Answer,23,896,5445,
s949033611,p02791,u760554869,1579467800,C++,C++14 (GCC 5.4.1),cpp,Time Limit Exceeded,2103,1920,473,
s559900526,p02791,u761087127,1579467799,Python,Python (3.4.3),py,Time Limit Exceeded,2104,24744,128,
s877350590,p02791,u386439695,1579467793,Python,Python (3.4.3),py,Wrong Answer,2105,24744,388,
s871649083,p02791,u819048695,1579467792,Python,PyPy3 (2.4.0),py,Accepted,251,75472,152,
s018691883,p02791,u961481098,1579467792,Python,Python (3.4.3),py,Runtime Error,17,2940,76,
s883745998,p02791,u270015690,1579467791,Ruby,Ruby (2.3.3),rb,Wrong Answer,2108,17284,228,
s378573499,p02791,u822029894,1579467789,Scala,Scala (2.11.7),scala,Time Limit Exceeded,2115,192768,456,
s325327016,p02791,u765690804,1579467788,C++,C++14 (GCC 5.4.1),cpp,Accepted,60,1024,928,
s631656954,p02791,u555820985,1579467785,Visual Basic,Visual Basic (Mono 4.0.1),vb,Accepted,95,33116,468,
s498515061,p02791,u039864635,1579467785,Python,Python (3.4.3),py,Time Limit Exceeded,2104,24744,204,
s951166333,p02791,u973991908,1579467785,C++,C++14 (GCC 5.4.1),cpp,Wrong Answer,35,1792,850,
s373139280,p02791,u049685239,1579467784,C++,C++14 (GCC 5.4.1),cpp,Time Limit Exceeded,2103,1024,635,
s870432565,p02791,u580844773,1579467781,C++,C++14 (GCC 5.4.1),cpp,Time Limit Exceeded,2103,1024,429,
s658001610,p02791,u798181098,1579467778,OCaml,OCaml (4.02.3),ml,Accepted,53,5888,231,
s890515828,p02791,u542322058,1579467778,C,C (GCC 5.4.1),c,Time Limit Exceeded,2103,896,434,
s876282296,p02791,u664749198,1579467777,Python,Python (3.4.3),py,Time Limit Exceeded,2104,24744,284,
s648385047,p02791,u981332890,1579467774,Python,PyPy3 (2.4.0),py,Time Limit Exceeded,2109,136596,310,
s212925346,p02791,u730499268,1579467774,C++,C++14 (GCC 5.4.1),cpp,Time Limit Exceeded,2103,1024,468,
s583246437,p02791,u842964692,1579467774,Python,Python (3.4.3),py,Accepted,124,24744,321,
s770554065,p02791,u202837714,1579467773,C++,C++14 (GCC 5.4.1),cpp,Wrong Answer,1,256,336,
s930363810,p02791,u663438907,1579467772,Python,Python (3.4.3),py,Accepted,151,24744,192,
s394180820,p02791,u080556513,1579467766,PHP,PHP7 (7.0.15),php,Time Limit Exceeded,2104,18932,243,
s516509659,p02791,u145723021,1579467766,C#,C# (Mono 4.6.2.0),cs,Time Limit Exceeded,2109,33372,1168,
s766603531,p02791,u570257051,1579467763,Python,Python (3.4.3),py,Time Limit Exceeded,2104,24744,164,
s061264578,p02791,u792195263,1579467762,Python,Python (3.4.3),py,Time Limit Exceeded,2109,24744,184,
s191581873,p02791,u798127712,1579467762,Python,Python (3.4.3),py,Accepted,142,24744,182,
s072369537,p02791,u193598069,1579467761,Python,Python (3.4.3),py,Runtime Error,70,24744,258,
s980785394,p02791,u419471591,1579467761,C,C (GCC 5.4.1),c,Time Limit Exceeded,2103,896,418,
s661605202,p02791,u241159583,1579467759,Python,Python (3.4.3),py,Wrong Answer,2104,26012,226,
s321878281,p02791,u245236065,1579467754,C++,C++14 (GCC 5.4.1),cpp,Time Limit Exceeded,2103,1024,481,
s016088069,p02791,u786071074,1579467747,C++,C++14 (GCC 5.4.1),cpp,Time Limit Exceeded,2103,1024,338,
s011099249,p02791,u850393463,1579467747,TypeScript,TypeScript (2.1.6),ts,Wrong Answer,2109,56668,554,
s622359626,p02791,u032223772,1579467745,Awk,Awk (mawk 1.3.3),awk,Accepted,55,380,41,
s098806204,p02791,u837070819,1579467743,C++,C++14 (GCC 5.4.1),cpp,Time Limit Exceeded,2103,1400,407,
s787890225,p02791,u973991908,1579467742,C++,C++14 (GCC 5.4.1),cpp,Wrong Answer,34,1024,853,
s993610655,p02791,u127228093,1579467742,Python,Python (3.4.3),py,Time Limit Exceeded,2104,25716,557,
s258405406,p02791,u329977093,1579467741,C,C (GCC 5.4.1),c,Time Limit Exceeded,2103,896,560,
s049226169,p02791,u787120084,1579467739,C++,C++14 (GCC 5.4.1),cpp,Accepted,60,1024,382,
s939768299,p02791,u881266297,1579467738,C++,C++14 (GCC 5.4.1),cpp,Time Limit Exceeded,2103,1024,447,
s560409120,p02791,u588558668,1579467738,Python,Python (3.4.3),py,Time Limit Exceeded,2104,25768,199,
s207262446,p02791,u801513186,1579467737,C++,C++14 (GCC 5.4.1),cpp,Wrong Answer,71,3328,958,
s755654024,p02791,u151869246,1579467735,C#,C# (Mono 4.6.2.0),cs,Time Limit Exceeded,2109,37500,2300,
s409118296,p02791,u585348179,1579467734,Python,Python (3.4.3),py,Time Limit Exceeded,2109,34144,214,
s528146347,p02791,u168377597,1579467733,PHP,PHP7 (7.0.15),php,Wrong Answer,52,16888,277,
s220290147,p02791,u045235021,1579467732,Python,Python (3.4.3),py,Wrong Answer,2109,26840,211,
s092376339,p02791,u534504780,1579467729,Python,Python (3.4.3),py,Wrong Answer,2104,25768,295,
s914479785,p02791,u618531621,1579467728,PHP,PHP7 (7.0.15),php,Time Limit Exceeded,2104,18932,238,
s038672872,p02791,u734423776,1579467727,Python,Python (3.4.3),py,Time Limit Exceeded,2104,24744,153,
s653159241,p02791,u120405020,1579467726,Python,Python (3.4.3),py,Time Limit Exceeded,2105,26676,230,
s033556799,p02791,u652275736,1579467726,Python,Python (3.4.3),py,Time Limit Exceeded,2104,17940,400,
s524179198,p02791,u486515092,1579467725,Java,Java8 (OpenJDK 1.8.0),java,Time Limit Exceeded,2109,85012,519,
s826779028,p02791,u852770206,1579467725,C++,C++14 (GCC 5.4.1),cpp,Accepted,60,1024,326,
s401696469,p02791,u450983668,1579467724,Python,PyPy3 (2.4.0),py,Accepted,245,84600,125,
s370512626,p02791,u110388719,1579467724,C++,C++14 (GCC 5.4.1),cpp,Time Limit Exceeded,2103,1024,473,
s585331057,p02791,u986861353,1579467723,Python,Python (3.4.3),py,Time Limit Exceeded,2104,26012,278,
s566721021,p02791,u693945629,1579467722,Python,Python (3.4.3),py,Time Limit Exceeded,2105,29420,207,
s778684230,p02791,u427667463,1579467722,C++,C++14 (GCC 5.4.1),cpp,Time Limit Exceeded,2107,1024,336,
s573796151,p02791,u756919993,1579467722,C++,C++14 (GCC 5.4.1),cpp,Accepted,60,1920,456,
s534067951,p02791,u634079249,1579467721,JavaScript,JavaScript (node.js v5.12),js,Time Limit Exceeded,2109,34472,374,
s637689430,p02791,u331233176,1579467721,Python,Python (3.4.3),py,Wrong Answer,2104,24744,208,
s575871847,p02791,u945971100,1579467721,C++,C++14 (GCC 5.4.1),cpp,Wrong Answer,77,1024,243,
s464815782,p02791,u057954075,1579467719,C++,C++14 (GCC 5.4.1),cpp,Wrong Answer,135,11248,4497,
s644205775,p02791,u382189652,1579467717,C,C (GCC 5.4.1),c,Time Limit Exceeded,2103,1024,290,
s175157747,p02791,u698849142,1579467708,Python,Python (3.4.3),py,Accepted,96,17940,171,
s232650907,p02791,u083858683,1579467708,PHP,PHP (5.6.30),php,Wrong Answer,14,4852,273,
s823369861,p02791,u946424121,1579467708,Python,Python (3.4.3),py,Wrong Answer,2104,24744,151,
s777456728,p02791,u029021990,1579467707,Python,Python (3.4.3),py,Time Limit Exceeded,2104,24744,335,
s722761119,p02791,u667300358,1579467707,Python,PyPy3 (2.4.0),py,Time Limit Exceeded,2107,77284,296,
s389804295,p02791,u112364985,1579467705,Python,Python (3.4.3),py,Time Limit Exceeded,2104,24744,159,
s353688282,p02791,u531475417,1579467705,C++,C++14 (GCC 5.4.1),cpp,Time Limit Exceeded,2103,1024,421,
s215289539,p02791,u567906952,1579467703,C++,C++14 (GCC 5.4.1),cpp,Accepted,60,1024,467,
s040368867,p02791,u077643536,1579467703,C,C (GCC 5.4.1),c,Time Limit Exceeded,2103,896,464,
s652996289,p02791,u728750700,1579467703,C,C (GCC 5.4.1),c,Accepted,22,1664,297,
s512218997,p02791,u006949180,1579467701,C++,C++14 (GCC 5.4.1),cpp,Wrong Answer,2103,1024,510,
s308152517,p02791,u230717961,1579467699,Python,Python (3.4.3),py,Time Limit Exceeded,2104,24744,311,
s385976968,p02791,u453634575,1579467697,Python,Python (3.4.3),py,Time Limit Exceeded,2104,25716,577,
s375459391,p02791,u416687643,1579467697,C++,C++14 (GCC 5.4.1),cpp,Accepted,20,896,229,
s864953018,p02791,u032223772,1579467694,Perl,Perl (v5.18.2),pl,Runtime Error,2,384,41,
s408562424,p02791,u910623605,1579467693,C++,C++14 (GCC 5.4.1),cpp,Time Limit Exceeded,2103,1024,743,
s754422991,p02791,u971124021,1579467693,Python,Python (3.4.3),py,Wrong Answer,115,24744,162,
s636386545,p02791,u346986631,1579467693,Go,Go (1.6),go,Wrong Answer,2107,4992,423,
s326667455,p02791,u979726772,1579467693,Python,Python (3.4.3),py,Accepted,88,24872,273,
s179167607,p02791,u973991908,1579467692,C++,C++14 (GCC 5.4.1),cpp,Wrong Answer,34,1024,853,
s575907499,p02791,u485566817,1579467691,Python,Python (3.4.3),py,Time Limit Exceeded,2104,24744,138,
s261213803,p02791,u058496530,1579467689,Python,Python (3.4.3),py,Accepted,152,16916,171,
s726742367,p02791,u816390432,1579467689,C++,C++14 (GCC 5.4.1),cpp,Accepted,63,1024,341,
s403039437,p02791,u582901340,1579467687,C++,C++14 (GCC 5.4.1),cpp,Accepted,77,1792,396,
s218800003,p02791,u020862560,1579467686,C++,C++14 (GCC 5.4.1),cpp,Runtime Error,102,256,328,
s902354579,p02791,u657913472,1579467685,Julia,Julia (0.5.0),jl,Accepted,857,165248,125,
s593409322,p02791,u067062087,1579467684,C,C (GCC 5.4.1),c,Time Limit Exceeded,2103,1664,629,
s685951634,p02791,u032223772,1579467683,Perl,Perl (v5.18.2),pl,Runtime Error,2,384,41,
s978951773,p02791,u681021630,1579467682,C++,C++14 (GCC 5.4.1),cpp,Accepted,60,1792,503,
s693453039,p02791,u752682892,1579467682,C++,C++14 (GCC 5.4.1),cpp,Time Limit Exceeded,2103,1024,362,
s099476405,p02791,u351356832,1579467678,C++,C++14 (GCC 5.4.1),cpp,Accepted,64,1400,377,
s676196449,p02791,u550708243,1579467676,Python,Python (3.4.3),py,Wrong Answer,118,24744,139,
s269090038,p02791,u696240348,1579467676,Python,PyPy3 (2.4.0),py,Time Limit Exceeded,2111,138180,166,
s021388040,p02791,u029587648,1579467672,Go,Go (1.6),go,Time Limit Exceeded,2108,10752,665,
s550559779,p02791,u189427183,1579467671,Python,PyPy3 (2.4.0),py,Accepted,255,85456,145,
s523531341,p02791,u624379665,1579467669,C++,C++14 (GCC 5.4.1),cpp,Time Limit Exceeded,2103,1024,451,
s883135844,p02791,u481134321,1579467666,C++,C++14 (GCC 5.4.1),cpp,Wrong Answer,78,1024,297,
s966255601,p02791,u057954075,1579467664,C++,C++14 (GCC 5.4.1),cpp,Time Limit Exceeded,2103,3952,4441,
s493494153,p02791,u498975813,1579467664,Python,Python (3.4.3),py,Time Limit Exceeded,2104,24744,348,
s818241358,p02791,u410888565,1579467663,C++,C++14 (GCC 5.4.1),cpp,Time Limit Exceeded,2103,1024,370,
s591487740,p02791,u652522621,1579467661,Python,Python (3.4.3),py,Wrong Answer,106,24744,229,
s034987856,p02791,u370657821,1579467659,Python,Python (3.4.3),py,Time Limit Exceeded,2104,24744,171,
s046611117,p02791,u323522006,1579467659,C++,C++14 (GCC 5.4.1),cpp,Time Limit Exceeded,2103,1400,659,
s214175706,p02791,u757117214,1579467658,Python,Python (3.4.3),py,Accepted,146,25116,127,
s126764685,p02791,u743561048,1579467657,C++,C++14 (GCC 5.4.1),cpp,Accepted,89,3824,1221,
s167263870,p02791,u628965061,1579467656,Python,PyPy3 (2.4.0),py,Time Limit Exceeded,2109,119220,186,
s915664579,p02791,u414338455,1579467655,Java,Java8 (OpenJDK 1.8.0),java,Wrong Answer,572,63972,431,
s057799497,p02791,u691317190,1579467653,C,C (GCC 5.4.1),c,Wrong Answer,23,896,335,
s877747610,p02791,u972658925,1579467653,Python,Python (3.4.3),py,Wrong Answer,2107,75900,324,
s351720825,p02791,u971124021,1579467651,Python,Python (3.4.3),py,Wrong Answer,116,24744,163,
s107649308,p02791,u872184182,1579467648,Python,Python (3.4.3),py,Accepted,110,24872,342,
s639104061,p02791,u946424121,1579467647,Python,Python (3.4.3),py,Time Limit Exceeded,2104,24744,137,
s888872925,p02791,u452291597,1579467646,C++,C++14 (GCC 5.4.1),cpp,Accepted,77,1024,1319,
s060004050,p02791,u414458988,1579467645,Python,Python (3.4.3),py,Wrong Answer,382,27272,1061,
s847656238,p02791,u364061715,1579467645,Python,Python (3.4.3),py,Accepted,107,24872,192,
s195323057,p02791,u850393463,1579467643,TypeScript,TypeScript (2.1.6),ts,Wrong Answer,2109,56668,550,
s015441755,p02791,u090445726,1579467643,C++,C++14 (GCC 5.4.1),cpp,Accepted,63,1024,526,
s788177618,p02791,u671792681,1579467641,Python,Python (3.4.3),py,Wrong Answer,144,25768,156,
s055640262,p02791,u293183495,1579467641,C,C (GCC 5.4.1),c,Runtime Error,103,256,397,
s306859321,p02791,u870981361,1579467639,Java,Java8 (OpenJDK 1.8.0),java,Time Limit Exceeded,2109,49916,564,
s153189723,p02791,u563697328,1579467638,Python,Python (3.4.3),py,Accepted,111,24744,183,
s885949949,p02791,u676458682,1579467638,Python,Python (3.4.3),py,Time Limit Exceeded,2104,24744,127,
s703174017,p02791,u308463793,1579467637,C++,C++14 (GCC 5.4.1),cpp,Time Limit Exceeded,2103,1024,622,
s555872769,p02791,u485405254,1579467635,C++,C++14 (GCC 5.4.1),cpp,Runtime Error,132,384,521,
s504884856,p02791,u101839330,1579467634,Python,PyPy3 (2.4.0),py,Time Limit Exceeded,2107,75472,328,
s194944372,p02791,u792195263,1579467632,Python,Python (3.4.3),py,Time Limit Exceeded,2104,24744,148,
s658757968,p02791,u297046168,1579467632,Python,PyPy3 (2.4.0),py,Accepted,266,75472,165,
s551052696,p02791,u763143338,1579467631,Java,Java8 (OpenJDK 1.8.0),java,Time Limit Exceeded,2109,60772,1386,
s704641633,p02791,u743889070,1579467625,C,C (GCC 5.4.1),c,Wrong Answer,2103,1280,519,
s962923889,p02791,u044251893,1579467624,Python,PyPy3 (2.4.0),py,Time Limit Exceeded,2108,85340,328,
s157571290,p02791,u347600233,1579467624,Python,Python (3.4.3),py,Time Limit Exceeded,2104,25768,186,
s048289382,p02791,u657913472,1579467623,Awk,Awk (mawk 1.3.3),awk,Wrong Answer,76,256,36,
s756995461,p02791,u582901340,1579467616,C++,C++14 (GCC 5.4.1),cpp,Runtime Error,167,640,397,
s427724452,p02791,u786071074,1579467615,C++,C++14 (GCC 5.4.1),cpp,Time Limit Exceeded,2103,1024,349,
s715384056,p02791,u728467704,1579467612,C#,C# (Mono 4.6.2.0),cs,Time Limit Exceeded,2109,31964,1040,
s898847696,p02791,u853064660,1579467612,Python,Python (3.4.3),py,Time Limit Exceeded,2104,24872,385,
s366429449,p02791,u606992289,1579467611,C++,C++14 (GCC 5.4.1),cpp,Accepted,60,1400,320,
s281507949,p02791,u524253154,1579467610,C,C (GCC 5.4.1),c,Time Limit Exceeded,2103,1664,570,
s076617031,p02791,u498975813,1579467609,Python,PyPy3 (2.4.0),py,Time Limit Exceeded,2110,136860,348,
s628329159,p02791,u452291597,1579467606,C++,C++14 (GCC 5.4.1),cpp,Runtime Error,139,640,1319,
s453638720,p02791,u387775763,1579467606,Java,Java8 (OpenJDK 1.8.0),java,Wrong Answer,591,91072,561,
s636255101,p02791,u354805691,1579467605,C++,C++14 (GCC 5.4.1),cpp,Wrong Answer,78,1792,415,
s578998500,p02791,u652908807,1579467605,C++,C++14 (GCC 5.4.1),cpp,Wrong Answer,61,1792,564,
s803648168,p02791,u382189652,1579467604,C++,C++14 (GCC 5.4.1),cpp,Compile Error,,,413,
s024183461,p02791,u080096625,1579467604,JavaScript,JavaScript (node.js v5.12),js,Wrong Answer,93,25184,597,
s342899404,p02791,u032223772,1579467603,Bash,Bash (GNU bash v4.3.11),sh,Wrong Answer,91,736,37,
s390475287,p02791,u084327817,1579467602,Python,PyPy3 (2.4.0),py,Time Limit Exceeded,2111,133868,249,
s495339841,p02791,u301362135,1579467600,Python,Python (3.4.3),py,Time Limit Exceeded,2104,26012,276,
s103628094,p02791,u303658591,1579467598,C++,C++14 (GCC 5.4.1),cpp,Accepted,79,1024,249,
s106285473,p02791,u624379665,1579467597,C++,C++14 (GCC 5.4.1),cpp,Wrong Answer,2103,640,454,
s631427444,p02791,u959492259,1579467596,C,C (Clang 3.8.0),c,Accepted,23,896,303,
s514538084,p02791,u991923581,1579467594,Python,Python (3.4.3),py,Accepted,162,17776,170,
s083744404,p02791,u947730913,1579467593,C++,C++14 (GCC 5.4.1),cpp,Time Limit Exceeded,2103,1024,331,
s171891832,p02791,u799978560,1579467593,Python,Python (3.4.3),py,Accepted,105,24744,139,
s213387272,p02791,u743561048,1579467593,C++,C++14 (GCC 5.4.1),cpp,Wrong Answer,401,5104,1244,
s561314691,p02791,u263768452,1579467591,C++,C++14 (GCC 5.4.1),cpp,Runtime Error,145,640,497,
s926823887,p02791,u225510395,1579467584,C,C (GCC 5.4.1),c,Wrong Answer,24,896,407,
s535954238,p02791,u088342491,1579467578,Kotlin,Kotlin (1.0.0),kt,Time Limit Exceeded,2111,140640,308,
s077396774,p02791,u783408650,1579467578,C++,C++14 (GCC 5.4.1),cpp,Accepted,60,1792,407,
s520406870,p02791,u289110687,1579467575,C,C (GCC 5.4.1),c,Time Limit Exceeded,2103,896,319,
s434604933,p02791,u422698170,1579467575,C++,C++14 (GCC 5.4.1),cpp,Time Limit Exceeded,2103,1792,257,
s378565029,p02791,u393913844,1579467574,Ruby,Ruby (2.3.3),rb,Accepted,102,15236,198,
s275209586,p02791,u696240348,1579467573,Python,PyPy3 (2.4.0),py,Time Limit Exceeded,2111,138108,187,
s890525687,p02791,u906481659,1579467571,Python,Python (3.4.3),py,Time Limit Exceeded,2104,24872,172,
s334984143,p02791,u202550027,1579467569,C++,C++14 (GCC 5.4.1),cpp,Accepted,19,1792,543,
s586734584,p02791,u960765595,1579467566,C++,C++14 (GCC 5.4.1),cpp,Time Limit Exceeded,2103,1024,459,
s832730028,p02791,u196210689,1579467565,C++,C++14 (Clang 3.8.0),cpp,Time Limit Exceeded,2103,1792,796,
s378787018,p02791,u718300386,1579467565,Python,PyPy3 (2.4.0),py,Time Limit Exceeded,2108,77544,220,
s817178866,p02791,u801513186,1579467560,C++,C++14 (GCC 5.4.1),cpp,Wrong Answer,74,3328,968,
s322555224,p02791,u120405020,1579467557,Python,Python (3.4.3),py,Time Limit Exceeded,2105,26968,221,
s895272858,p02791,u480370583,1579467557,Java,Java8 (OpenJDK 1.8.0),java,Time Limit Exceeded,2109,64460,693,
s388952238,p02791,u414458988,1579467556,Python,PyPy3 (2.4.0),py,Runtime Error,257,70876,1061,
s431844319,p02791,u508934152,1579467556,Python,Python (3.4.3),py,Runtime Error,26,6496,238,
s612040086,p02791,u585348179,1579467554,Python,Python (3.4.3),py,Wrong Answer,2108,33820,223,
s551396785,p02791,u119460590,1579467553,C++,C++14 (GCC 5.4.1),cpp,Accepted,172,9600,1144,
s735553110,p02791,u016843859,1579467552,C++,C++14 (GCC 5.4.1),cpp,Wrong Answer,79,1024,397,
s232291695,p02791,u127228093,1579467552,Python,Python (3.4.3),py,Time Limit Exceeded,2104,24744,485,
s696350407,p02791,u783408650,1579467550,C++,C++14 (GCC 5.4.1),cpp,Compile Error,,,670,
s026309860,p02791,u050093804,1579467550,C,C (Clang 3.8.0),c,Runtime Error,126,128,341,
s238805153,p02791,u628965061,1579467549,Python,Python (3.4.3),py,Time Limit Exceeded,2104,24744,186,
s254389915,p02791,u557802475,1579467549,C++,C++14 (GCC 5.4.1),cpp,Wrong Answer,59,1792,304,
s204403130,p02791,u007263493,1579467548,Python,Python (3.4.3),py,Wrong Answer,216,25344,270,
s135002491,p02791,u427984570,1579467547,Python,Python (3.4.3),py,Time Limit Exceeded,2104,24744,158,
s973075955,p02791,u656509863,1579467547,C++,C++14 (GCC 5.4.1),cpp,Accepted,21,1024,286,
s745926144,p02791,u350989619,1579467547,C++,C++14 (GCC 5.4.1),cpp,Time Limit Exceeded,2103,1792,2426,
s887439476,p02791,u029587648,1579467547,Go,Go (1.6),go,Runtime Error,4,768,567,
s492430354,p02791,u728467704,1579467546,C#,C# (Mono 4.6.2.0),cs,Time Limit Exceeded,2109,31964,1050,
s189955244,p02791,u542197477,1579467545,Ruby,Ruby (2.3.3),rb,Accepted,101,15236,208,
s485579465,p02791,u596952207,1579467541,C++,C++14 (GCC 5.4.1),cpp,Accepted,60,1024,302,
s972026890,p02791,u672771778,1579467541,C++,C++14 (GCC 5.4.1),cpp,Time Limit Exceeded,2103,1024,509,
s486344800,p02791,u756553422,1579467536,Python,Python (3.4.3),py,Accepted,106,24744,180,
s013916317,p02791,u001962212,1579467535,C++,C++14 (GCC 5.4.1),cpp,Accepted,21,1024,475,
s424333142,p02791,u188396343,1579467535,Java,Java8 (OpenJDK 1.8.0),java,Time Limit Exceeded,2109,96764,652,
s978604160,p02791,u637254885,1579467532,C++,C++14 (GCC 5.4.1),cpp,Time Limit Exceeded,2103,1024,360,
s132749247,p02791,u636011245,1579467531,C++,C++14 (GCC 5.4.1),cpp,Time Limit Exceeded,2103,1024,384,
s079238376,p02791,u602672972,1579467528,C++,C++14 (GCC 5.4.1),cpp,Wrong Answer,88,5120,493,
s361088442,p02791,u396522269,1579467527,C,C (GCC 5.4.1),c,Time Limit Exceeded,2103,896,465,
s255470973,p02791,u979180589,1579467526,Java,Java8 (OpenJDK 1.8.0),java,Time Limit Exceeded,2109,86632,617,
s789805683,p02791,u205936263,1579467526,Python,Python (3.4.3),py,Accepted,123,24744,200,
s712289964,p02791,u882823999,1579467525,C++,C++14 (GCC 5.4.1),cpp,Wrong Answer,79,1024,271,
s121818161,p02791,u983311472,1579467525,C++,C++14 (GCC 5.4.1),cpp,Accepted,66,1024,348,
s065594559,p02791,u596200441,1579467523,C++,C++14 (GCC 5.4.1),cpp,Wrong Answer,77,384,299,
s431554579,p02791,u085746830,1579467521,C++,C++14 (GCC 5.4.1),cpp,Wrong Answer,60,1792,243,
s206310768,p02791,u397953026,1579467519,C,C (GCC 5.4.1),c,Runtime Error,108,1280,350,
s068099426,p02791,u624255537,1579467517,Python,Python (3.4.3),py,Accepted,122,25768,246,
s641684790,p02791,u368078055,1579467516,Java,Java8 (OpenJDK 1.8.0),java,Accepted,585,63100,346,
s625275506,p02791,u747309718,1579467515,Python,Python (3.4.3),py,Time Limit Exceeded,2104,24744,436,
s533447778,p02791,u252854929,1579467515,Go,Go (1.6),go,Time Limit Exceeded,2107,3584,506,
s750453921,p02791,u323522006,1579467515,C++,C++14 (GCC 5.4.1),cpp,Wrong Answer,322,1400,656,
s796486167,p02791,u702943266,1579467515,C++,C++14 (GCC 5.4.1),cpp,Accepted,18,1024,549,
s878014833,p02791,u088342491,1579467512,Kotlin,Kotlin (1.0.0),kt,Wrong Answer,2111,141652,326,
s354650457,p02791,u187127284,1579467510,C++,C++14 (GCC 5.4.1),cpp,Wrong Answer,78,1024,301,
s144568918,p02791,u890183245,1579467510,Python,PyPy3 (2.4.0),py,Time Limit Exceeded,2113,136640,164,
s291228220,p02791,u067166809,1579467509,C++,C++14 (GCC 5.4.1),cpp,Time Limit Exceeded,2103,1024,585,
s227916014,p02791,u074488832,1579467508,C++,C++14 (GCC 5.4.1),cpp,Time Limit Exceeded,2103,1024,444,
s413731654,p02791,u893853810,1579467506,Python,Python (3.4.3),py,Time Limit Exceeded,2105,26968,475,
s071067988,p02791,u985930315,1579467504,Python,Python (3.4.3),py,Accepted,188,27304,222,
s266994021,p02791,u247644012,1579467501,C,C (GCC 5.4.1),c,Wrong Answer,2103,1664,286,
s368492155,p02791,u008911501,1579467499,C++,C++14 (GCC 5.4.1),cpp,Wrong Answer,2103,1792,401,
s918590008,p02791,u265171101,1579467495,C++,C++14 (GCC 5.4.1),cpp,Time Limit Exceeded,2103,384,321,
s911553704,p02791,u396522269,1579467495,C,C (GCC 5.4.1),c,Compile Error,,,465,
s364262204,p02791,u558717347,1579467494,Python,Python (3.4.3),py,Time Limit Exceeded,2104,24744,338,
s145162697,p02791,u767995501,1579467492,C++,C++14 (GCC 5.4.1),cpp,Wrong Answer,59,1792,308,
s487188268,p02791,u481134321,1579467491,C++,C++14 (GCC 5.4.1),cpp,Wrong Answer,79,1024,310,
s910915211,p02791,u819560934,1579467489,Python,Python (3.4.3),py,Wrong Answer,116,24744,233,
s085338656,p02791,u872184182,1579467487,Python,Python (3.4.3),py,Wrong Answer,144,24744,345,
s236892387,p02791,u675503966,1579467484,Java,Java8 (OpenJDK 1.8.0),java,Accepted,103,23508,3643,
s266494650,p02791,u950411977,1579467482,C++,C++14 (GCC 5.4.1),cpp,Accepted,66,1792,362,
s635413181,p02791,u756848425,1579467482,C++,C++14 (GCC 5.4.1),cpp,Time Limit Exceeded,2103,1024,302,
s985307154,p02791,u232873434,1579467481,Python,Python (3.4.3),py,Accepted,168,17780,224,
s547956107,p02791,u071695942,1579467480,Python,Python (3.4.3),py,Accepted,121,26792,202,
s753462887,p02791,u750673980,1579467480,Python,Python (3.4.3),py,Time Limit Exceeded,2109,34020,174,
s360160072,p02791,u469574680,1579467478,Python,Python (3.4.3),py,Time Limit Exceeded,2104,24744,565,
s449434524,p02791,u763143338,1579467473,Java,Java8 (OpenJDK 1.8.0),java,Time Limit Exceeded,2109,59044,1385,
s204194731,p02791,u891504219,1579467473,Python,Python (3.4.3),py,Time Limit Exceeded,2104,24744,156,
s954689270,p02791,u042425771,1579467473,PHP,PHP (5.6.30),php,Wrong Answer,132,39940,253,
s695999790,p02791,u602672972,1579467472,C++,C++14 (GCC 5.4.1),cpp,Wrong Answer,2062,135424,487,
s435592166,p02791,u752008961,1579467472,C#,C# (Mono 4.6.2.0),cs,Time Limit Exceeded,2109,34012,3162,
s633299349,p02791,u417014669,1579467471,Python,PyPy3 (2.4.0),py,Accepted,250,75344,209,
s092374469,p02791,u422272120,1579467471,Python,Python (3.4.3),py,Time Limit Exceeded,2104,25768,175,
s842111804,p02791,u333374716,1579467469,Ruby,Ruby (2.3.3),rb,Time Limit Exceeded,2108,20484,272,
s677563753,p02791,u837070819,1579467469,C++,C++14 (GCC 5.4.1),cpp,Time Limit Exceeded,2103,1400,385,
s420564798,p02791,u961548025,1579467468,Python,Python (3.4.3),py,Time Limit Exceeded,2104,24744,203,
s942771698,p02791,u387775763,1579467467,Java,Java8 (OpenJDK 1.8.0),java,Wrong Answer,588,87308,555,
s375203617,p02791,u524253154,1579467466,C,C (GCC 5.4.1),c,Time Limit Exceeded,2103,1664,539,
s941710804,p02791,u596200441,1579467463,C++,C++14 (GCC 5.4.1),cpp,Wrong Answer,76,256,275,
s449821461,p02791,u422698170,1579467460,C++,C++14 (GCC 5.4.1),cpp,Time Limit Exceeded,2103,1792,255,
s611058466,p02791,u290886932,1579467457,Python,Python (3.4.3),py,Wrong Answer,17,3064,556,
s102433335,p02791,u606393507,1579467456,Python,Python (3.4.3),py,Time Limit Exceeded,2105,25748,371,
s945096054,p02791,u507391030,1579467455,Ruby,Ruby (2.3.3),rb,Accepted,111,15236,194,
s910181516,p02791,u427667463,1579467455,C++,C++14 (GCC 5.4.1),cpp,Runtime Error,140,640,328,
s096825694,p02791,u323522006,1579467454,C++,C++14 (GCC 5.4.1),cpp,Wrong Answer,318,1400,650,
s154164153,p02791,u006949180,1579467454,C++,C++14 (GCC 5.4.1),cpp,Time Limit Exceeded,2103,1024,422,
s959795790,p02791,u015418292,1579467454,Java,Java8 (OpenJDK 1.8.0),java,Accepted,538,65612,1211,
s822296095,p02791,u675314298,1579467452,Fortran,Fortran (gfortran v4.8.4),f,Time Limit Exceeded,2103,2304,423,
s493284230,p02791,u087226138,1579467452,Python,Python (3.4.3),py,Accepted,151,24744,160,
s842671472,p02791,u501548892,1579467452,C++,C++14 (GCC 5.4.1),cpp,Accepted,78,1792,309,
s711413242,p02791,u717265305,1579467451,Python,Python (3.4.3),py,Time Limit Exceeded,2104,24744,119,
s673713742,p02791,u903328637,1579467450,Python,Python (3.4.3),py,Accepted,151,24744,182,
s775492131,p02791,u452291597,1579467449,C++,C++14 (GCC 5.4.1),cpp,Runtime Error,137,640,1379,
s475137645,p02791,u347600233,1579467446,Python,Python (3.4.3),py,Accepted,187,25768,244,
s824728698,p02791,u963686413,1579467445,Go,Go (1.6),go,Accepted,53,10368,2030,
s713879158,p02791,u668352391,1579467444,Python,PyPy3 (2.4.0),py,Wrong Answer,285,86608,236,
s333896432,p02791,u988031875,1579467443,C++,C++14 (GCC 5.4.1),cpp,Time Limit Exceeded,2103,1024,802,
s003550137,p02791,u639661783,1579467443,C++,C++14 (GCC 5.4.1),cpp,Time Limit Exceeded,2103,896,297,
s587413695,p02791,u563697328,1579467443,Python,Python (3.4.3),py,Time Limit Exceeded,2104,24744,165,
s837998320,p02791,u335664637,1579467442,Python,Python (3.4.3),py,Wrong Answer,2105,19240,223,
s166953479,p02791,u481134321,1579467442,C++,C++14 (GCC 5.4.1),cpp,Wrong Answer,79,1024,310,
s302663309,p02791,u042425771,1579467441,PHP,PHP (5.6.30),php,Wrong Answer,231,39684,349,
s159207460,p02791,u493249745,1579467441,C++,C++14 (GCC 5.4.1),cpp,Accepted,21,1024,1727,
s217656405,p02791,u062324064,1579467440,C++,C++14 (GCC 5.4.1),cpp,Wrong Answer,59,1792,963,
s498091100,p02791,u373295322,1579467438,Python,PyPy3 (2.4.0),py,Accepted,262,75344,218,
s279738792,p02791,u902409225,1579467437,Go,Go (1.6),go,Accepted,957,6144,288,
s604191979,p02791,u686930335,1579467436,TypeScript,TypeScript (2.1.6),ts,Time Limit Exceeded,2109,24764,404,
s510968387,p02791,u364061715,1579467435,Python,Python (3.4.3),py,Time Limit Exceeded,2104,24744,237,
s750950723,p02791,u563252794,1579467435,C++,C++14 (Clang 3.8.0),cpp,Accepted,167,1024,388,
s162867213,p02791,u232873434,1579467435,Python,Python (3.4.3),py,Wrong Answer,178,23332,233,
s082376422,p02791,u149377032,1579467433,Scheme,Scheme (Gauche 0.9.3.3),scm,Accepted,95,6104,504,
s477310626,p02791,u542322058,1579467433,C,C (GCC 5.4.1),c,Time Limit Exceeded,2103,896,608,
s128222817,p02791,u265626775,1579467431,C++,C++14 (GCC 5.4.1),cpp,Accepted,19,3328,3749,
s986578230,p02791,u217530935,1579467430,Python,Python (3.4.3),py,Time Limit Exceeded,2104,24744,335,
s044986925,p02791,u168377597,1579467430,PHP,PHP7 (7.0.15),php,Wrong Answer,18,6648,269,
s129445187,p02791,u202837714,1579467428,C++,C++14 (GCC 5.4.1),cpp,Time Limit Exceeded,2103,1024,284,
s552896926,p02791,u032223772,1579467428,Perl,Perl (v5.18.2),pl,Accepted,777,41708,42,
s989287546,p02791,u804880828,1579467427,C,C (GCC 5.4.1),c,Accepted,22,896,335,
s193358201,p02791,u652908807,1579467424,C++,C++14 (GCC 5.4.1),cpp,Wrong Answer,64,1792,545,
s346108810,p02791,u830527074,1579467424,C++,C++14 (GCC 5.4.1),cpp,Accepted,20,896,273,
s401037837,p02791,u085230437,1579467423,C,C (GCC 5.4.1),c,Time Limit Exceeded,2103,896,581,
s087136901,p02791,u959564194,1579467420,Python,Python (3.4.3),py,Wrong Answer,2105,24072,485,
s921391257,p02791,u850393463,1579467418,TypeScript,TypeScript (2.1.6),ts,Wrong Answer,2109,56668,570,
s461393323,p02791,u048791623,1579467416,C++,C++14 (GCC 5.4.1),cpp,Accepted,62,3564,732,
s935182970,p02791,u579832365,1579467416,Python,Python (3.4.3),py,Wrong Answer,111,24744,150,
s954177640,p02791,u987644943,1579467415,Rust,Rust (1.15.1),rs,Time Limit Exceeded,2103,15092,581,
s482164453,p02791,u273010357,1579467413,Python,Python (3.4.3),py,Time Limit Exceeded,2104,20348,278,
s709819799,p02791,u814548925,1579467412,C,C (GCC 5.4.1),c,Accepted,22,128,444,
s296686066,p02791,u452291597,1579467410,C++,C++14 (GCC 5.4.1),cpp,Compile Error,,,1318,
s145994138,p02791,u332097983,1579467409,JavaScript,JavaScript (node.js v5.12),js,Time Limit Exceeded,2114,546972,384,
s908397991,p02791,u070343125,1579467408,C++,C++14 (GCC 5.4.1),cpp,Accepted,63,1024,368,
s918486868,p02791,u956363574,1579467407,C++,C++14 (GCC 5.4.1),cpp,Accepted,62,1024,446,
s859172428,p02791,u458306277,1579467406,C++,C++14 (GCC 5.4.1),cpp,Accepted,77,256,201,
s285024612,p02791,u078982327,1579467406,Python,PyPy3 (2.4.0),py,Time Limit Exceeded,2111,136992,162,
s895537239,p02791,u064777819,1579467404,JavaScript,JavaScript (node.js v5.12),js,Time Limit Exceeded,2109,37016,116258,
s470602025,p02791,u756848425,1579467403,C++,C++14 (GCC 5.4.1),cpp,Compile Error,,,303,
s174325316,p02791,u959628874,1579467403,Java,Java8 (OpenJDK 1.8.0),java,Wrong Answer,2111,285912,1495,
s195545825,p02791,u833549197,1579467402,C++,C++14 (GCC 5.4.1),cpp,Accepted,60,1792,666,
s828992862,p02791,u666641075,1579467402,C++,C++ (GCC 5.4.1),cpp,Accepted,62,1024,376,
s080517319,p02791,u562321612,1579467402,C++,C++14 (GCC 5.4.1),cpp,Time Limit Exceeded,2103,1152,452,
s296294389,p02791,u727785798,1579467400,C++,C++14 (GCC 5.4.1),cpp,Accepted,61,1400,573,
s039326573,p02791,u351239842,1579467400,D,D (DMD64 v2.070.1),d,Accepted,38,10768,567,
s930446230,p02791,u639471661,1579467399,C++,C++14 (GCC 5.4.1),cpp,Time Limit Exceeded,2103,1024,602,
s690533937,p02791,u960531720,1579467399,Python,Python (3.4.3),py,Runtime Error,17,3060,370,
s078657961,p02791,u906922312,1579467398,Java,Java8 (OpenJDK 1.8.0),java,Wrong Answer,2109,64564,614,
s376171139,p02791,u798557584,1579467397,Python,Python (3.4.3),py,Time Limit Exceeded,2104,24744,419,
s536295283,p02791,u784022244,1579467396,Python,Python (3.4.3),py,Time Limit Exceeded,2108,34156,289,
s232585681,p02791,u700929101,1579467396,Python,Python (3.4.3),py,Time Limit Exceeded,2104,24744,237,
s602525446,p02791,u696988954,1579467395,C++,C++14 (GCC 5.4.1),cpp,Accepted,19,3328,723,
s418039012,p02791,u028146604,1579467393,C++,C++14 (GCC 5.4.1),cpp,Time Limit Exceeded,2104,3440,1177,
s841790111,p02791,u129414147,1579467393,C++,C++14 (GCC 5.4.1),cpp,Time Limit Exceeded,2103,1024,546,
s461611214,p02791,u960531720,1579467391,Python,Python (3.4.3),py,Runtime Error,19,3064,370,
s456041737,p02791,u395476105,1579467388,C++,C++14 (GCC 5.4.1),cpp,Wrong Answer,2103,1024,717,
s912832171,p02791,u762424840,1579467388,Python,Python (3.4.3),py,Time Limit Exceeded,2104,25716,376,
s939756588,p02791,u791977205,1579467386,Python,Python (3.4.3),py,Time Limit Exceeded,2104,24744,591,
s731109083,p02791,u057415180,1579467386,Python,Python (3.4.3),py,Time Limit Exceeded,2104,24744,222,
s569903868,p02791,u393913844,1579467386,Ruby,Ruby (2.3.3),rb,Time Limit Exceeded,2111,58264,162,
s715143319,p02791,u894521144,1579467383,Python,Python (3.4.3),py,Time Limit Exceeded,2112,34128,286,
s668915334,p02791,u323864528,1579467381,C++,C++14 (GCC 5.4.1),cpp,Accepted,61,1792,383,
s161069019,p02791,u946973499,1579467380,Java,Java8 (OpenJDK 1.8.0),java,Time Limit Exceeded,2109,77092,826,
s454569085,p02791,u696240348,1579467379,Python,PyPy3 (2.4.0),py,Wrong Answer,2110,112976,192,
s738711260,p02791,u634482428,1579467379,Ruby,Ruby (2.3.3),rb,Accepted,103,15364,137,
s135195323,p02791,u743561048,1579467375,C++,C++14 (GCC 5.4.1),cpp,Wrong Answer,90,3824,1205,
s707915990,p02791,u284124505,1579467373,C++,C++14 (GCC 5.4.1),cpp,Accepted,20,256,2619,
s998828853,p02791,u266113953,1579467371,Python,Python (3.4.3),py,Accepted,110,24744,180,
s124513130,p02791,u270015690,1579467370,Ruby,Ruby (2.3.3),rb,Time Limit Exceeded,2108,15236,217,
s781811580,p02791,u731247477,1579467369,C#,C# (Mono 4.6.2.0),cs,Accepted,106,31964,460,
s917392194,p02791,u178586376,1579467364,Java,Java8 (OpenJDK 1.8.0),java,Time Limit Exceeded,2109,53296,1245,
s237236240,p02791,u193598069,1579467362,Python,Python (3.4.3),py,Time Limit Exceeded,2104,26012,283,
s642006252,p02791,u028510162,1579467358,C++,C++14 (GCC 5.4.1),cpp,Accepted,78,256,432,
s350452143,p02791,u972658925,1579467355,Python,Python (3.4.3),py,Wrong Answer,2107,75644,296,
s402011079,p02791,u202837714,1579467354,C++,C++14 (GCC 5.4.1),cpp,Runtime Error,167,896,284,
s036614472,p02791,u906481659,1579467351,Python,Python (3.4.3),py,Wrong Answer,2104,25896,170,
s565235359,p02791,u966480259,1579467349,Java,Java8 (OpenJDK 1.8.0),java,Accepted,475,50588,921,
s195778604,p02791,u678300321,1579467349,C++,C++14 (GCC 5.4.1),cpp,Accepted,61,1024,311,
s517743464,p02791,u133822058,1579467348,Python,Python (3.4.3),py,Accepted,157,17780,237,
s824494484,p02791,u826702060,1579467347,Python,Python (3.4.3),py,Time Limit Exceeded,2104,25768,217,
s183896009,p02791,u254066052,1579467347,Python,Python (3.4.3),py,Wrong Answer,147,26012,401,
s172198823,p02791,u050093804,1579467347,C,C (Clang 3.8.0),c,Runtime Error,104,128,340,
s938408823,p02791,u179703950,1579467346,PHP,PHP7 (7.0.15),php,Wrong Answer,48,18936,329,
s225641615,p02791,u083858683,1579467346,PHP,PHP (5.6.30),php,Wrong Answer,462,4852,329,
s244747248,p02791,u250436918,1579467345,C++,C++14 (GCC 5.4.1),cpp,Accepted,78,1792,424,
s996294681,p02791,u757373026,1579467344,C++,C++14 (GCC 5.4.1),cpp,Accepted,77,1024,409,
s476031655,p02791,u060694763,1579467341,Python,PyPy3 (2.4.0),py,Accepted,239,75472,151,
s908778355,p02791,u419390395,1579467341,C++,C++14 (GCC 5.4.1),cpp,Time Limit Exceeded,2103,1024,1479,
s723076233,p02791,u197968862,1579467340,Python,Python (3.4.3),py,Accepted,116,24744,232,
s601976459,p02791,u955223794,1579467340,Python,Python (3.4.3),py,Accepted,131,24744,372,
s436957929,p02791,u750673980,1579467339,Python,Python (3.4.3),py,Time Limit Exceeded,2109,34028,175,
s852742747,p02791,u928385607,1579467339,Python,Python (3.4.3),py,Time Limit Exceeded,2104,24744,286,
s419834264,p02791,u675446547,1579467338,C++,C++14 (GCC 5.4.1),cpp,Accepted,78,256,292,
s016746288,p02791,u050093804,1579467336,C,C (Clang 3.8.0),c,Runtime Error,100,128,340,
s428371971,p02791,u935316779,1579467335,C++,C++14 (GCC 5.4.1),cpp,Accepted,18,256,2282,
s439182292,p02791,u757117214,1579467335,Python,Python (3.4.3),py,Time Limit Exceeded,2104,25116,157,
s584952309,p02791,u557802475,1579467335,C++,C++14 (GCC 5.4.1),cpp,Wrong Answer,60,1792,303,
s892426591,p02791,u230717961,1579467334,Python,Python (3.4.3),py,Time Limit Exceeded,2104,24744,410,
s541901701,p02791,u987001487,1579467331,Crystal,Crystal (0.20.5),cr,Time Limit Exceeded,2108,26236,160,
s348126979,p02791,u843553938,1579467330,Python,Python (3.4.3),py,Wrong Answer,110,24872,152,
s083533589,p02791,u334644046,1579467330,C++,C++14 (GCC 5.4.1),cpp,Accepted,77,1024,775,
s241928366,p02791,u520392474,1579467328,Python,PyPy3 (2.4.0),py,Time Limit Exceeded,2107,75472,234,
s842393292,p02791,u915531210,1579467327,C++,C++14 (GCC 5.4.1),cpp,Wrong Answer,2103,1400,818,
s671528553,p02791,u507237474,1579467326,Python,Python (3.4.3),py,Time Limit Exceeded,2104,24744,190,
s936135041,p02791,u042425771,1579467324,PHP,PHP (5.6.30),php,Wrong Answer,59,39812,327,
s605541356,p02791,u872184182,1579467324,Python,Python (3.4.3),py,Wrong Answer,145,26012,342,
s440499947,p02791,u907525511,1579467323,C++,C++14 (GCC 5.4.1),cpp,Time Limit Exceeded,2103,1024,406,
s452264922,p02791,u140480594,1579467323,Python,Python (3.4.3),py,Wrong Answer,102,24744,137,
s911193734,p02791,u876335718,1579467322,C++,C++14 (GCC 5.4.1),cpp,Accepted,26,5888,2278,
s969260767,p02791,u293156359,1579467322,C++,C++14 (GCC 5.4.1),cpp,Accepted,77,256,341,
s140844651,p02791,u297737163,1579467319,C++,C++14 (GCC 5.4.1),cpp,Wrong Answer,18,1024,682,
s421505898,p02791,u636157062,1579467319,Python,Python (3.4.3),py,Time Limit Exceeded,2104,25768,231,
s896725532,p02791,u811000506,1579467318,Python,Python (3.4.3),py,Wrong Answer,110,24744,138,
s442839636,p02791,u684504044,1579467318,Java,Java8 (OpenJDK 1.8.0),java,Time Limit Exceeded,2109,50880,510,
s246748798,p02791,u270043262,1579467318,C++,C++14 (GCC 5.4.1),cpp,Time Limit Exceeded,2103,1024,299,
s098084401,p02791,u426331823,1579467316,C++,C++14 (GCC 5.4.1),cpp,Time Limit Exceeded,2103,1024,386,
s968227450,p02791,u217530935,1579467314,Python,Python (3.4.3),py,Wrong Answer,2104,24744,335,
s071421330,p02791,u375974699,1579467314,C#,C# (Mono 4.6.2.0),cs,Wrong Answer,2109,35464,2451,
s087459565,p02791,u332097983,1579467312,JavaScript,JavaScript (node.js v5.12),js,Time Limit Exceeded,2115,546844,381,
s779070586,p02791,u252610200,1579467312,Python,PyPy3 (2.4.0),py,Time Limit Exceeded,2107,77536,223,
s760366519,p02791,u350836088,1579467309,Python,Python (3.4.3),py,Time Limit Exceeded,2105,24744,192,
s399108365,p02791,u088342491,1579467308,Kotlin,Kotlin (1.0.0),kt,Runtime Error,2112,139536,316,
s059513533,p02791,u202837714,1579467307,C++,C++14 (GCC 5.4.1),cpp,Runtime Error,142,640,284,
s076433842,p02791,u368078055,1579467307,Java,Java8 (OpenJDK 1.8.0),java,Time Limit Exceeded,2109,45332,503,
s592366275,p02791,u745267317,1579467306,C++,C++14 (GCC 5.4.1),cpp,Wrong Answer,2103,1024,295,
s673483793,p02791,u508934152,1579467304,Python,Python (3.4.3),py,Runtime Error,26,6656,257,
s336960438,p02791,u193598069,1579467304,Python,Python (3.4.3),py,Wrong Answer,87,26012,279,
s180582747,p02791,u886613668,1579467302,C++,C++14 (GCC 5.4.1),cpp,Accepted,63,1792,386,
s895978269,p02791,u752682892,1579467299,C++,C++14 (GCC 5.4.1),cpp,Time Limit Exceeded,2103,1024,365,
s991271779,p02791,u676323984,1579467298,C++,C++14 (GCC 5.4.1),cpp,Accepted,21,384,254,
s221478523,p02791,u460070747,1579467297,Python,Python (3.4.3),py,Time Limit Exceeded,2108,24744,158,
s692179607,p02791,u897940702,1579467297,Python,Python (3.4.3),py,Accepted,114,24744,179,
s305977300,p02791,u677695673,1579467296,C++,C++14 (GCC 5.4.1),cpp,Accepted,166,10368,503,
s545985961,p02791,u427984570,1579467294,Python,Python (3.4.3),py,Time Limit Exceeded,2104,24744,168,
s367536665,p02791,u207899215,1579467293,C++,C++14 (GCC 5.4.1),cpp,Accepted,20,2048,839,
s536416755,p02791,u960531720,1579467293,Python,Python (3.4.3),py,Runtime Error,20,3064,370,
s851350455,p02791,u145723021,1579467291,C#,C# (Mono 4.6.2.0),cs,Wrong Answer,2109,35420,1168,
s872088065,p02791,u481134321,1579467288,C++,C++14 (GCC 5.4.1),cpp,Wrong Answer,77,1024,363,
s814482463,p02791,u350989619,1579467286,C++,C++14 (GCC 5.4.1),cpp,Time Limit Exceeded,2103,1792,2482,
s285709821,p02791,u960531720,1579467285,Python,Python (3.4.3),py,Runtime Error,18,3064,370,
s715039095,p02791,u729939940,1579467282,Python,Python (3.4.3),py,Wrong Answer,2105,18472,355,
s812270130,p02791,u188925212,1579467282,C#,C# (Mono 4.6.2.0),cs,Time Limit Exceeded,2114,54656,502,
s004308552,p02791,u982127653,1579467282,Python,Python (3.4.3),py,Time Limit Exceeded,2104,26004,309,
s249911100,p02791,u517910772,1579467281,Python,Python (3.4.3),py,Accepted,155,26012,230,
s622534858,p02791,u207036582,1579467281,C++,C++14 (GCC 5.4.1),cpp,Accepted,19,1792,317,
s734469057,p02791,u520392474,1579467278,Python,Python (3.4.3),py,Time Limit Exceeded,2108,24744,234,
s296363112,p02791,u745267317,1579467277,C++,C++14 (GCC 5.4.1),cpp,Compile Error,,,293,
s981484583,p02791,u691745202,1579467277,PHP,PHP7 (7.0.15),php,Time Limit Exceeded,2104,18932,549,
s433442610,p02791,u928385607,1579467275,Python,Python (3.4.3),py,Runtime Error,17,2940,227,
s712794585,p02791,u120405020,1579467275,Python,Python (3.4.3),py,Time Limit Exceeded,2105,26012,253,
s081161491,p02791,u474551232,1579467273,C++,C++14 (GCC 5.4.1),cpp,Wrong Answer,60,1792,821,
s236539124,p02791,u862987631,1579467271,C++,C++14 (GCC 5.4.1),cpp,Wrong Answer,77,1024,284,
s602648763,p02791,u532022710,1579467271,Python,Python (3.4.3),py,Time Limit Exceeded,2105,29568,812,
s185801933,p02791,u944637843,1579467269,Python,Python (3.4.3),py,Time Limit Exceeded,2104,33820,169,
s905271062,p02791,u890183245,1579467268,Python,PyPy3 (2.4.0),py,Time Limit Exceeded,2111,136756,152,
s038866088,p02791,u322744344,1579467266,Ruby,Ruby (2.3.3),rb,Time Limit Exceeded,2109,19228,163,
s206262063,p02791,u049652688,1579467266,C++,C++14 (GCC 5.4.1),cpp,Accepted,78,1024,361,
s942916563,p02791,u658175468,1579467265,C++,C++14 (GCC 5.4.1),cpp,Time Limit Exceeded,2103,1024,528,
s226885177,p02791,u489797136,1579467262,C++,C++14 (GCC 5.4.1),cpp,Time Limit Exceeded,2103,1024,739,
s706028858,p02791,u582629544,1579467262,C++,C++14 (GCC 5.4.1),cpp,Accepted,65,1920,317,
s454481493,p02791,u334535590,1579467256,C++,C++14 (GCC 5.4.1),cpp,Accepted,76,256,255,
s379316570,p02791,u211544300,1579467254,C++,C++14 (GCC 5.4.1),cpp,Accepted,26,1400,353,
s612730151,p02791,u987001487,1579467253,Crystal,Crystal (0.20.5),cr,Compile Error,,,164,
s168956024,p02791,u077643536,1579467253,C#,C# (Mono 4.6.2.0),cs,Time Limit Exceeded,2109,34140,1022,
s464766828,p02791,u049685239,1579467249,C++,C++14 (GCC 5.4.1),cpp,Time Limit Exceeded,2103,1024,447,
s967780822,p02791,u816070625,1579467245,Python,Python (3.4.3),py,Time Limit Exceeded,2104,24744,135,
s697560852,p02791,u273010357,1579467243,Python,PyPy3 (2.4.0),py,Time Limit Exceeded,2107,69488,274,
s211301459,p02791,u902453631,1579467241,Python,Python (3.4.3),py,Time Limit Exceeded,2104,24744,256,
s385856306,p02791,u963128036,1579467240,Python,Python (3.4.3),py,Accepted,101,24436,207,
s050577670,p02791,u517910772,1579467240,Python,Python (3.4.3),py,Wrong Answer,154,24744,227,
s112671748,p02791,u445404615,1579467236,Python,Python (3.4.3),py,Accepted,147,24744,170,
s732145768,p02791,u055529891,1579467234,Python,Python (3.4.3),py,Accepted,109,24744,164,
s002816623,p02791,u528307805,1579467231,C++,C++14 (GCC 5.4.1),cpp,Accepted,77,1024,295,
s124240717,p02791,u193598069,1579467230,Python,Python (3.4.3),py,Time Limit Exceeded,2104,26012,276,
s494329822,p02791,u174617349,1579467230,Rust,Rust (1.15.1),rs,Accepted,53,6396,774,
s321532040,p02791,u396522269,1579467228,C,C (GCC 5.4.1),c,Time Limit Exceeded,2103,896,443,
s027877432,p02791,u777283665,1579467228,Python,PyPy3 (2.4.0),py,Time Limit Exceeded,2108,77552,173,
s529116209,p02791,u698428209,1579467228,JavaScript,JavaScript (node.js v5.12),js,Wrong Answer,2109,22832,756,
s032429703,p02791,u558908966,1579467226,C++,C++14 (GCC 5.4.1),cpp,Accepted,59,1024,3401,
s284747744,p02791,u639471661,1579467223,C++,C++14 (GCC 5.4.1),cpp,Time Limit Exceeded,2103,1024,588,
s883259704,p02791,u067062087,1579467221,C,C (GCC 5.4.1),c,Wrong Answer,2103,896,497,
s604115692,p02791,u691317190,1579467221,C,C (GCC 5.4.1),c,Wrong Answer,22,896,261,
s475174493,p02791,u416687643,1579467220,C++,C++14 (GCC 5.4.1),cpp,Wrong Answer,20,896,225,
s642248673,p02791,u517219904,1579467219,Java,Java8 (OpenJDK 1.8.0),java,Accepted,587,62848,326,
s985069517,p02791,u860855494,1579467218,Python,Python (3.4.3),py,Wrong Answer,2217,1776164,344,
s381983008,p02791,u910623605,1579467217,C++,C++14 (GCC 5.4.1),cpp,Time Limit Exceeded,2103,1024,626,
s788363237,p02791,u561231954,1579467216,Python,Python (3.4.3),py,Time Limit Exceeded,2261,35444,265,
s528596461,p02791,u453634575,1579467215,Python,Python (3.4.3),py,Time Limit Exceeded,2104,24744,450,
s423829181,p02791,u955223794,1579467215,Python,Python (3.4.3),py,Time Limit Exceeded,2104,24744,556,
s347059461,p02791,u639661783,1579467213,C++,C++14 (GCC 5.4.1),cpp,Time Limit Exceeded,2103,896,276,
s102820594,p02791,u699089116,1579467212,Python,PyPy3 (2.4.0),py,Time Limit Exceeded,2108,77520,229,
s924164025,p02791,u836622840,1579467211,C,C (GCC 5.4.1),c,Accepted,22,896,428,
s759420339,p02791,u381574135,1579467211,Python,PyPy3 (2.4.0),py,Accepted,255,75472,344,
s243449476,p02791,u645787471,1579467205,Ruby,Ruby (2.3.3),rb,Time Limit Exceeded,2108,17284,219,
s988024986,p02791,u764234894,1579467205,C++,C++14 (GCC 5.4.1),cpp,Accepted,18,1792,6419,
s039362611,p02791,u335664637,1579467203,Python,Python (3.4.3),py,Wrong Answer,2104,19624,225,
s889296155,p02791,u082978753,1579467202,Python,Python (3.4.3),py,Time Limit Exceeded,2104,24744,146,
s626653709,p02791,u717265305,1579467201,Python,Python (3.4.3),py,Time Limit Exceeded,2104,24744,133,
s910974515,p02791,u088221425,1579467201,Ruby,Ruby (2.3.3),rb,Wrong Answer,107,17284,158,
s835345534,p02791,u837070819,1579467201,C++,C++14 (GCC 5.4.1),cpp,Time Limit Exceeded,2103,1400,400,
s059507968,p02791,u374501720,1579467199,Python,Python (3.4.3),py,Time Limit Exceeded,2104,24744,230,
s647551190,p02791,u032696358,1579467195,C++,C++14 (GCC 5.4.1),cpp,Accepted,60,2560,408,
s572396867,p02791,u849466093,1579467194,C,C (GCC 5.4.1),c,Time Limit Exceeded,2103,896,435,
s671844166,p02791,u920236432,1579467194,C++,C++14 (GCC 5.4.1),cpp,Accepted,104,3324,618,
s843633149,p02791,u979180589,1579467194,Java,Java8 (OpenJDK 1.8.0),java,Time Limit Exceeded,2109,64608,562,
s937451540,p02791,u843553938,1579467194,Python,Python (3.4.3),py,Runtime Error,17,2940,160,
s116220959,p02791,u982127653,1579467193,Python,PyPy3 (2.4.0),py,Time Limit Exceeded,2107,77280,309,
s524673211,p02791,u176915127,1579467193,Python,Python (3.4.3),py,Time Limit Exceeded,2104,24744,329,
s423707269,p02791,u766349820,1579467192,Python,Python (3.4.3),py,Time Limit Exceeded,2104,26012,317,
s124182691,p02791,u801513186,1579467191,C++,C++14 (GCC 5.4.1),cpp,Wrong Answer,2103,3328,1059,
s114377295,p02791,u225510395,1579467191,C,C (GCC 5.4.1),c,Time Limit Exceeded,2103,896,580,
s215217060,p02791,u240901574,1579467190,Java,Java8 (OpenJDK 1.8.0),java,Accepted,585,66036,508,
s981395929,p02791,u321074777,1579467185,C++,C++14 (GCC 5.4.1),cpp,Accepted,19,1792,1291,
s082512482,p02791,u164047433,1579467185,Java,Java8 (OpenJDK 1.8.0),java,Time Limit Exceeded,2109,65372,578,
s164778875,p02791,u841557163,1579467184,Python,Python (3.4.3),py,Time Limit Exceeded,2104,24744,207,
s581083401,p02791,u743354620,1579467182,Python,Python (3.4.3),py,Accepted,91,24744,146,
s936519609,p02791,u364076769,1579467182,C++,C++14 (GCC 5.4.1),cpp,Runtime Error,142,384,543,
s508766375,p02791,u406984840,1579467181,C++,C++14 (GCC 5.4.1),cpp,Accepted,63,1152,415,
s160422761,p02791,u323522006,1579467180,C++,C++14 (GCC 5.4.1),cpp,Wrong Answer,322,1400,620,
s345668246,p02791,u187127284,1579467180,C++,C++14 (GCC 5.4.1),cpp,Wrong Answer,79,1024,259,
s589908076,p02791,u183284051,1579467180,Python,PyPy3 (2.4.0),py,Accepted,255,75344,171,
s444110633,p02791,u015418292,1579467178,Java,Java8 (OpenJDK 1.8.0),java,Wrong Answer,569,84304,1174,
s872451740,p02791,u891504219,1579467177,Python,PyPy3 (2.4.0),py,Time Limit Exceeded,2110,137040,156,
s131279818,p02791,u426331823,1579467176,C++,C++14 (GCC 5.4.1),cpp,Time Limit Exceeded,2107,1024,348,
s966438392,p02791,u520392474,1579467176,Python,Python (3.4.3),py,Wrong Answer,2104,24744,245,
s029454628,p02791,u667300358,1579467175,Python,Python (3.4.3),py,Wrong Answer,1987,24744,336,
s503997090,p02791,u202837714,1579467175,C++,C++14 (GCC 5.4.1),cpp,Time Limit Exceeded,2103,1024,284,
s877538554,p02791,u624255537,1579467174,Python,Python (3.4.3),py,Time Limit Exceeded,2105,26968,272,
s621095671,p02791,u460070747,1579467173,Python,PyPy3 (2.4.0),py,Time Limit Exceeded,2108,77544,308,
s003490814,p02791,u315354220,1579467172,Python,PyPy3 (2.4.0),py,Time Limit Exceeded,2112,137196,259,
s418277858,p02791,u534302832,1579467171,Python,Python (3.4.3),py,Accepted,120,25768,250,
s895859431,p02791,u086921921,1579467170,C++,C++14 (GCC 5.4.1),cpp,Accepted,77,256,335,
s480423100,p02791,u453634575,1579467170,Python,Python (3.4.3),py,Runtime Error,65,24744,428,
s496797577,p02791,u012110567,1579467166,Ruby,Ruby (2.3.3),rb,Time Limit Exceeded,2108,18468,182,
s562494147,p02791,u071695942,1579467164,Python,Python (3.4.3),py,Wrong Answer,112,24744,212,
s058917215,p02791,u057415180,1579467160,Python,Python (3.4.3),py,Time Limit Exceeded,2104,24744,220,
s041650337,p02791,u537962130,1579467158,Python,PyPy3 (2.4.0),py,Accepted,245,75472,116,
s142822633,p02791,u495699318,1579467156,C++,C++14 (GCC 5.4.1),cpp,Accepted,77,256,3876,
s444478304,p02791,u403537991,1579467156,Ruby,Ruby (2.3.3),rb,Accepted,111,16516,187,
s167073709,p02791,u548778623,1579467155,C++,C++14 (GCC 5.4.1),cpp,Time Limit Exceeded,2103,1792,439,
s331579825,p02791,u508062685,1579467154,C,C (GCC 5.4.1),c,Time Limit Exceeded,2103,896,546,
s960861348,p02791,u481134321,1579467152,C++,C++14 (GCC 5.4.1),cpp,Wrong Answer,77,1024,367,
s386852394,p02791,u626836361,1579467152,C++,C++14 (GCC 5.4.1),cpp,Wrong Answer,19,1792,416,
s953316020,p02791,u303658591,1579467152,C++,C++14 (GCC 5.4.1),cpp,Time Limit Exceeded,2103,1024,274,
s634941630,p02791,u477516105,1579467151,C++,C++14 (GCC 5.4.1),cpp,Accepted,80,1792,365,
s182809204,p02791,u332097983,1579467150,JavaScript,JavaScript (node.js v5.12),js,Wrong Answer,2109,33384,385,
s346965761,p02791,u524253154,1579467150,C,C (GCC 5.4.1),c,Time Limit Exceeded,2103,896,387,
s650564851,p02791,u015593272,1579467150,Python,Python (3.4.3),py,Time Limit Exceeded,2109,34120,241,
s539880626,p02791,u270015690,1579467149,Ruby,Ruby (2.3.3),rb,Time Limit Exceeded,2108,17284,203,
s189364819,p02791,u505505186,1579467148,Python,Python (3.4.3),py,Accepted,151,24744,276,
s681128077,p02791,u785155821,1579467147,C#,C# (Mono 4.6.2.0),cs,Accepted,98,31068,1948,
s028692705,p02791,u987644943,1579467146,Rust,Rust (1.15.1),rs,Time Limit Exceeded,2103,8444,567,
s912975353,p02791,u930134356,1579467145,C++,C++14 (GCC 5.4.1),cpp,Wrong Answer,78,1024,422,
s787354272,p02791,u872184182,1579467143,Python,Python (3.4.3),py,Wrong Answer,161,26012,265,
s124313768,p02791,u628965061,1579467141,Python,Python (3.4.3),py,Time Limit Exceeded,2104,26012,242,
s545708781,p02791,u826702060,1579467140,Python,Python (3.4.3),py,Runtime Error,76,24744,200,
s387021222,p02791,u385808251,1579467136,C++,C++14 (GCC 5.4.1),cpp,Accepted,162,9600,546,
s785490877,p02791,u959353968,1579467132,C++,C++14 (GCC 5.4.1),cpp,Accepted,77,1024,330,
s566400959,p02791,u238987462,1579467132,Python,Python (3.4.3),py,Accepted,113,24872,164,
s437642256,p02791,u208102827,1579467131,C++,C++14 (GCC 5.4.1),cpp,Accepted,62,3328,442,
s867046209,p02791,u761720628,1579467127,Python,PyPy3 (2.4.0),py,Time Limit Exceeded,2108,77540,181,
s120022692,p02791,u788501902,1579467125,Java,Java8 (OpenJDK 1.8.0),java,Accepted,548,62928,436,
s272140296,p02791,u364061715,1579467125,Python,Python (3.4.3),py,Time Limit Exceeded,2104,24744,144,
s056890195,p02791,u933763665,1579467124,C++,C++14 (GCC 5.4.1),cpp,Accepted,67,1792,400,
s829756213,p02791,u563853779,1579467124,Java,Java8 (OpenJDK 1.8.0),java,Accepted,594,87184,424,
s056860232,p02791,u930027605,1579467121,C++,C++14 (GCC 5.4.1),cpp,Time Limit Exceeded,2103,1152,443,
s150146148,p02791,u979726772,1579467120,Python,Python (3.4.3),py,Time Limit Exceeded,2104,25896,329,
s144175687,p02791,u193598069,1579467119,Python,Python (3.4.3),py,Wrong Answer,81,24744,276,
s841683040,p02791,u577902321,1579467118,Python,Python (3.4.3),py,Time Limit Exceeded,2104,24744,239,
s044562573,p02791,u070246438,1579467117,Python,PyPy3 (2.4.0),py,Wrong Answer,2108,77548,290,
s986170520,p02791,u756415797,1579467117,C++,C++14 (Clang 3.8.0),cpp,Time Limit Exceeded,2103,1024,369,
s448023343,p02791,u902453631,1579467116,Python,Python (3.4.3),py,Time Limit Exceeded,2104,26012,236,
s426236175,p02791,u785492958,1579467116,C++,C++14 (GCC 5.4.1),cpp,Accepted,77,256,270,
s979449535,p02791,u145723021,1579467112,C#,C# (Mono 4.6.2.0),cs,Runtime Error,2109,33500,1169,
s912913019,p02791,u303658591,1579467111,C++,C++14 (GCC 5.4.1),cpp,Compile Error,,,272,
s727657535,p02791,u578496933,1579467110,C++,C++14 (GCC 5.4.1),cpp,Accepted,20,1664,362,
s067953477,p02791,u308463793,1579467110,C++,C++14 (GCC 5.4.1),cpp,Wrong Answer,2103,1024,465,
s869500383,p02791,u818261158,1579467110,C++,C++14 (GCC 5.4.1),cpp,Wrong Answer,77,1024,237,
s016632280,p02791,u120405020,1579467109,Python,Python (3.4.3),py,Time Limit Exceeded,2105,27116,251,
s382359840,p02791,u872184182,1579467109,Python,Python (3.4.3),py,Wrong Answer,158,24744,265,
s256150262,p02791,u917066681,1579467109,C++,C++14 (GCC 5.4.1),cpp,Time Limit Exceeded,2103,1792,595,
s960592288,p02791,u202837714,1579467109,C++,C++14 (GCC 5.4.1),cpp,Runtime Error,124,256,279,
s263482373,p02791,u779655095,1579467104,C,C (GCC 5.4.1),c,Accepted,21,1664,322,
s291701153,p02791,u948694207,1579467102,Python,Python (3.4.3),py,Accepted,90,24744,174,
s448192673,p02791,u663438907,1579467102,Python,Python (3.4.3),py,Time Limit Exceeded,2109,34100,165,
s283994290,p02791,u127228093,1579467102,Python,Python (3.4.3),py,Time Limit Exceeded,2104,24744,444,
s181113365,p02791,u070343125,1579467102,C++,C++14 (GCC 5.4.1),cpp,Time Limit Exceeded,2103,1792,444,
s025367704,p02791,u329977093,1579467100,C,C (GCC 5.4.1),c,Time Limit Exceeded,2103,896,476,
s131733402,p02791,u599597776,1579467100,C,C (Clang 3.8.0),c,Runtime Error,100,128,304,
s307390809,p02791,u818533211,1579467100,C++,C++14 (GCC 5.4.1),cpp,Accepted,18,256,1298,
s049972352,p02791,u089644470,1579467099,Python,Python (3.4.3),py,Accepted,106,24744,185,
s506763393,p02791,u624379665,1579467099,C++,C++14 (GCC 5.4.1),cpp,Time Limit Exceeded,2103,512,468,
s371645318,p02791,u798557584,1579467099,Python,Python (3.4.3),py,Time Limit Exceeded,2104,24744,379,
s483738970,p02791,u691317190,1579467098,C++,C++14 (GCC 5.4.1),cpp,Wrong Answer,20,896,261,
s377957764,p02791,u636011245,1579467095,C++,C++14 (GCC 5.4.1),cpp,Time Limit Exceeded,2103,1024,387,
s739734031,p02791,u545221414,1579467091,Python,Python (3.4.3),py,Accepted,103,24744,159,
s643410919,p02791,u460185449,1579467091,Python,PyPy3 (2.4.0),py,Time Limit Exceeded,2111,136480,153,
s060005935,p02791,u557698358,1579467090,C++,C++14 (GCC 5.4.1),cpp,Accepted,77,1024,483,
s239158744,p02791,u798127712,1579467090,Python,Python (3.4.3),py,Wrong Answer,124,24744,188,
s454526629,p02791,u305388378,1579467090,Python,PyPy3 (2.4.0),py,Time Limit Exceeded,2107,71716,177,
s310724910,p02791,u993429522,1579467088,C++,C++14 (GCC 5.4.1),cpp,Time Limit Exceeded,2103,896,247,
s298663241,p02791,u029587648,1579467084,Go,Go (1.6),go,Time Limit Exceeded,2108,7040,319,
s841567932,p02791,u870981361,1579467084,Java,Java8 (OpenJDK 1.8.0),java,Time Limit Exceeded,2109,50048,559,
s477903908,p02791,u930134356,1579467083,C++,C++14 (GCC 5.4.1),cpp,Compile Error,,,419,
s080080630,p02791,u557389356,1579467083,C++,C++14 (GCC 5.4.1),cpp,Wrong Answer,2103,1024,278,
s242376476,p02791,u340781303,1579467081,Python,Python (3.4.3),py,Wrong Answer,113,24744,121,
s713747084,p02791,u722868069,1579467079,Python,PyPy3 (2.4.0),py,Accepted,238,75472,254,
s783816095,p02791,u541475502,1579467076,Python,Python (3.4.3),py,Accepted,108,24744,170,
s409154745,p02791,u906922312,1579467075,Java,Java8 (OpenJDK 1.8.0),java,Wrong Answer,564,78024,614,
s838417657,p02791,u973991908,1579467075,C++,C++14 (GCC 5.4.1),cpp,Wrong Answer,34,1024,855,
s384834470,p02791,u453634575,1579467073,Python,Python (3.4.3),py,Runtime Error,69,25716,424,
s229854446,p02791,u497927632,1579467072,C++,C++14 (GCC 5.4.1),cpp,Accepted,61,1024,414,
s888581834,p02791,u925765925,1579467070,C,C (GCC 5.4.1),c,Time Limit Exceeded,2103,896,503,
s667287855,p02791,u902409225,1579467067,Go,Go (1.6),go,Wrong Answer,74,3584,542,
s640529238,p02791,u620626180,1579467067,C++,C++14 (GCC 5.4.1),cpp,Wrong Answer,61,1024,497,
s766688749,p02791,u508934152,1579467065,Python,Python (3.4.3),py,Runtime Error,25,6772,255,
s588114789,p02791,u696240348,1579467063,Python,PyPy3 (2.4.0),py,Time Limit Exceeded,2111,137456,192,
s007467729,p02791,u659587571,1579467062,Python,Python (3.4.3),py,Time Limit Exceeded,2104,24744,246,
s061949371,p02791,u610133777,1579467060,Java,Java8 (OpenJDK 1.8.0),java,Accepted,578,65056,448,
s199006464,p02791,u542322058,1579467059,C,C (GCC 5.4.1),c,Time Limit Exceeded,2103,896,588,
s069705601,p02791,u057954075,1579467059,C++,C++14 (GCC 5.4.1),cpp,Time Limit Exceeded,2104,4848,4261,
s423763594,p02791,u882359130,1579467057,C++,C++14 (GCC 5.4.1),cpp,Accepted,78,1024,375,
s053968623,p02791,u833549197,1579467055,C++,C++14 (GCC 5.4.1),cpp,Wrong Answer,2,384,665,
s209922583,p02791,u284795785,1579467054,Java,Java8 (OpenJDK 1.8.0),java,Accepted,574,66104,416,
s185000063,p02791,u673355070,1579467051,C++,C++14 (GCC 5.4.1),cpp,Accepted,63,2420,787,
s353853267,p02791,u201382544,1579467050,Python,Python (3.4.3),py,Time Limit Exceeded,2106,44096,1403,
s393682790,p02791,u889604426,1579467049,Python,Python (3.4.3),py,Accepted,102,24744,166,
s875726451,p02791,u027675217,1579467048,Python,Python (3.4.3),py,Time Limit Exceeded,2104,26012,213,
s465834071,p02791,u014854522,1579467046,Ruby,Ruby (2.3.3),rb,Accepted,97,16516,181,
s919651971,p02791,u474561976,1579467046,C,C (GCC 5.4.1),c,Accepted,23,896,456,
s218884672,p02791,u460070747,1579467045,Python,Python (3.4.3),py,Time Limit Exceeded,2104,24744,308,
s349340608,p02791,u642229303,1579467044,C++,C++14 (GCC 5.4.1),cpp,Runtime Error,300,384,294,
s962731655,p02791,u906918812,1579467042,C++,C++14 (GCC 5.4.1),cpp,Time Limit Exceeded,2103,1792,565,
s743300820,p02791,u645538982,1579467042,Python,Python (3.4.3),py,Accepted,124,24744,190,
s238888469,p02791,u641804918,1579467041,Python,PyPy3 (2.4.0),py,Time Limit Exceeded,2113,137236,299,
s801141736,p02791,u217530935,1579467041,Python,Python (3.4.3),py,Time Limit Exceeded,2104,24744,358,
s670505422,p02791,u422698170,1579467041,C++,C++14 (GCC 5.4.1),cpp,Wrong Answer,2103,1792,255,
s464785652,p02791,u960765595,1579467041,C++,C++14 (GCC 5.4.1),cpp,Time Limit Exceeded,2103,1024,400,
s556905217,p02791,u243994971,1579467040,C++,C++14 (GCC 5.4.1),cpp,Wrong Answer,76,1024,329,
s129159287,p02791,u417014669,1579467040,Python,PyPy3 (2.4.0),py,Time Limit Exceeded,2110,119120,238,
s188893996,p02791,u193598069,1579467038,Python,Python (3.4.3),py,Runtime Error,18,2940,271,
s484505059,p02791,u162629735,1579467037,C++,C++14 (GCC 5.4.1),cpp,Time Limit Exceeded,2103,1024,450,
s200610792,p02791,u655135177,1579467037,Python,Python (3.4.3),py,Time Limit Exceeded,2104,19036,305,
s587183198,p02791,u763695695,1579467036,C,C (GCC 5.4.1),c,Time Limit Exceeded,2103,896,301,
s923236135,p02791,u566571310,1579467035,C++,C++14 (GCC 5.4.1),cpp,Accepted,61,1024,368,
s933443562,p02791,u296160120,1579467034,C++,C++14 (GCC 5.4.1),cpp,Accepted,64,2168,441,
s908216747,p02791,u746419473,1579467034,Python,Python (3.4.3),py,Accepted,142,24744,158,
s521530389,p02791,u312078744,1579467032,Python,Python (3.4.3),py,Time Limit Exceeded,2109,33168,270,
s474842403,p02791,u805304731,1579467031,C++,C++14 (GCC 5.4.1),cpp,Time Limit Exceeded,2103,1024,612,
s708455489,p02791,u818261158,1579467031,C++,C++14 (GCC 5.4.1),cpp,Compile Error,,,234,
s800310024,p02791,u077643536,1579467026,C#,C# (Mono 4.6.2.0),cs,Time Limit Exceeded,2108,32988,1088,
s886066067,p02791,u558717347,1579467025,Python,Python (3.4.3),py,Time Limit Exceeded,2104,25768,343,
s168218407,p02791,u620626180,1579467024,C++,C++14 (GCC 5.4.1),cpp,Compile Error,,,483,
s432241823,p02791,u761720628,1579467023,Python,Python (3.4.3),py,Time Limit Exceeded,2104,24744,180,
s125036066,p02791,u721508245,1579467023,Ruby,Ruby (2.3.3),rb,Time Limit Exceeded,2112,19332,150,
s991613223,p02791,u649464963,1579467022,JavaScript,JavaScript (node.js v5.12),js,Accepted,124,22352,360,
s492412334,p02791,u872184182,1579467021,Python,Python (3.4.3),py,Wrong Answer,162,26012,212,
s000268419,p02791,u910623605,1579467020,C++,C++14 (GCC 5.4.1),cpp,Time Limit Exceeded,2103,1024,609,
s816021189,p02791,u208102827,1579467018,C++,C++14 (GCC 5.4.1),cpp,Wrong Answer,62,3328,456,
s825535931,p02791,u469315559,1579467015,C++,C++14 (GCC 5.4.1),cpp,Accepted,79,1024,303,
s668404306,p02791,u445404615,1579467015,Python,Python (3.4.3),py,Time Limit Exceeded,2108,24744,144,
s192352472,p02791,u339658123,1579467013,C,C (GCC 5.4.1),c,Accepted,22,1024,389,
s161468643,p02791,u762182313,1579467012,C++,C++14 (GCC 5.4.1),cpp,Accepted,60,1024,470,
s228827113,p02791,u969438866,1579467011,C++,C++14 (GCC 5.4.1),cpp,Accepted,76,256,247,
s567014068,p02791,u930134356,1579467009,C++,C++14 (GCC 5.4.1),cpp,Compile Error,,,418,
s427125609,p02791,u208882647,1579467007,C++,C++14 (Clang 3.8.0),cpp,Wrong Answer,2103,1024,388,
s302653133,p02791,u830527074,1579467007,C++,C++14 (GCC 5.4.1),cpp,Time Limit Exceeded,2103,896,316,
s073086648,p02791,u671258429,1579467007,C++,C++14 (GCC 5.4.1),cpp,Time Limit Exceeded,2103,1792,358,
s033892282,p02791,u424410618,1579467003,Java,Java8 (OpenJDK 1.8.0),java,Wrong Answer,582,72564,583,
s002464592,p02791,u678300321,1579467002,C++,C++14 (GCC 5.4.1),cpp,Time Limit Exceeded,2103,1904,425,
s400107989,p02791,u668352391,1579467000,Python,PyPy3 (2.4.0),py,Wrong Answer,262,86608,239,
s577899146,p02791,u667300358,1579467000,Python,Python (3.4.3),py,Time Limit Exceeded,2104,26012,306,
s003686996,p02791,u577725498,1579466999,C,C (GCC 5.4.1),c,Time Limit Exceeded,2103,896,439,
s656892356,p02791,u177868850,1579466999,C++,C++14 (GCC 5.4.1),cpp,Accepted,19,1792,471,
s342589425,p02791,u414947284,1579466998,C++,C++14 (GCC 5.4.1),cpp,Accepted,77,1024,502,
s757054458,p02791,u082978753,1579466996,Python,Python (3.4.3),py,Time Limit Exceeded,2104,24744,153,
s799858267,p02791,u149377032,1579466996,Scheme,Scheme (Gauche 0.9.3.3),scm,Time Limit Exceeded,2104,6108,449,
s077557822,p02791,u568555377,1579466996,Java,Java7 (OpenJDK 1.7.0),java,Accepted,516,78160,498,
s933003617,p02791,u571638716,1579466996,Java,Java8 (OpenJDK 1.8.0),java,Accepted,582,65192,613,
s159477887,p02791,u677695673,1579466992,C++,C++14 (GCC 5.4.1),cpp,Wrong Answer,82,1024,467,
s304012298,p02791,u552746936,1579466991,Python,Python (3.4.3),py,Accepted,106,24436,216,
s230721127,p02791,u028146604,1579466991,C++,C++14 (GCC 5.4.1),cpp,Time Limit Exceeded,2103,2420,721,
s248871780,p02791,u996434204,1579466988,Python,Python (3.4.3),py,Time Limit Exceeded,2105,24744,255,
s279096582,p02791,u489762173,1579466987,Python,Python (3.4.3),py,Accepted,130,24744,255,
s417570972,p02791,u426331823,1579466985,C++,C++14 (GCC 5.4.1),cpp,Time Limit Exceeded,2103,1024,383,
s691207458,p02791,u890183245,1579466984,Python,PyPy3 (2.4.0),py,Time Limit Exceeded,2110,136796,144,
s383118220,p02791,u991923581,1579466982,Python,Python (3.4.3),py,Wrong Answer,135,19336,234,
s308869940,p02791,u791977205,1579466981,Python,Python (3.4.3),py,Time Limit Exceeded,2104,24744,410,
s628092630,p02791,u640754499,1579466980,C++,C++14 (GCC 5.4.1),cpp,Accepted,12,1024,837,
s184284287,p02791,u771538568,1579466978,Python,Python (3.4.3),py,Time Limit Exceeded,2104,24744,200,
s864865631,p02791,u910677388,1579466977,C#,C# (Mono 4.6.2.0),cs,Wrong Answer,127,30300,652,
s057735988,p02791,u950935344,1579466977,C++,C++14 (GCC 5.4.1),cpp,Wrong Answer,60,1400,281,
s491261175,p02791,u813674194,1579466976,C++,C++14 (GCC 5.4.1),cpp,Accepted,78,256,349,
s167746887,p02791,u686989171,1579466976,Python,Python (3.4.3),py,Accepted,143,24744,165,
s564984468,p02791,u200473040,1579466974,C++,C++14 (GCC 5.4.1),cpp,Wrong Answer,77,1024,245,
s192734958,p02791,u531812101,1579466972,C++,C++14 (GCC 5.4.1),cpp,Accepted,77,1024,347,
s316474873,p02791,u363936720,1579466972,C++,C++14 (GCC 5.4.1),cpp,Accepted,59,1792,568,
s371952789,p02791,u763143338,1579466968,Java,Java8 (OpenJDK 1.8.0),java,Time Limit Exceeded,2109,59200,1255,
s472447521,p02791,u802712220,1579466967,C++,C++14 (GCC 5.4.1),cpp,Wrong Answer,27,1908,1638,
s378537320,p02791,u320681122,1579466966,C,C (GCC 5.4.1),c,Accepted,22,896,328,
s352965169,p02791,u756415797,1579466965,C++,C++14 (Clang 3.8.0),cpp,Time Limit Exceeded,2103,1024,389,
s957451324,p02791,u437368899,1579466965,Ruby,Ruby (2.3.3),rb,Wrong Answer,361,21252,157,
s250568935,p02791,u293764826,1579466965,C++,C++14 (GCC 5.4.1),cpp,Accepted,18,1024,1885,
s262754451,p02791,u548778623,1579466962,C++,C++14 (GCC 5.4.1),cpp,Time Limit Exceeded,2103,1792,430,
s774330315,p02791,u465669072,1579466962,C++,C++14 (GCC 5.4.1),cpp,Accepted,62,3328,683,
s194857052,p02791,u917518913,1579466962,C++,C++14 (GCC 5.4.1),cpp,Accepted,77,1024,353,
s871006300,p02791,u096860578,1579466962,Ruby,Ruby (2.3.3),rb,Accepted,115,16516,203,
s912218915,p02791,u543569321,1579466960,Java,Java8 (OpenJDK 1.8.0),java,Accepted,578,88048,745,
s552424913,p02791,u071316868,1579466960,C++,C++14 (GCC 5.4.1),cpp,Wrong Answer,2103,1792,751,
s989877293,p02791,u739095155,1579466959,C++,C++14 (GCC 5.4.1),cpp,Wrong Answer,2103,1792,320,
s168483890,p02791,u411764647,1579466959,Python,Python (3.4.3),py,Accepted,135,25764,435,
s002406375,p02791,u985930315,1579466958,Python,Python (3.4.3),py,Time Limit Exceeded,2105,27992,178,
s396544665,p02791,u721425712,1579466958,Python,Python (3.4.3),py,Time Limit Exceeded,2104,24744,201,
s784872059,p02791,u064777819,1579466956,JavaScript,JavaScript (node.js v5.12),js,Time Limit Exceeded,2109,36996,116266,
s137879358,p02791,u879294842,1579466955,Julia,Julia (0.5.0),jl,Accepted,846,166972,473,
s377620920,p02791,u403537991,1579466953,Ruby,Ruby (2.3.3),rb,Time Limit Exceeded,2108,19716,131,
s810087845,p02791,u716660050,1579466953,Python,Python (3.4.3),py,Wrong Answer,162,17780,155,
s089964782,p02791,u787120084,1579466953,C++,C++14 (GCC 5.4.1),cpp,Wrong Answer,60,1024,290,
s192381134,p02791,u029587648,1579466952,Go,Go (1.6),go,Time Limit Exceeded,2104,6656,319,
s116937337,p02791,u284795785,1579466951,Java,Java8 (OpenJDK 1.8.0),java,Wrong Answer,583,65188,419,
s690396221,p02791,u517910772,1579466950,Python,Python (3.4.3),py,Time Limit Exceeded,2104,26408,319,
s833178193,p02791,u699089116,1579466950,Python,PyPy3 (2.4.0),py,Time Limit Exceeded,2107,77548,254,
s832065783,p02791,u857428111,1579466947,C++,C++14 (GCC 5.4.1),cpp,Accepted,60,1024,382,
s605288836,p02791,u888881904,1579466947,Python,Python (3.4.3),py,Time Limit Exceeded,2108,24744,149,
s239442613,p02791,u028146604,1579466946,C++,C++14 (GCC 5.4.1),cpp,Compile Error,,,531,
s528386601,p02791,u233473835,1579466945,C,C (GCC 5.4.1),c,Accepted,22,896,271,
s413175676,p02791,u023403571,1579466944,C++,C++14 (GCC 5.4.1),cpp,Accepted,77,1024,670,
s828676443,p02791,u656325289,1579466943,C++,C++14 (GCC 5.4.1),cpp,Accepted,60,1024,327,
s542308934,p02791,u474789708,1579466941,C++,C++14 (GCC 5.4.1),cpp,Time Limit Exceeded,2103,1024,311,
s845540437,p02791,u644546699,1579466941,Python,Python (3.4.3),py,Time Limit Exceeded,2104,26012,617,
s080484712,p02791,u890183245,1579466940,Python,PyPy3 (2.4.0),py,Wrong Answer,2111,206972,180,
s395926561,p02791,u252610200,1579466939,Python,Python (3.4.3),py,Time Limit Exceeded,2104,24744,223,
s941554430,p02791,u452885705,1579466938,Python,Python (3.4.3),py,Time Limit Exceeded,2104,24744,198,
s223175578,p02791,u395476105,1579466937,C++,C++14 (GCC 5.4.1),cpp,Wrong Answer,2103,1024,741,
s270681724,p02791,u636011245,1579466937,C++,C++14 (GCC 5.4.1),cpp,Compile Error,,,381,
s045255387,p02791,u459004628,1579466935,C,C (GCC 5.4.1),c,Time Limit Exceeded,2103,896,602,
s569286724,p02791,u568555377,1579466934,Java,Java7 (OpenJDK 1.7.0),java,Wrong Answer,546,78412,497,
s994760103,p02791,u595478415,1579466933,C++,C++14 (GCC 5.4.1),cpp,Accepted,20,896,261,
s650382478,p02791,u727785798,1579466932,C++,C++14 (GCC 5.4.1),cpp,Time Limit Exceeded,2107,1400,438,
s305158994,p02791,u347600233,1579466932,Python,Python (3.4.3),py,Time Limit Exceeded,2104,25768,174,
s505123301,p02791,u994034374,1579466931,Python,Python (3.4.3),py,Time Limit Exceeded,2104,24744,159,
s000214749,p02791,u853354378,1579466930,Rust,Rust (1.15.1),rs,Wrong Answer,13,6396,1697,
s184775928,p02791,u368516842,1579466929,Python,Python (3.4.3),py,Accepted,166,24744,145,
s321262426,p02791,u972658925,1579466929,Python,Python (3.4.3),py,Time Limit Exceeded,2108,95356,227,
s529664619,p02791,u332097983,1579466929,JavaScript,JavaScript (node.js v5.12),js,Wrong Answer,2109,34852,393,
s965026265,p02791,u694810977,1579466927,Python,Python (3.4.3),py,Accepted,120,24744,190,
s503768198,p02791,u925765925,1579466927,C++,C++14 (GCC 5.4.1),cpp,Time Limit Exceeded,2103,1024,532,
s651521302,p02791,u572026348,1579466927,C++,C++14 (GCC 5.4.1),cpp,Accepted,77,1024,347,
s099317465,p02791,u386439695,1579466926,Python,PyPy3 (2.4.0),py,Wrong Answer,2108,77548,407,
s598778558,p02791,u857428111,1579466924,C++,C++14 (GCC 5.4.1),cpp,Compile Error,,,380,
s211590751,p02791,u162629735,1579466923,C++,C++14 (GCC 5.4.1),cpp,Time Limit Exceeded,2103,1024,426,
s514706232,p02791,u364076769,1579466922,C++,C++14 (GCC 5.4.1),cpp,Runtime Error,135,384,548,
s354417903,p02791,u831822517,1579466921,C++,C++14 (GCC 5.4.1),cpp,Accepted,60,1792,375,
s789286533,p02791,u598696606,1579466921,Python,PyPy3 (2.4.0),py,Time Limit Exceeded,2108,80988,215,
s308975443,p02791,u055711678,1579466920,C++,C++14 (GCC 5.4.1),cpp,Accepted,18,1792,475,
s576159673,p02791,u766349820,1579466919,Python,Python (3.4.3),py,Time Limit Exceeded,2104,26012,285,
s745052457,p02791,u336381735,1579466915,C++,C++14 (GCC 5.4.1),cpp,Accepted,60,1024,437,
s719716043,p02791,u663438907,1579466915,Python,Python (3.4.3),py,Time Limit Exceeded,2104,24744,149,
s783770452,p02791,u866124363,1579466914,Python,Python (3.4.3),py,Accepted,89,24744,150,
s870713215,p02791,u254066052,1579466914,Python,Python (3.4.3),py,Wrong Answer,144,25768,387,
s079495286,p02791,u643712096,1579466912,C++,C++14 (GCC 5.4.1),cpp,Accepted,79,1024,328,
s697858163,p02791,u879611390,1579466911,Ruby,Ruby (2.3.3),rb,Time Limit Exceeded,2108,19204,374,
s563577288,p02791,u661336847,1579466909,C++,C++14 (GCC 5.4.1),cpp,Accepted,22,3328,604,
s659892344,p02791,u685019390,1579466908,Java,Java8 (OpenJDK 1.8.0),java,Time Limit Exceeded,2109,56912,766,
s123465843,p02791,u595839806,1579466903,C++,C++14 (GCC 5.4.1),cpp,Wrong Answer,68,1792,972,
s495809683,p02791,u159718526,1579466901,C++,C++14 (GCC 5.4.1),cpp,Wrong Answer,66,1024,239,
s141773076,p02791,u705362558,1579466897,C++,C++14 (GCC 5.4.1),cpp,Accepted,60,1024,385,
s756461209,p02791,u508062685,1579466897,C,C (GCC 5.4.1),c,Time Limit Exceeded,2103,896,555,
s930715383,p02791,u613765770,1579466896,C++,C++14 (GCC 5.4.1),cpp,Accepted,60,1792,1430,
s423224764,p02791,u130492706,1579466895,Python,Python (3.4.3),py,Accepted,115,26012,206,
s505574613,p02791,u272582322,1579466894,C++,C++14 (GCC 5.4.1),cpp,Wrong Answer,60,1792,1659,
s490105944,p02791,u826702060,1579466893,Python,Python (3.4.3),py,Time Limit Exceeded,2104,25768,146,
s234311893,p02791,u694191637,1579466889,C++,C++14 (GCC 5.4.1),cpp,Accepted,61,1468,415,
s475575594,p02791,u542322058,1579466889,C,C (GCC 5.4.1),c,Wrong Answer,2,128,609,
s738651840,p02791,u250436918,1579466888,C++,C++14 (GCC 5.4.1),cpp,Wrong Answer,78,1792,423,
s630867971,p02791,u301600230,1579466887,C,C (GCC 5.4.1),c,Time Limit Exceeded,2103,1664,421,
s203080875,p02791,u680184900,1579466885,C++,C++14 (GCC 5.4.1),cpp,Wrong Answer,2103,1792,522,
s820250144,p02791,u878849567,1579466884,Python,Python (3.4.3),py,Wrong Answer,73,18216,139,
s073132918,p02791,u364651911,1579466884,Python,Python (3.4.3),py,Accepted,196,17940,159,
s230484031,p02791,u093257968,1579466883,C++,C++14 (GCC 5.4.1),cpp,Accepted,59,1792,876,
s831414005,p02791,u930134356,1579466883,C++,C++14 (GCC 5.4.1),cpp,Wrong Answer,79,1024,417,
s849757550,p02791,u686930335,1579466883,TypeScript,TypeScript (2.1.6),ts,Time Limit Exceeded,2109,34508,395,
s258902984,p02791,u684906944,1579466882,Python,Python (3.4.3),py,Accepted,106,24744,153,
s643143045,p02791,u937247236,1579466881,C#,C# (Mono 4.6.2.0),cs,Time Limit Exceeded,2109,34628,82953,
s916168628,p02791,u407891541,1579466880,Python,Python (3.4.3),py,Accepted,289,31364,189,
s993109366,p02791,u332097983,1579466879,JavaScript,JavaScript (node.js v5.12),js,Wrong Answer,2109,34976,394,
s429108432,p02791,u415053349,1579466879,Python,Python (3.4.3),py,Time Limit Exceeded,2104,24744,176,
s292069764,p02791,u871570232,1579466877,C++,C++14 (GCC 5.4.1),cpp,Wrong Answer,77,1024,259,
s118142350,p02791,u734423776,1579466875,Python,Python (3.4.3),py,Time Limit Exceeded,2104,24744,267,
s823047190,p02791,u837070819,1579466875,C++,C++14 (GCC 5.4.1),cpp,Compile Error,,,548,
s242815996,p02791,u129414147,1579466873,C++,C++14 (GCC 5.4.1),cpp,Time Limit Exceeded,2103,1024,548,
s975520522,p02791,u334644046,1579466873,C++,C++14 (GCC 5.4.1),cpp,Wrong Answer,77,1024,750,
s646171760,p02791,u743354620,1579466873,Python,Python (3.4.3),py,Time Limit Exceeded,2104,24744,214,
s662394379,p02791,u254066052,1579466872,Python,Python (3.4.3),py,Wrong Answer,154,24744,328,
s244002711,p02791,u164873417,1579466868,Python,Python (3.4.3),py,Accepted,136,24744,193,
s366583157,p02791,u473023730,1579466867,Python,Python (3.4.3),py,Time Limit Exceeded,2108,26012,335,
s757432913,p02791,u422272120,1579466863,Python,Python (3.4.3),py,Time Limit Exceeded,2104,25768,224,
s823545415,p02791,u057415180,1579466862,Python,Python (3.4.3),py,Time Limit Exceeded,2104,24744,220,
s851482880,p02791,u187127284,1579466862,C++,C++14 (GCC 5.4.1),cpp,Wrong Answer,78,1024,259,
s932626962,p02791,u677695673,1579466861,C++,C++14 (GCC 5.4.1),cpp,Wrong Answer,77,1024,466,
s827049399,p02791,u810450933,1579466861,C,C (GCC 5.4.1),c,Accepted,22,128,268,
s453095483,p02791,u288500098,1579466859,C++,C++ (GCC 5.4.1),cpp,Compile Error,,,402,
s208462471,p02791,u870981361,1579466856,Java,Java8 (OpenJDK 1.8.0),java,Time Limit Exceeded,2109,49624,529,
s233474910,p02791,u006949180,1579466853,C++,C++14 (GCC 5.4.1),cpp,Wrong Answer,2103,1024,491,
s955368001,p02791,u529106146,1579466852,Python,Python (3.4.3),py,Time Limit Exceeded,2104,24744,137,
s960045744,p02791,u322744344,1579466852,Ruby,Ruby (2.3.3),rb,Time Limit Exceeded,2109,19228,197,
s155607323,p02791,u327310087,1579466852,C++,C++14 (GCC 5.4.1),cpp,Time Limit Exceeded,2103,1024,402,
s193505505,p02791,u060694763,1579466852,Python,PyPy3 (2.4.0),py,Time Limit Exceeded,2109,119632,159,
s611459883,p02791,u196675341,1579466851,Python,Python (3.4.3),py,Time Limit Exceeded,2104,24744,508,
s767204732,p02791,u085230437,1579466850,C,C (GCC 5.4.1),c,Time Limit Exceeded,2103,896,598,
s164584003,p02791,u717265305,1579466850,Python,Python (3.4.3),py,Time Limit Exceeded,2104,24744,172,
s664715047,p02791,u674120728,1579466849,C++,C++14 (GCC 5.4.1),cpp,Time Limit Exceeded,2103,1792,396,
s977952863,p02791,u928254435,1579466849,Python,Python (3.4.3),py,Accepted,109,25984,755,
s394946710,p02791,u987644943,1579466848,Rust,Rust (1.15.1),rs,Runtime Error,3,6396,565,
s616785956,p02791,u933763665,1579466848,C++,C++14 (GCC 5.4.1),cpp,Time Limit Exceeded,2103,1792,427,
s067774311,p02791,u437368899,1579466847,Ruby,Ruby (2.3.3),rb,Wrong Answer,357,19204,156,
s894916451,p02791,u930134356,1579466847,C++,C++14 (GCC 5.4.1),cpp,Compile Error,,,415,
s572602864,p02791,u634079249,1579466846,JavaScript,JavaScript (node.js v5.12),js,Time Limit Exceeded,2109,24144,402,
s538423249,p02791,u067062087,1579466846,C,C (GCC 5.4.1),c,Wrong Answer,22,896,498,
s303291537,p02791,u985598176,1579466846,C++,C++14 (GCC 5.4.1),cpp,Wrong Answer,60,1792,318,
s897620725,p02791,u802712220,1579466844,C++,C++14 (GCC 5.4.1),cpp,Wrong Answer,26,1908,1637,
s219258678,p02791,u423571683,1579466844,C++,C++14 (GCC 5.4.1),cpp,Time Limit Exceeded,2103,1024,220,
s915400313,p02791,u236489401,1579466844,C,C (GCC 5.4.1),c,Accepted,22,896,335,
s671097264,p02791,u718300386,1579466844,Python,Python (3.4.3),py,Time Limit Exceeded,2188,1305024,243,
s601143016,p02791,u252733270,1579466843,C,C (GCC 5.4.1),c,Accepted,23,1664,478,
s497704816,p02791,u028146604,1579466839,C++,C++14 (GCC 5.4.1),cpp,Compile Error,,,620,
s009363014,p02791,u481134321,1579466837,C++,C++14 (GCC 5.4.1),cpp,Time Limit Exceeded,2103,1024,397,
s483233480,p02791,u886613668,1579466836,C++,C++14 (GCC 5.4.1),cpp,Wrong Answer,61,1920,394,
s084098450,p02791,u936558609,1579466833,C++,C++14 (GCC 5.4.1),cpp,Wrong Answer,2103,1024,504,
s097936835,p02791,u203383537,1579466833,Python,PyPy3 (2.4.0),py,Accepted,245,75472,160,
s667834352,p02791,u861886710,1579466832,Python,Python (3.4.3),py,Time Limit Exceeded,2108,24744,182,
s887995695,p02791,u798127712,1579466831,Python,Python (3.4.3),py,Wrong Answer,119,24872,187,
s329299362,p02791,u071316868,1579466830,C++,C++14 (GCC 5.4.1),cpp,Runtime Error,157,1024,747,
s443623062,p02791,u613218639,1579466830,C++,C++14 (GCC 5.4.1),cpp,Accepted,21,1024,744,
s774160793,p02791,u227763649,1579466829,C++,C++14 (GCC 5.4.1),cpp,Accepted,78,1792,410,
s356094988,p02791,u067166809,1579466828,C++,C++14 (GCC 5.4.1),cpp,Time Limit Exceeded,2103,1024,443,
s484284867,p02791,u702719601,1579466827,Haskell,Haskell (GHC 7.10.3),hs,Accepted,1016,64892,191,
s202232122,p02791,u853547292,1579466826,Python,Python (3.4.3),py,Time Limit Exceeded,2108,24744,145,
s974759288,p02791,u520392474,1579466823,Python,Python (3.4.3),py,Wrong Answer,2104,24744,231,
s911301879,p02791,u837070819,1579466823,C++,C++14 (GCC 5.4.1),cpp,Compile Error,,,554,
s650008535,p02791,u602672972,1579466822,C++,C++14 (GCC 5.4.1),cpp,Wrong Answer,86,5120,408,
s483385540,p02791,u982127653,1579466821,Python,PyPy3 (2.4.0),py,Runtime Error,186,51824,330,
s230852330,p02791,u016843859,1579466819,C++,C++14 (GCC 5.4.1),cpp,Time Limit Exceeded,2103,1024,326,
s110846939,p02791,u898519691,1579466817,C++,C++14 (GCC 5.4.1),cpp,Accepted,60,2420,682,
s036975156,p02791,u131754692,1579466817,C++,C++14 (GCC 5.4.1),cpp,Time Limit Exceeded,2103,1024,540,
s129963851,p02791,u548778623,1579466817,C++,C++14 (GCC 5.4.1),cpp,Wrong Answer,2103,1920,432,
s468326346,p02791,u189427183,1579466816,Python,PyPy3 (2.4.0),py,Wrong Answer,250,85456,130,
s247114869,p02791,u853354378,1579466814,Rust,Rust (1.15.1),rs,Wrong Answer,13,6524,1698,
s727183779,p02791,u655135177,1579466814,Python,Python (3.4.3),py,Time Limit Exceeded,2104,17792,273,
s151826946,p02791,u729939940,1579466813,Python,Python (3.4.3),py,Wrong Answer,2105,20280,322,
s289559194,p02791,u743561048,1579466812,C++,C++14 (GCC 5.4.1),cpp,Time Limit Exceeded,2103,1792,2657,
s899606345,p02791,u902409225,1579466812,Go,Go (1.6),go,Time Limit Exceeded,2107,5888,482,
s274438105,p02791,u562321612,1579466811,C++,C++14 (GCC 5.4.1),cpp,Wrong Answer,19,1024,341,
s615930009,p02791,u458306277,1579466810,C++,C++14 (GCC 5.4.1),cpp,Runtime Error,2103,1024,243,
s998277471,p02791,u696240348,1579466807,Python,Python (3.4.3),py,Time Limit Exceeded,2104,25768,169,
s550845478,p02791,u628965061,1579466807,Python,Python (3.4.3),py,Time Limit Exceeded,2104,24744,136,
s335851791,p02791,u060694763,1579466805,Python,Python (3.4.3),py,Time Limit Exceeded,2108,24872,159,
s084713318,p02791,u925966341,1579466805,C++,C++14 (GCC 5.4.1),cpp,Accepted,19,1792,1556,
s683775765,p02791,u311003976,1579466805,Python,PyPy3 (2.4.0),py,Time Limit Exceeded,2108,79256,289,
s518218417,p02791,u568555377,1579466802,Java,Java7 (OpenJDK 1.7.0),java,Wrong Answer,517,64556,495,
s911263255,p02791,u065622827,1579466800,C++,C++14 (GCC 5.4.1),cpp,Accepted,78,1024,260,
s297799429,p02791,u019531798,1579466800,C++,C++14 (GCC 5.4.1),cpp,Accepted,76,1152,348,
s694881269,p02791,u015418292,1579466800,Java,Java8 (OpenJDK 1.8.0),java,Time Limit Exceeded,2110,345012,423,
s853633092,p02791,u699089116,1579466798,Python,PyPy3 (2.4.0),py,Time Limit Exceeded,2108,77520,257,
s698973112,p02791,u090445726,1579466796,C++,C++14 (GCC 5.4.1),cpp,Time Limit Exceeded,2103,1024,502,
s595730297,p02791,u907566687,1579466795,C++,C++14 (GCC 5.4.1),cpp,Accepted,20,896,374,
s836509450,p02791,u890183245,1579466794,Python,PyPy3 (2.4.0),py,Wrong Answer,2111,136748,142,
s701236047,p02791,u083858683,1579466794,PHP,PHP (5.6.30),php,Wrong Answer,451,4852,232,
s932235765,p02791,u160347785,1579466793,C++,C++14 (GCC 5.4.1),cpp,Accepted,60,1024,335,
s552712583,p02791,u445404615,1579466792,Python,PyPy3 (2.4.0),py,Time Limit Exceeded,2111,136768,139,
s750127299,p02791,u577725498,1579466790,C,C (GCC 5.4.1),c,Time Limit Exceeded,2103,896,423,
s870233980,p02791,u020962106,1579466790,Python,Python (3.4.3),py,Accepted,110,24744,161,
s830058126,p02791,u841557163,1579466788,Python,PyPy3 (2.4.0),py,Time Limit Exceeded,2108,77392,174,
s126746975,p02791,u413963198,1579466786,C++,C++14 (GCC 5.4.1),cpp,Accepted,60,1024,390,
s380448201,p02791,u395476105,1579466786,C++,C++14 (GCC 5.4.1),cpp,Wrong Answer,2103,1024,685,
s509075037,p02791,u775681539,1579466785,Python,Python (3.4.3),py,Accepted,152,26012,179,
s698841959,p02791,u252695999,1579466784,C++,C++14 (GCC 5.4.1),cpp,Accepted,79,256,257,
s303606442,p02791,u760554869,1579466784,C++,C++14 (GCC 5.4.1),cpp,Wrong Answer,2103,1792,449,
s508444768,p02791,u115851666,1579466784,C++,C++ (GCC 5.4.1),cpp,Time Limit Exceeded,2107,640,423,
s498786460,p02791,u407891541,1579466782,Python,Python (3.4.3),py,Time Limit Exceeded,2108,31520,186,
s163517667,p02791,u615820360,1579466780,Python,Python (3.4.3),py,Accepted,105,24744,126,
s811549499,p02791,u728467704,1579466780,C#,C# (Mono 4.6.2.0),cs,Wrong Answer,221,35676,1051,
s752010838,p02791,u353855427,1579466779,Python,Python (3.4.3),py,Accepted,157,24744,220,
s774124126,p02791,u508062685,1579466776,C,C (GCC 5.4.1),c,Runtime Error,96,128,515,
s956472231,p02791,u583712825,1579466775,C++,C++14 (GCC 5.4.1),cpp,Wrong Answer,78,1024,283,
s404885841,p02791,u291628833,1579466774,Python,Python (3.4.3),py,Accepted,174,24872,192,
s725070086,p02791,u018990794,1579466771,Python,Python (3.4.3),py,Time Limit Exceeded,2104,24744,199,
s416493961,p02791,u686036872,1579466771,Python,Python (3.4.3),py,Accepted,129,24744,149,
s659579178,p02791,u303884911,1579466771,C++,C++14 (GCC 5.4.1),cpp,Accepted,63,1024,318,
s740168519,p02791,u183284051,1579466770,C,C (GCC 5.4.1),c,Time Limit Exceeded,2103,896,549,
s517175252,p02791,u642229303,1579466770,C++,C++14 (GCC 5.4.1),cpp,Time Limit Exceeded,2103,512,295,
s675226176,p02791,u966480259,1579466769,Java,Java8 (OpenJDK 1.8.0),java,Wrong Answer,482,51056,575,
s494672391,p02791,u347600233,1579466768,Python,Python (3.4.3),py,Time Limit Exceeded,2104,25768,174,
s045147315,p02791,u100849085,1579466767,C++,C++14 (GCC 5.4.1),cpp,Time Limit Exceeded,2103,1024,436,
s364763532,p02791,u077337864,1579466765,C++,C++14 (GCC 5.4.1),cpp,Accepted,19,1024,1472,
s727116511,p02791,u000557170,1579466763,Python,Python (3.4.3),py,Accepted,179,26004,1295,
s850917539,p02791,u872184182,1579466762,Python,Python (3.4.3),py,Time Limit Exceeded,2104,24744,155,
s314710756,p02791,u419471591,1579466759,C,C (GCC 5.4.1),c,Runtime Error,110,512,355,
s181999731,p02791,u954935895,1579466759,C++,C++14 (GCC 5.4.1),cpp,Wrong Answer,18,1792,2691,
s948317233,p02791,u652659199,1579466758,C++,C++14 (GCC 5.4.1),cpp,Accepted,13,1024,837,
s495255126,p02791,u705184090,1579466758,C++,C++14 (GCC 5.4.1),cpp,Accepted,19,1024,1493,
s424519845,p02791,u798557584,1579466757,Python,Python (3.4.3),py,Wrong Answer,2104,24744,322,
s916890570,p02791,u181719868,1579466756,C++,C++14 (GCC 5.4.1),cpp,Accepted,21,5760,9632,
s463060729,p02791,u164047433,1579466754,Java,Java8 (OpenJDK 1.8.0),java,Time Limit Exceeded,2109,66488,556,
s710425408,p02791,u341713871,1579466754,C,C (GCC 5.4.1),c,Time Limit Exceeded,2103,896,598,
s358929680,p02791,u691745202,1579466754,PHP,PHP7 (7.0.15),php,Time Limit Exceeded,2104,18932,576,
s076859937,p02791,u243994971,1579466753,Python,Python (3.4.3),py,Wrong Answer,72,25768,164,
s021982021,p02791,u636011245,1579466752,C++,C++14 (GCC 5.4.1),cpp,Time Limit Exceeded,2103,1024,383,
s407798635,p02791,u525065967,1579466751,C++,C++14 (GCC 5.4.1),cpp,Accepted,83,4096,782,
s158801380,p02791,u278183305,1579466751,Python,Python (3.4.3),py,Accepted,161,24744,164,
s727708189,p02791,u585282474,1579466750,C++,C++14 (GCC 5.4.1),cpp,Time Limit Exceeded,2103,1024,611,
s889848166,p02791,u159718526,1579466748,C++,C++14 (GCC 5.4.1),cpp,Wrong Answer,79,1024,226,
s066694807,p02791,u810450933,1579466747,C,C (GCC 5.4.1),c,Wrong Answer,22,128,268,
s364591775,p02791,u424410618,1579466744,Java,Java8 (OpenJDK 1.8.0),java,Wrong Answer,596,85052,582,
s592773730,p02791,u224993839,1579466742,Python,Python (3.4.3),py,Time Limit Exceeded,2105,24744,161,
s652368664,p02791,u730499268,1579466741,C++,C++14 (GCC 5.4.1),cpp,Time Limit Exceeded,2103,1024,419,
s332502555,p02791,u116763463,1579466741,Python,Python (3.4.3),py,Accepted,116,25768,160,
s776213519,p02791,u552847961,1579466738,C++,C++14 (GCC 5.4.1),cpp,Time Limit Exceeded,2103,1024,703,
s758775267,p02791,u332097983,1579466735,JavaScript,JavaScript (node.js v5.12),js,Wrong Answer,2109,37524,402,
s668980677,p02791,u973630705,1579466731,C++,C++14 (GCC 5.4.1),cpp,Accepted,63,1792,430,
s375949342,p02791,u024208318,1579466728,C,C (GCC 5.4.1),c,Accepted,22,896,310,
s916064878,p02791,u566571310,1579466727,C++,C++14 (GCC 5.4.1),cpp,Time Limit Exceeded,2103,1024,440,
s673257899,p02791,u276682785,1579466727,C++,C++14 (GCC 5.4.1),cpp,Accepted,62,1024,706,
s006831000,p02791,u230717961,1579466727,Python,Python (3.4.3),py,Time Limit Exceeded,2104,25768,447,
s452972892,p02791,u677695673,1579466727,C++,C++14 (GCC 5.4.1),cpp,Wrong Answer,77,1024,514,
s406065290,p02791,u932370518,1579466725,Python,Python (3.4.3),py,Wrong Answer,2104,18564,168,
s726705737,p02791,u414338455,1579466725,Java,Java8 (OpenJDK 1.8.0),java,Wrong Answer,545,66428,446,
s732631727,p02791,u891884439,1579466725,Python,Python (3.4.3),py,Accepted,112,24744,179,
s933014316,p02791,u208102827,1579466721,C++,C++14 (GCC 5.4.1),cpp,Wrong Answer,63,3328,465,
s965919162,p02791,u542322058,1579466718,C,C (GCC 5.4.1),c,Time Limit Exceeded,2103,896,578,
s576260138,p02791,u591428697,1579466717,C++,C++14 (GCC 5.4.1),cpp,Accepted,79,256,418,
s587191458,p02791,u089644470,1579466717,Python,Python (3.4.3),py,Time Limit Exceeded,2104,24744,162,
s934455788,p02791,u129414147,1579466717,C++,C++14 (GCC 5.4.1),cpp,Time Limit Exceeded,2103,1024,533,
s442012131,p02791,u308463793,1579466717,C++,C++14 (GCC 5.4.1),cpp,Time Limit Exceeded,2103,1024,353,
s997145649,p02791,u916972141,1579466716,C++,C++14 (GCC 5.4.1),cpp,Accepted,20,896,334,
s000142896,p02791,u314559635,1579466714,C++,C++14 (GCC 5.4.1),cpp,Wrong Answer,63,1024,523,
s726405986,p02791,u958984779,1579466714,C++,C++14 (GCC 5.4.1),cpp,Accepted,77,256,341,
s315957214,p02791,u970937288,1579466713,Python,Python (3.4.3),py,Accepted,96,16916,115,
s983203975,p02791,u419471591,1579466712,C,C (GCC 5.4.1),c,Runtime Error,101,256,354,
s818271218,p02791,u185935459,1579466711,C++,C++14 (GCC 5.4.1),cpp,Accepted,22,1024,479,
s474770634,p02791,u982471399,1579466711,Python,Python (3.4.3),py,Wrong Answer,2104,18728,174,
s690549854,p02791,u746641209,1579466707,Java,Java8 (OpenJDK 1.8.0),java,Time Limit Exceeded,2109,85184,809,
s015482794,p02791,u915531210,1579466707,C++,C++14 (GCC 5.4.1),cpp,Wrong Answer,2103,1400,984,
s276378207,p02791,u433852402,1579466707,C++,C++14 (GCC 5.4.1),cpp,Accepted,63,1792,388,
s497789115,p02791,u583712825,1579466705,C++,C++14 (GCC 5.4.1),cpp,Wrong Answer,77,1024,284,
s115825761,p02791,u705362558,1579466704,C++,C++14 (GCC 5.4.1),cpp,Runtime Error,98,1024,385,
s889599165,p02791,u139795871,1579466703,C++,C++14 (GCC 5.4.1),cpp,Accepted,60,1792,332,
s020598477,p02791,u161155417,1579466703,Python,Python (3.4.3),py,Wrong Answer,60,5632,159,
s447093919,p02791,u563914702,1579466702,C++,C++14 (GCC 5.4.1),cpp,Accepted,60,1024,420,
s399499451,p02791,u411764647,1579466701,Python,Python (3.4.3),py,Time Limit Exceeded,2104,25764,496,
s886339458,p02791,u555820985,1579466701,Visual Basic,Visual Basic (Mono 4.0.1),vb,Time Limit Exceeded,2112,31068,580,
s461459701,p02791,u668352391,1579466700,Python,PyPy3 (2.4.0),py,Time Limit Exceeded,2112,137572,228,
s644827089,p02791,u525350746,1579466699,C,C (GCC 5.4.1),c,Accepted,22,896,297,
s097033848,p02791,u664749198,1579466699,Python,PyPy3 (2.4.0),py,Time Limit Exceeded,2108,77392,300,
s499924289,p02791,u804880828,1579466699,C,C (GCC 5.4.1),c,Wrong Answer,22,896,361,
s508591675,p02791,u552746936,1579466698,Python,Python (3.4.3),py,Wrong Answer,111,24432,246,
s015823025,p02791,u425184437,1579466698,Python,Python (3.4.3),py,Accepted,108,24744,123,
s557703793,p02791,u172229946,1579466695,C,C (GCC 5.4.1),c,Time Limit Exceeded,2107,896,497,
s652964374,p02791,u553810513,1579466695,C++,C++14 (GCC 5.4.1),cpp,Accepted,77,1024,237,
s737197237,p02791,u302519819,1579466694,C,C (GCC 5.4.1),c,Wrong Answer,22,896,260,
s690311622,p02791,u683985997,1579466694,Java,Java8 (OpenJDK 1.8.0),java,Accepted,580,63320,499,
s715874964,p02791,u237057875,1579466694,Lisp,Common Lisp (SBCL 1.1.14),l,Time Limit Exceeded,2105,61732,571,
s156309440,p02791,u531718792,1579466688,C++,C++14 (GCC 5.4.1),cpp,Accepted,60,1792,391,
s764613296,p02791,u981332890,1579466688,Python,PyPy3 (2.4.0),py,Time Limit Exceeded,2107,119292,281,
s097041398,p02791,u267300160,1579466688,Python,Python (3.4.3),py,Accepted,176,24744,210,
s909025085,p02791,u870981361,1579466688,Java,Java8 (OpenJDK 1.8.0),java,Time Limit Exceeded,2109,65056,610,
s409285133,p02791,u905974390,1579466687,Python,Python (3.4.3),py,Accepted,109,24744,143,
s195136843,p02791,u894521144,1579466687,Python,Python (3.4.3),py,Time Limit Exceeded,2109,33148,170,
s117244488,p02791,u640226904,1579466686,C++,C++14 (GCC 5.4.1),cpp,Wrong Answer,77,1024,263,
s634058658,p02791,u389122588,1579466685,Python,Python (3.4.3),py,Accepted,140,24744,254,
s984174672,p02791,u202837714,1579466683,C++,C++14 (GCC 5.4.1),cpp,Runtime Error,99,256,280,
s354107077,p02791,u835547202,1579466683,C++,C++14 (GCC 5.4.1),cpp,Time Limit Exceeded,2103,1908,760,
s548025338,p02791,u326870273,1579466683,Python,Python (3.4.3),py,Accepted,95,24744,430,
s830944024,p02791,u675040086,1579466683,C++,C++14 (GCC 5.4.1),cpp,Accepted,19,256,660,
s380347892,p02791,u459004628,1579466682,C,C (GCC 5.4.1),c,Time Limit Exceeded,2103,896,689,
s013790392,p02791,u227763649,1579466680,C++,C++14 (GCC 5.4.1),cpp,Wrong Answer,77,1792,355,
s431150690,p02791,u957846568,1579466677,C,C (GCC 5.4.1),c,Accepted,22,896,311,
s674063300,p02791,u806125432,1579466677,C++,C++ (GCC 5.4.1),cpp,Wrong Answer,77,1024,262,
s757950393,p02791,u418568023,1579466676,C++,C++14 (GCC 5.4.1),cpp,Wrong Answer,76,256,190,
s566310646,p02791,u808160425,1579466676,Kotlin,Kotlin (1.0.0),kt,Accepted,654,83168,338,
s394601455,p02791,u105124953,1579466675,Python,Python (3.4.3),py,Accepted,136,24744,261,
s039135424,p02791,u278183305,1579466672,Python,Python (3.4.3),py,Wrong Answer,152,24744,166,
s595385776,p02791,u901144784,1579466670,Python,Python (3.4.3),py,Time Limit Exceeded,2104,24744,165,
s285853533,p02791,u044251893,1579466668,Python,PyPy3 (2.4.0),py,Wrong Answer,264,83212,259,
s948122361,p02791,u776580013,1579466666,C++,C++14 (GCC 5.4.1),cpp,Time Limit Exceeded,2103,1664,263,
s041642285,p02791,u982127653,1579466666,Python,PyPy3 (2.4.0),py,Time Limit Exceeded,2108,77276,318,
s785739085,p02791,u442810826,1579466665,Python,Python (3.4.3),py,Accepted,280,34116,578,
s865592062,p02791,u250436918,1579466665,C++,C++14 (GCC 5.4.1),cpp,Time Limit Exceeded,2103,1024,383,
s863870345,p02791,u565436826,1579466664,C++,C++14 (GCC 5.4.1),cpp,Accepted,77,256,266,
s414663770,p02791,u357758400,1579466663,Python,PyPy3 (2.4.0),py,Time Limit Exceeded,2111,136372,149,
s601716709,p02791,u480887225,1579466663,C++,C++14 (GCC 5.4.1),cpp,Time Limit Exceeded,2104,9288,622,
s001195323,p02791,u489762173,1579466659,Python,Python (3.4.3),py,Time Limit Exceeded,2104,24744,187,
s189530846,p02791,u096768486,1579466659,C++,C++14 (GCC 5.4.1),cpp,Accepted,21,1792,1569,
s687260047,p02791,u670898337,1579466656,C++,C++14 (GCC 5.4.1),cpp,Accepted,80,1024,374,
s162502603,p02791,u948694207,1579466656,Java,Java8 (OpenJDK 1.8.0),java,Time Limit Exceeded,2109,84724,482,
s150781274,p02791,u291628833,1579466655,Python,Python (3.4.3),py,Wrong Answer,192,26012,165,
s275077339,p02791,u034556008,1579466654,Python,Python (3.4.3),py,Time Limit Exceeded,2104,24744,246,
s766186607,p02791,u233473835,1579466654,C,C (GCC 5.4.1),c,Time Limit Exceeded,2103,896,371,
s399169123,p02791,u906208439,1579466654,C++,C++14 (GCC 5.4.1),cpp,Accepted,63,3328,823,
s959295539,p02791,u049095189,1579466653,Perl,Perl (v5.18.2),pl,Accepted,751,41656,45,
s728897414,p02791,u636011245,1579466652,C++,C++14 (GCC 5.4.1),cpp,Time Limit Exceeded,2103,1024,383,
s962129606,p02791,u033720817,1579466651,C++,C++14 (GCC 5.4.1),cpp,Accepted,79,256,293,
s520662386,p02791,u750673980,1579466651,Python,Python (3.4.3),py,Wrong Answer,2104,18824,132,
s486357795,p02791,u752682892,1579466650,C++,C++14 (GCC 5.4.1),cpp,Time Limit Exceeded,2103,1024,376,
s431984065,p02791,u767527520,1579466650,Nim,Nim (0.13.0),nim,Accepted,32,13820,298,
s108161310,p02791,u028510162,1579466650,C++,C++14 (GCC 5.4.1),cpp,Wrong Answer,79,256,413,
s142696634,p02791,u920973158,1579466650,Ruby,Ruby (2.3.3),rb,Time Limit Exceeded,2108,16528,185,
s581254912,p02791,u396522269,1579466650,C,C (GCC 5.4.1),c,Runtime Error,102,256,442,
s025000266,p02791,u498564061,1579466649,C++,C++14 (GCC 5.4.1),cpp,Accepted,80,8064,658,
s585495548,p02791,u840823723,1579466648,C,C (GCC 5.4.1),c,Wrong Answer,1,128,422,
s201242193,p02791,u417378389,1579466648,C++,C++14 (GCC 5.4.1),cpp,Accepted,63,1792,479,
s146513445,p02791,u946424121,1579466647,Python,Python (3.4.3),py,Wrong Answer,172,24744,168,
s086076586,p02791,u572049366,1579466645,Java,Java8 (OpenJDK 1.8.0),java,Time Limit Exceeded,2110,347744,1042,
s633371738,p02791,u667300358,1579466643,Python,Python (3.4.3),py,Time Limit Exceeded,2104,24744,296,
s785006183,p02791,u474377871,1579466641,C++,C++14 (GCC 5.4.1),cpp,Accepted,77,1024,311,
s485252326,p02791,u798579567,1579466640,Python,PyPy3 (2.4.0),py,Accepted,261,75472,176,
s973501904,p02791,u452291597,1579466640,C++,C++14 (GCC 5.4.1),cpp,Compile Error,,,1301,
s698958603,p02791,u841557163,1579466639,Python,PyPy3 (2.4.0),py,Time Limit Exceeded,2107,75472,171,
s111108688,p02791,u020962106,1579466639,Python,Python (3.4.3),py,Time Limit Exceeded,2108,24744,197,
s956685695,p02791,u042425771,1579466637,PHP,PHP (5.6.30),php,Wrong Answer,163,40596,269,
s799181411,p02791,u418568023,1579466637,C++,C++14 (GCC 5.4.1),cpp,Wrong Answer,76,256,190,
s272902401,p02791,u243994971,1579466636,Python,Python (3.4.3),py,Runtime Error,33,17940,146,
s986492406,p02791,u798557584,1579466636,Python,Python (3.4.3),py,Time Limit Exceeded,2104,26012,331,
s987634523,p02791,u697601622,1579466635,Python,Python (3.4.3),py,Wrong Answer,177,17780,249,
s888088111,p02791,u818261158,1579466633,C++,C++14 (GCC 5.4.1),cpp,Wrong Answer,77,1024,211,
s983404537,p02791,u165374901,1579466633,C++,C++14 (GCC 5.4.1),cpp,Accepted,76,256,335,
s008343751,p02791,u356069145,1579466632,C++,C++14 (GCC 5.4.1),cpp,Accepted,66,1400,688,
s568469138,p02791,u683769494,1579466631,C++,C++14 (GCC 5.4.1),cpp,Wrong Answer,28,3704,1377,
s830289156,p02791,u928888261,1579466630,Python,PyPy3 (2.4.0),py,Wrong Answer,2107,75472,282,
s346958625,p02791,u027939719,1579466629,C++,C++14 (GCC 5.4.1),cpp,Accepted,77,1024,821,
s404656027,p02791,u347600233,1579466627,Python,Python (3.4.3),py,Time Limit Exceeded,2104,25768,174,
s217400586,p02791,u957846568,1579466627,C,C (GCC 5.4.1),c,Runtime Error,120,256,310,
s949664940,p02791,u070343125,1579466627,C++,C++14 (GCC 5.4.1),cpp,Time Limit Exceeded,2103,1024,420,
s509586870,p02791,u269204430,1579466626,C++,C++14 (GCC 5.4.1),cpp,Accepted,60,4352,411,
s015669597,p02791,u794739311,1579466626,C,C (Clang 3.8.0),c,Time Limit Exceeded,2103,896,380,
s387650163,p02791,u028146604,1579466626,C++,C++14 (GCC 5.4.1),cpp,Time Limit Exceeded,2111,3440,1045,
s329199015,p02791,u259578064,1579466625,Ruby,Ruby (2.3.3),rb,Time Limit Exceeded,2108,19204,178,
s028689703,p02791,u414338455,1579466625,Java,Java8 (OpenJDK 1.8.0),java,Wrong Answer,579,87772,447,
s919748717,p02791,u640226904,1579466624,C++,C++14 (GCC 5.4.1),cpp,Wrong Answer,79,1024,262,
s860196717,p02791,u859167902,1579466623,C++,C++14 (GCC 5.4.1),cpp,Accepted,20,256,325,
s122365034,p02791,u944637843,1579466622,Python,Python (3.4.3),py,Time Limit Exceeded,2104,32680,245,
s884191463,p02791,u232873434,1579466622,Python,Python (3.4.3),py,Wrong Answer,79,17780,208,
s804978496,p02791,u508934152,1579466621,Python,Python (3.4.3),py,Runtime Error,18,2940,272,
s710646230,p02791,u449822557,1579466620,Python,PyPy3 (2.4.0),py,Time Limit Exceeded,2108,77560,226,
s525284067,p02791,u861886710,1579466619,Python,PyPy3 (2.4.0),py,Time Limit Exceeded,2108,77520,231,
s787939543,p02791,u425317134,1579466618,Python,PyPy3 (2.4.0),py,Wrong Answer,244,75472,205,
s785558091,p02791,u406647332,1579466615,C++,C++14 (GCC 5.4.1),cpp,Time Limit Exceeded,2103,1024,422,
s841876611,p02791,u674120728,1579466614,C++,C++14 (GCC 5.4.1),cpp,Time Limit Exceeded,2103,1792,392,
s710411382,p02791,u751485759,1579466613,Python,Python (3.4.3),py,Time Limit Exceeded,2104,25528,209,
s415842354,p02791,u796451142,1579466613,C,C (GCC 5.4.1),c,Accepted,23,896,306,
s731515902,p02791,u587669944,1579466612,Python,Python (3.4.3),py,Accepted,115,24744,176,
s488162638,p02791,u012110567,1579466612,Ruby,Ruby (2.3.3),rb,Time Limit Exceeded,2109,20452,174,
s889855534,p02791,u267300160,1579466610,Python,Python (3.4.3),py,Wrong Answer,189,24744,223,
s545290377,p02791,u450904670,1579466609,Python,Python (3.4.3),py,Accepted,141,25716,291,
s294692007,p02791,u706347890,1579466609,C++,C++14 (GCC 5.4.1),cpp,Wrong Answer,66,1024,594,
s182816239,p02791,u057668615,1579466609,Python,PyPy3 (2.4.0),py,Accepted,243,75344,147,
s624693847,p02791,u105921924,1579466609,Scala,Scala (2.11.7),scala,Wrong Answer,2111,77512,605,
s836502449,p02791,u088342491,1579466608,Kotlin,Kotlin (1.0.0),kt,Wrong Answer,654,82860,295,
s755964673,p02791,u364076769,1579466605,C++,C++14 (GCC 5.4.1),cpp,Runtime Error,140,384,538,
s795894939,p02791,u764292873,1579466605,C++,C++14 (GCC 5.4.1),cpp,Accepted,19,1024,619,
s178294597,p02791,u426331823,1579466605,C++,C++14 (GCC 5.4.1),cpp,Time Limit Exceeded,2103,1024,390,
s094109079,p02791,u907525511,1579466604,C++,C++14 (GCC 5.4.1),cpp,Time Limit Exceeded,2103,1024,329,
s190657140,p02791,u387775763,1579466604,Java,Java8 (OpenJDK 1.8.0),java,Wrong Answer,577,64228,529,
s947742874,p02791,u418568023,1579466604,C++,C++14 (GCC 5.4.1),cpp,Wrong Answer,79,256,190,
s526702564,p02791,u696240348,1579466603,Python,PyPy3 (2.4.0),py,Time Limit Exceeded,2112,136204,169,
s285969669,p02791,u096860578,1579466603,Ruby,Ruby (2.3.3),rb,Time Limit Exceeded,2109,20508,347,
s076908082,p02791,u900848911,1579466603,Python,Python (3.4.3),py,Accepted,143,24744,186,
s786762993,p02791,u927782479,1579466602,C++,C++14 (GCC 5.4.1),cpp,Accepted,79,1024,339,
s934496040,p02791,u719181921,1579466602,Python,Python (3.4.3),py,Accepted,105,24744,184,
s472673656,p02791,u268128854,1579466601,C++,C++14 (GCC 5.4.1),cpp,Wrong Answer,77,1024,323,
s766651199,p02791,u148037244,1579466600,C++,C++14 (GCC 5.4.1),cpp,Accepted,60,1792,434,
s717661437,p02791,u902409225,1579466598,Go,Go (1.6),go,Time Limit Exceeded,2108,7040,283,
s824631631,p02791,u606393507,1579466598,Python,Python (3.4.3),py,Wrong Answer,2105,17024,343,
s321348329,p02791,u462485367,1579466597,C++,C++14 (GCC 5.4.1),cpp,Wrong Answer,28,3956,2245,
s315963884,p02791,u991923581,1579466595,Python,Python (3.4.3),py,Wrong Answer,161,17940,165,
s033893947,p02791,u876653122,1579466593,C++,C++14 (GCC 5.4.1),cpp,Time Limit Exceeded,2103,1400,639,
s750594037,p02791,u206390098,1579466591,C,C (GCC 5.4.1),c,Compile Error,,,538,
s705039287,p02791,u641804918,1579466591,Python,Python (3.4.3),py,Time Limit Exceeded,2104,26004,452,
s893821141,p02791,u445404615,1579466590,Python,PyPy3 (2.4.0),py,Wrong Answer,250,75696,135,
s950253019,p02791,u811132356,1579466590,Python,Python (3.4.3),py,Time Limit Exceeded,2104,24744,170,
s828860698,p02791,u853354378,1579466588,Rust,Rust (1.15.1),rs,Wrong Answer,14,6396,1691,
s444385977,p02791,u242518667,1579466587,Python,Python (3.4.3),py,Accepted,115,24744,182,
s637034486,p02791,u243994971,1579466585,Python,Python (3.4.3),py,Runtime Error,33,17940,128,
s699995443,p02791,u963128036,1579466585,Python,Python (3.4.3),py,Time Limit Exceeded,2104,24432,186,
s483144909,p02791,u808738521,1579466585,C++,C++14 (GCC 5.4.1),cpp,Accepted,80,1792,384,
s080627278,p02791,u652348678,1579466583,Python,Python (3.4.3),py,Time Limit Exceeded,2104,24744,267,
s723625742,p02791,u681021630,1579466582,C++,C++14 (GCC 5.4.1),cpp,Time Limit Exceeded,2103,1792,452,
s321277667,p02791,u016843859,1579466582,C++,C++14 (GCC 5.4.1),cpp,Time Limit Exceeded,2103,1024,326,
s868224119,p02791,u641446860,1579466581,C++,C++14 (GCC 5.4.1),cpp,Accepted,36,6912,654,
s767533625,p02791,u291988695,1579466581,Python,Python (3.4.3),py,Wrong Answer,638,38468,207,
s060906738,p02791,u664749198,1579466581,Python,Python (3.4.3),py,Time Limit Exceeded,2104,24744,300,
s571556393,p02791,u564411325,1579466580,C++,C++14 (GCC 5.4.1),cpp,Accepted,77,1024,284,
s891927231,p02791,u492495691,1579466579,C++,C++14 (GCC 5.4.1),cpp,Accepted,59,1024,389,
s453310495,p02791,u323864528,1579466577,C++,C++14 (GCC 5.4.1),cpp,Time Limit Exceeded,2103,1024,318,
s599776853,p02791,u624379665,1579466575,C++,C++14 (GCC 5.4.1),cpp,Time Limit Exceeded,2103,1024,506,
s094501461,p02791,u453634575,1579466574,Python,Python (3.4.3),py,Time Limit Exceeded,2104,26012,385,
s909981154,p02791,u049892106,1579466574,C++,C++14 (GCC 5.4.1),cpp,Accepted,61,1792,508,
s572861776,p02791,u959353968,1579466573,C++,C++14 (GCC 5.4.1),cpp,Wrong Answer,2103,1024,274,
s060940541,p02791,u526365587,1579466573,Java,Java8 (OpenJDK 1.8.0),java,Time Limit Exceeded,2110,345988,1671,
s145093589,p02791,u061892265,1579466572,C++,C++ (GCC 5.4.1),cpp,Accepted,16,6912,742,
s395321723,p02791,u663438907,1579466571,Python,Python (3.4.3),py,Time Limit Exceeded,2104,24744,143,
s966788031,p02791,u309141201,1579466571,Python,Python (3.4.3),py,Accepted,1693,24744,1139,
s270910035,p02791,u085746830,1579466570,C++,C++14 (GCC 5.4.1),cpp,Wrong Answer,60,1792,245,
s085179948,p02791,u303297838,1579466569,JavaScript,JavaScript (node.js v5.12),js,Accepted,117,22224,323,
s980409931,p02791,u176915127,1579466569,Python,Python (3.4.3),py,Time Limit Exceeded,2104,26012,316,
s978108528,p02791,u728580929,1579466569,C,C (GCC 5.4.1),c,Runtime Error,98,128,361,
s222014650,p02791,u738164318,1579466568,C++,C++14 (GCC 5.4.1),cpp,Accepted,60,1024,390,
s754148213,p02791,u488272873,1579466567,Python,Python (3.4.3),py,Time Limit Exceeded,2104,24744,328,
s084829842,p02791,u178235755,1579466566,Python,Python (3.4.3),py,Accepted,149,26012,296,
s720923921,p02791,u548778623,1579466565,C++,C++14 (GCC 5.4.1),cpp,Time Limit Exceeded,2103,1792,430,
s331238176,p02791,u225510395,1579466565,C,C (GCC 5.4.1),c,Time Limit Exceeded,2103,896,461,
s147602981,p02791,u474561976,1579466564,C,C (GCC 5.4.1),c,Time Limit Exceeded,2103,896,488,
s674777410,p02791,u630554891,1579466563,Python,Python (3.4.3),py,Wrong Answer,83,17940,213,
s472200905,p02791,u829008868,1579466563,Python,Python (3.4.3),py,Runtime Error,268,24744,405,
s930375820,p02791,u038024401,1579466562,Python,Python (3.4.3),py,Accepted,108,24432,344,
s232137959,p02791,u320511454,1579466560,Python,Python (3.4.3),py,Accepted,109,24744,141,
s345801529,p02791,u442077593,1579466559,C++,C++14 (GCC 5.4.1),cpp,Time Limit Exceeded,2103,2420,576,
s680771457,p02791,u557698358,1579466559,C++,C++14 (GCC 5.4.1),cpp,Time Limit Exceeded,2103,2816,524,
s680142938,p02791,u233473835,1579466557,C,C (GCC 5.4.1),c,Time Limit Exceeded,2103,896,398,
s084379003,p02791,u181644161,1579466554,Python,Python (3.4.3),py,Time Limit Exceeded,2104,24744,237,
s877572301,p02791,u525065967,1579466553,C++,C++14 (GCC 5.4.1),cpp,Runtime Error,139,640,851,
s357950379,p02791,u840823723,1579466553,C,C (GCC 5.4.1),c,Wrong Answer,1,128,422,
s259839704,p02791,u308421893,1579466552,C++,C++14 (GCC 5.4.1),cpp,Time Limit Exceeded,2103,1024,514,
s242817624,p02791,u130560508,1579466551,C,C (GCC 5.4.1),c,Time Limit Exceeded,2103,896,298,
s411000167,p02791,u894521144,1579466550,Python,Python (3.4.3),py,Time Limit Exceeded,2109,33132,167,
s803599128,p02791,u368516842,1579466550,Python,Python (3.4.3),py,Time Limit Exceeded,2104,24744,126,
s854259755,p02791,u387977464,1579466549,Python,Python (3.4.3),py,Accepted,119,24744,172,
s502593156,p02791,u133822058,1579466549,Python,Python (3.4.3),py,Time Limit Exceeded,2104,17704,265,
s522547618,p02791,u027057023,1579466549,C++,C++14 (GCC 5.4.1),cpp,Accepted,78,1024,390,
s405354959,p02791,u065622827,1579466549,C++,C++14 (GCC 5.4.1),cpp,Wrong Answer,77,1024,329,
s893837144,p02791,u732332220,1579466549,C++,C++14 (GCC 5.4.1),cpp,Accepted,64,1024,440,
s156601418,p02791,u878839832,1579466548,Fortran,Fortran (gfortran v4.8.4),f,Accepted,53,1536,413,
s149874537,p02791,u208882647,1579466547,C++,C++14 (Clang 3.8.0),cpp,Wrong Answer,2103,1024,459,
s435375751,p02791,u272682534,1579466547,Python,Python (3.4.3),py,Time Limit Exceeded,2105,24744,297,
s580937148,p02791,u779655095,1579466546,C,C (GCC 5.4.1),c,Runtime Error,101,256,320,
s627429113,p02791,u755801379,1579466544,Python,PyPy3 (2.4.0),py,Accepted,253,75472,132,
s619278784,p02791,u982591663,1579466544,Python,Python (3.4.3),py,Time Limit Exceeded,2104,24744,248,
s995474718,p02791,u145723021,1579466544,C#,C# (Mono 4.6.2.0),cs,Runtime Error,60,33372,885,
s482945281,p02791,u915531210,1579466544,C++,C++14 (GCC 5.4.1),cpp,Compile Error,,,925,
s298709733,p02791,u465130048,1579466542,C++,C++14 (GCC 5.4.1),cpp,Time Limit Exceeded,2103,1024,731,
s376096800,p02791,u232873434,1579466542,Python,Python (3.4.3),py,Wrong Answer,84,17940,220,
s121510346,p02791,u642229303,1579466538,C++,C++14 (GCC 5.4.1),cpp,Time Limit Exceeded,2103,1024,336,
s215190187,p02791,u994307795,1579466538,C++,C++14 (GCC 5.4.1),cpp,Accepted,77,256,286,
s734469166,p02791,u140480594,1579466537,Python,Python (3.4.3),py,Wrong Answer,95,24744,141,
s685188216,p02791,u085316991,1579466536,C++,C++14 (GCC 5.4.1),cpp,Accepted,76,256,428,
s203182275,p02791,u224843402,1579466534,C++,C++14 (GCC 5.4.1),cpp,Accepted,60,1152,386,
s933530088,p02791,u419390395,1579466532,C++,C++14 (GCC 5.4.1),cpp,Time Limit Exceeded,2103,1024,1439,
s815556822,p02791,u006949180,1579466530,C++,C++14 (GCC 5.4.1),cpp,Time Limit Exceeded,2103,1024,452,
s608887082,p02791,u889604426,1579466529,Python,Python (3.4.3),py,Time Limit Exceeded,2104,24744,144,
s625976011,p02791,u403331159,1579466528,Python,Python (3.4.3),py,Accepted,111,24872,203,
s929240333,p02791,u811132356,1579466527,Python,Python (3.4.3),py,Time Limit Exceeded,2104,24744,193,
s115150765,p02791,u019531798,1579466527,C++,C++14 (GCC 5.4.1),cpp,Time Limit Exceeded,2103,1024,379,
s267189869,p02791,u738164318,1579466527,C++,C++14 (GCC 5.4.1),cpp,Compile Error,,,397,
s347576863,p02791,u245960901,1579466526,Python,Python (3.4.3),py,Accepted,152,16916,159,
s215924677,p02791,u982127653,1579466526,Python,PyPy3 (2.4.0),py,Wrong Answer,2110,136528,338,
s223451204,p02791,u202837714,1579466526,C++,C++14 (GCC 5.4.1),cpp,Runtime Error,101,256,280,
s548876895,p02791,u021607565,1579466524,C++,C++14 (GCC 5.4.1),cpp,Wrong Answer,60,1792,722,
s149614305,p02791,u659587571,1579466524,Python,Python (3.4.3),py,Time Limit Exceeded,2104,24744,230,
s561046500,p02791,u032696358,1579466523,C++,C++14 (GCC 5.4.1),cpp,Time Limit Exceeded,2103,1408,523,
s610373383,p02791,u145640287,1579466522,C++,C++14 (GCC 5.4.1),cpp,Accepted,59,1792,371,
s813063297,p02791,u807084817,1579466521,Python,PyPy3 (2.4.0),py,Accepted,259,75472,251,
s632770184,p02791,u414338455,1579466521,Java,Java8 (OpenJDK 1.8.0),java,Wrong Answer,537,65148,447,
s738159150,p02791,u363936720,1579466519,C++,C++14 (GCC 5.4.1),cpp,Wrong Answer,2103,384,588,
s696219409,p02791,u224126528,1579466518,C++,C++14 (GCC 5.4.1),cpp,Accepted,63,1024,317,
s537896224,p02791,u381574135,1579466517,Python,PyPy3 (2.4.0),py,Time Limit Exceeded,2108,77548,326,
s158500607,p02791,u944637843,1579466516,Python,Python (3.4.3),py,Wrong Answer,2104,32680,245,
s197005795,p02791,u254205055,1579466515,Lisp,Common Lisp (SBCL 1.1.14),l,Time Limit Exceeded,2105,127480,812,
s049082887,p02791,u323522006,1579466515,C++,C++14 (GCC 5.4.1),cpp,Time Limit Exceeded,2103,1400,520,
s534540506,p02791,u383713431,1579466515,C++,C++14 (GCC 5.4.1),cpp,Time Limit Exceeded,2103,1792,459,
s740180812,p02791,u995109095,1579466515,Python,PyPy3 (2.4.0),py,Accepted,248,75472,237,
s214030314,p02791,u168578024,1579466515,C++,C++14 (GCC 5.4.1),cpp,Accepted,19,1024,2737,
s430924624,p02791,u840823723,1579466512,C,C (GCC 5.4.1),c,Compile Error,,,422,
s809693614,p02791,u459447880,1579466512,C++,C++14 (GCC 5.4.1),cpp,Time Limit Exceeded,2103,1024,698,
s529048647,p02791,u757117214,1579466512,Python,Python (3.4.3),py,Time Limit Exceeded,2104,25116,190,
s379343951,p02791,u105124953,1579466511,Python,Python (3.4.3),py,Time Limit Exceeded,2104,24744,242,
s631068749,p02791,u897940702,1579466511,Python,Python (3.4.3),py,Time Limit Exceeded,2104,24744,254,
s757384909,p02791,u119088863,1579466509,C++,C++14 (GCC 5.4.1),cpp,Wrong Answer,2107,1024,414,
s122879367,p02791,u733674824,1579466505,C++,C++14 (GCC 5.4.1),cpp,Time Limit Exceeded,2103,1024,471,
s588895661,p02791,u499512304,1579466504,Java,Java8 (OpenJDK 1.8.0),java,Time Limit Exceeded,2109,74156,917,
s815709699,p02791,u796708718,1579466500,Python,Python (3.4.3),py,Wrong Answer,2104,18564,171,
s940436334,p02791,u373295322,1579466499,Python,Python (3.4.3),py,Time Limit Exceeded,2109,34164,267,
s000611404,p02791,u734423776,1579466499,Python,Python (3.4.3),py,Wrong Answer,2104,24744,251,
s534915740,p02791,u196675341,1579466499,Python,Python (3.4.3),py,Time Limit Exceeded,2104,24744,488,
s552718524,p02791,u517910772,1579466498,Python,Python (3.4.3),py,Time Limit Exceeded,2104,24744,380,
s095211988,p02791,u625255205,1579466496,Python,PyPy3 (2.4.0),py,Accepted,308,85456,231,
s126611753,p02791,u914726177,1579466495,C++,C++14 (GCC 5.4.1),cpp,Accepted,77,1024,673,
s218720674,p02791,u311003976,1579466495,Python,PyPy3 (2.4.0),py,Wrong Answer,255,76496,418,
s390141656,p02791,u987644943,1579466493,Rust,Rust (1.15.1),rs,Time Limit Exceeded,2103,8444,567,
s418009759,p02791,u473023730,1579466492,Python,Python (3.4.3),py,Time Limit Exceeded,2104,25768,343,
s767331501,p02791,u288861745,1579466491,Ruby,Ruby (2.3.3),rb,Wrong Answer,2108,20484,160,
s840065608,p02791,u776864893,1579466488,Python,Python (3.4.3),py,Time Limit Exceeded,2104,24744,266,
s952456917,p02791,u506671931,1579466487,Python,Python (3.4.3),py,Wrong Answer,123,25768,176,
s049700416,p02791,u866187137,1579466486,Python,Python (3.4.3),py,Accepted,108,24744,170,
s441582791,p02791,u293838812,1579466483,Python,Python (3.4.3),py,Accepted,102,24744,194,
s840096626,p02791,u907566687,1579466482,C++,C++14 (GCC 5.4.1),cpp,Wrong Answer,2103,896,566,
s669626124,p02791,u535773602,1579466482,C++,C++14 (GCC 5.4.1),cpp,Accepted,19,384,335,
s489848513,p02791,u915531210,1579466480,C++,C++14 (GCC 5.4.1),cpp,Compile Error,,,918,
s128689489,p02791,u955223794,1579466478,Python,Python (3.4.3),py,Time Limit Exceeded,2104,24744,595,
s610268690,p02791,u238987462,1579466477,Python,Python (3.4.3),py,Time Limit Exceeded,2104,25896,194,
s798799416,p02791,u480887225,1579466477,C++,C++14 (GCC 5.4.1),cpp,Time Limit Exceeded,2104,9288,613,
s085999618,p02791,u721508245,1579466476,Ruby,Ruby (2.3.3),rb,Wrong Answer,115,16516,168,
s689003869,p02791,u084327817,1579466476,Python,Python (3.4.3),py,Time Limit Exceeded,2104,24744,250,
s022448901,p02791,u481134321,1579466475,C++,C++14 (GCC 5.4.1),cpp,Time Limit Exceeded,2103,1024,451,
s123694711,p02791,u994034374,1579466475,Python,Python (3.4.3),py,Time Limit Exceeded,2104,24744,166,
s336547010,p02791,u861886710,1579466474,Python,Python (3.4.3),py,Time Limit Exceeded,2104,24744,231,
s513940909,p02791,u836622840,1579466473,C,C (GCC 5.4.1),c,Runtime Error,127,256,426,
s209871361,p02791,u096860578,1579466473,Ruby,Ruby (2.3.3),rb,Time Limit Exceeded,2109,20484,323,
s920623610,p02791,u480527921,1579466472,C++,C++14 (GCC 5.4.1),cpp,Accepted,88,11264,1459,
s497220071,p02791,u160347785,1579466471,C++,C++14 (GCC 5.4.1),cpp,Time Limit Exceeded,2103,1024,417,
s397975912,p02791,u634482428,1579466471,Ruby,Ruby (2.3.3),rb,Time Limit Exceeded,2108,18564,134,
s919225054,p02791,u606393507,1579466471,Python,Python (3.4.3),py,Runtime Error,34,18164,334,
s618819598,p02791,u544581891,1579466470,Python,Python (3.4.3),py,Time Limit Exceeded,2104,24744,196,
s704100055,p02791,u681021630,1579466470,C++,C++14 (GCC 5.4.1),cpp,Time Limit Exceeded,2103,1792,440,
s905764169,p02791,u991923581,1579466470,Python,Python (3.4.3),py,Wrong Answer,290,17940,182,
s050327273,p02791,u853547292,1579466468,Python,Python (3.4.3),py,Time Limit Exceeded,2104,24744,181,
s514034597,p02791,u194919470,1579466463,C++,C++14 (GCC 5.4.1),cpp,Wrong Answer,78,1792,478,
s442823689,p02791,u083858683,1579466463,PHP,PHP (5.6.30),php,Wrong Answer,2104,4852,263,
s947331758,p02791,u183284051,1579466463,C,C (GCC 5.4.1),c,Runtime Error,2103,896,551,
s810262858,p02791,u644360640,1579466462,Python,Python (3.4.3),py,Accepted,111,24744,208,
s646901033,p02791,u872833608,1579466462,PHP,PHP (5.6.30),php,Accepted,235,58244,301,
s483715469,p02791,u525350746,1579466461,C,C (GCC 5.4.1),c,Time Limit Exceeded,2103,512,366,
s064459155,p02791,u716660050,1579466460,Python,Python (3.4.3),py,Wrong Answer,172,17940,154,
s839739621,p02791,u061892265,1579466459,C++,C++ (GCC 5.4.1),cpp,Runtime Error,102,256,732,
s139384693,p02791,u756553422,1579466459,Python,Python (3.4.3),py,Time Limit Exceeded,2104,24744,217,
s236072917,p02791,u722245896,1579466459,C++,C++14 (GCC 5.4.1),cpp,Accepted,78,1024,485,
s741844680,p02791,u339658123,1579466456,C,C (GCC 5.4.1),c,Time Limit Exceeded,2103,896,675,
s383086767,p02791,u810450933,1579466455,C,C (GCC 5.4.1),c,Runtime Error,109,512,317,
s169355314,p02791,u883134470,1579466454,C++,C++14 (GCC 5.4.1),cpp,Accepted,130,9600,1549,
s520371167,p02791,u353855427,1579466453,Python,Python (3.4.3),py,Time Limit Exceeded,2104,24744,207,
s060285153,p02791,u006949180,1579466452,C++,C++14 (GCC 5.4.1),cpp,Wrong Answer,2103,1024,480,
s248566648,p02791,u886655280,1579466449,Python,Python (3.4.3),py,Accepted,112,24744,279,
s198124486,p02791,u083858683,1579466448,PHP,PHP (5.6.30),php,Wrong Answer,2104,4980,260,
s650432723,p02791,u060694763,1579466444,Python,Python (3.4.3),py,Time Limit Exceeded,2104,24744,154,
s588328769,p02791,u259578064,1579466443,Ruby,Ruby (2.3.3),rb,Time Limit Exceeded,2111,72160,206,
s101720309,p02791,u675497468,1579466442,Go,Go (1.6),go,Accepted,949,6892,334,
s974049232,p02791,u658175468,1579466440,C++,C++14 (GCC 5.4.1),cpp,Time Limit Exceeded,2103,1024,448,
s967005823,p02791,u557698358,1579466437,C++,C++14 (GCC 5.4.1),cpp,Runtime Error,129,256,543,
s971937966,p02791,u878839832,1579466437,Fortran,Fortran (gfortran v4.8.4),f,Time Limit Exceeded,2103,1536,403,
s546454618,p02791,u348109388,1579466435,C++,C++14 (GCC 5.4.1),cpp,Accepted,60,1792,382,
s361184731,p02791,u241159583,1579466433,Python,Python (3.4.3),py,Wrong Answer,2104,26012,265,
s786716209,p02791,u172229946,1579466432,C,C (GCC 5.4.1),c,Time Limit Exceeded,2103,896,454,
s961649604,p02791,u956363574,1579466432,C++,C++14 (GCC 5.4.1),cpp,Time Limit Exceeded,2103,1024,457,
s087991037,p02791,u828752458,1579466432,C++,C++14 (GCC 5.4.1),cpp,Accepted,60,1792,516,
s492585960,p02791,u393913844,1579466429,Ruby,Ruby (2.3.3),rb,Wrong Answer,358,21252,175,
s162496848,p02791,u762182313,1579466429,C++,C++14 (GCC 5.4.1),cpp,Wrong Answer,60,1024,425,
s946236950,p02791,u508062685,1579466428,C,C (GCC 5.4.1),c,Time Limit Exceeded,2103,896,510,
s908349523,p02791,u140191608,1579466428,Python,Python (3.4.3),py,Wrong Answer,118,24744,150,
s208019549,p02791,u996675175,1579466427,C++,C++14 (GCC 5.4.1),cpp,Accepted,80,1024,270,
s509696165,p02791,u787224158,1579466427,Go,Go (1.6),go,Time Limit Exceeded,2108,7040,372,
s935122728,p02791,u543569321,1579466426,Java,Java8 (OpenJDK 1.8.0),java,Time Limit Exceeded,2109,88588,650,
s082489712,p02791,u677695673,1579466426,C++,C++14 (GCC 5.4.1),cpp,Time Limit Exceeded,2103,1024,582,
s227587414,p02791,u189427183,1579466426,Python,PyPy3 (2.4.0),py,Wrong Answer,256,85456,131,
s974502096,p02791,u579644164,1579466426,C,C (GCC 5.4.1),c,Accepted,22,896,287,
s484458935,p02791,u576432509,1579466425,Python,Python (3.4.3),py,Accepted,183,24744,323,
s683732751,p02791,u152129372,1579466424,C++,C++14 (GCC 5.4.1),cpp,Accepted,61,1024,2919,
s278389297,p02791,u816070625,1579466422,Python,Python (3.4.3),py,Time Limit Exceeded,2104,24744,120,
s423898795,p02791,u851648783,1579466421,Python,Python (3.4.3),py,Accepted,148,17780,166,
s525450065,p02791,u907566687,1579466421,C++,C++14 (GCC 5.4.1),cpp,Wrong Answer,2103,896,567,
s479090828,p02791,u028146604,1579466421,C++,C++14 (GCC 5.4.1),cpp,Time Limit Exceeded,2103,3440,997,
s222145183,p02791,u518974771,1579466421,C++,C++14 (GCC 5.4.1),cpp,Accepted,78,3072,288,
s291875550,p02791,u093257968,1579466420,C++,C++14 (GCC 5.4.1),cpp,Time Limit Exceeded,2103,1792,597,
s701197434,p02791,u145723021,1579466418,C#,C# (Mono 4.6.2.0),cs,Runtime Error,62,31196,885,
s824048040,p02791,u897940702,1579466418,Python,Python (3.4.3),py,Wrong Answer,2104,137740,287,
s780333374,p02791,u308421893,1579466417,C++,C++14 (GCC 5.4.1),cpp,Wrong Answer,2103,1024,550,
s155793982,p02791,u139255323,1579466415,C++,C++14 (GCC 5.4.1),cpp,Accepted,63,1024,327,
s258806972,p02791,u917829175,1579466415,PHP,PHP7 (7.0.15),php,Accepted,34,18932,243,
s813678170,p02791,u418583622,1579466414,Python,Python (3.4.3),py,Accepted,106,24744,169,
s844854672,p02791,u193598069,1579466413,C++,C++ (GCC 5.4.1),cpp,Time Limit Exceeded,2103,1024,427,
s048638545,p02791,u185935459,1579466413,C++,C++14 (GCC 5.4.1),cpp,Time Limit Exceeded,2103,1024,568,
s677069097,p02791,u189867560,1579466411,C++,C++14 (Clang 3.8.0),cpp,Accepted,166,1024,319,
s382314991,p02791,u861071267,1579466411,Python,Python (3.4.3),py,Time Limit Exceeded,2104,24744,234,
s264836520,p02791,u225381909,1579466410,Kotlin,Kotlin (1.0.0),kt,Accepted,634,82508,287,
s144503587,p02791,u985598176,1579466409,C++,C++14 (GCC 5.4.1),cpp,Wrong Answer,60,1792,317,
s831622357,p02791,u756659922,1579466408,C++,C++14 (GCC 5.4.1),cpp,Accepted,60,1792,242,
s917394567,p02791,u507391030,1579466408,Ruby,Ruby (2.3.3),rb,Time Limit Exceeded,2108,18340,220,
s844125743,p02791,u816070625,1579466406,Python,Python (3.4.3),py,Wrong Answer,2104,138652,131,
s124259443,p02791,u518703962,1579466405,Java,Java8 (OpenJDK 1.8.0),java,Wrong Answer,555,79068,503,
s138495515,p02791,u164047433,1579466405,Java,Java8 (OpenJDK 1.8.0),java,Time Limit Exceeded,2109,84648,577,
s581247296,p02791,u739095155,1579466403,C++,C++14 (GCC 5.4.1),cpp,Wrong Answer,2103,1024,302,
s035663256,p02791,u453935494,1579466403,C++,C++14 (GCC 5.4.1),cpp,Accepted,18,1792,1288,
s262271123,p02791,u057810841,1579466403,C++,C++14 (GCC 5.4.1),cpp,Accepted,66,1024,272,
s833494754,p02791,u139795871,1579466402,C++,C++14 (GCC 5.4.1),cpp,Time Limit Exceeded,2103,1792,394,
s945612869,p02791,u503263327,1579466400,C++,C++14 (GCC 5.4.1),cpp,Accepted,17,256,363,
s418086400,p02791,u986190948,1579466399,C,C (GCC 5.4.1),c,Time Limit Exceeded,2103,1664,466,
s902106525,p02791,u561231954,1579466399,Python,Python (3.4.3),py,Time Limit Exceeded,2105,36064,224,
s722035426,p02791,u663438907,1579466398,Python,Python (3.4.3),py,Time Limit Exceeded,2104,24744,165,
s719623589,p02791,u979726772,1579466398,Python,Python (3.4.3),py,Time Limit Exceeded,2104,25896,322,
s455451910,p02791,u425317134,1579466398,Python,Python (3.4.3),py,Wrong Answer,127,24744,206,
s244821517,p02791,u406984840,1579466397,C++,C++14 (GCC 5.4.1),cpp,Time Limit Exceeded,2103,1024,483,
s024595362,p02791,u667300358,1579466396,Python,Python (3.4.3),py,Time Limit Exceeded,2104,26012,299,
s915814824,p02791,u507237474,1579466396,Python,Python (3.4.3),py,Wrong Answer,2104,26012,210,
s815947585,p02791,u740047492,1579466395,Python,Python (3.4.3),py,Wrong Answer,85,24744,148,
s945961533,p02791,u537962130,1579466393,Python,PyPy3 (2.4.0),py,Time Limit Exceeded,2112,136944,119,
s038166034,p02791,u315557719,1579466390,C#,C# (Mono 4.6.2.0),cs,Time Limit Exceeded,2109,33540,974,
s227681825,p02791,u083190434,1579466388,C++,C++14 (GCC 5.4.1),cpp,Accepted,82,1024,354,
s433085378,p02791,u698623869,1579466387,C++,C++14 (GCC 5.4.1),cpp,Accepted,18,1792,1765,
s384533010,p02791,u750655014,1579466387,C++,C++14 (GCC 5.4.1),cpp,Accepted,59,1792,2730,
s171156658,p02791,u822130495,1579466385,C++,C++14 (GCC 5.4.1),cpp,Time Limit Exceeded,2103,1024,394,
s425524875,p02791,u360626379,1579466385,C#,C# (Mono 4.6.2.0),cs,Time Limit Exceeded,2109,32988,803,
s536285542,p02791,u602672972,1579466385,C++,C++14 (GCC 5.4.1),cpp,Wrong Answer,86,5120,418,
s908547951,p02791,u810246563,1579466381,Ruby,Ruby (2.3.3),rb,Accepted,112,15236,632,
s973559664,p02791,u488272873,1579466380,Python,Python (3.4.3),py,Time Limit Exceeded,2104,26012,286,
s334637045,p02791,u819300485,1579466380,C++,C++14 (GCC 5.4.1),cpp,Accepted,60,1792,890,
s101637762,p02791,u978519204,1579466378,C++,C++14 (GCC 5.4.1),cpp,Accepted,19,1792,1069,
s670052087,p02791,u122557489,1579466377,C++,C++14 (GCC 5.4.1),cpp,Wrong Answer,2103,1024,441,
s896242841,p02791,u898519691,1579466376,C++,C++14 (GCC 5.4.1),cpp,Time Limit Exceeded,2103,3444,720,
s986946258,p02791,u261700262,1579466375,Python,PyPy3 (2.4.0),py,Time Limit Exceeded,2108,77156,360,
s640797895,p02791,u623205864,1579466374,Ruby,Ruby (2.3.3),rb,Accepted,105,18564,231,
s930962704,p02791,u652348678,1579466374,Python,Python (3.4.3),py,Time Limit Exceeded,2104,24744,267,
s061819290,p02791,u944637843,1579466374,Python,Python (3.4.3),py,Time Limit Exceeded,2104,32680,216,
s163341181,p02791,u333917945,1579466374,C++,C++14 (GCC 5.4.1),cpp,Accepted,30,3840,1634,
s985733126,p02791,u645538982,1579466372,C++,C++ (GCC 5.4.1),cpp,Time Limit Exceeded,2103,1024,437,
s360858182,p02791,u761720628,1579466370,Python,Python (3.4.3),py,Time Limit Exceeded,2105,38096,167,
s459271388,p02791,u518974771,1579466370,C++,C++14 (GCC 5.4.1),cpp,Runtime Error,137,640,287,
s339891078,p02791,u127882207,1579466368,C++,C++14 (GCC 5.4.1),cpp,Wrong Answer,59,1792,313,
s927194670,p02791,u777320783,1579466368,C,C (GCC 5.4.1),c,Accepted,22,1024,414,
s994985369,p02791,u301087276,1579466367,Go,Go (1.6),go,Time Limit Exceeded,2107,3584,681,
s316658733,p02791,u389122588,1579466365,Python,Python (3.4.3),py,Time Limit Exceeded,2104,24744,186,
s116431964,p02791,u946424121,1579466365,Python,Python (3.4.3),py,Time Limit Exceeded,2104,24744,172,
s156178029,p02791,u183422236,1579466365,Python,Python (3.4.3),py,Accepted,108,24744,171,
s024618749,p02791,u577725498,1579466364,C,C (GCC 5.4.1),c,Runtime Error,97,128,441,
s338491412,p02791,u524253154,1579466364,C,C (GCC 5.4.1),c,Time Limit Exceeded,2103,896,443,
s039719783,p02791,u412035967,1579466363,Python,PyPy3 (2.4.0),py,Accepted,250,75344,162,
s539966783,p02791,u077643536,1579466362,C#,C# (Mono 4.6.2.0),cs,Time Limit Exceeded,2113,41664,1040,
s143705436,p02791,u686989171,1579466362,Python,Python (3.4.3),py,Time Limit Exceeded,2104,24744,188,
s504393659,p02791,u164873417,1579466361,Python,Python (3.4.3),py,Time Limit Exceeded,2104,24744,143,
s223562343,p02791,u808160425,1579466358,Kotlin,Kotlin (1.0.0),kt,Wrong Answer,2111,82880,569,
s568008188,p02791,u151864636,1579466357,C++,C++14 (GCC 5.4.1),cpp,Accepted,78,256,796,
s498043496,p02791,u215207367,1579466357,Python,Python (2.7.6),py,Wrong Answer,138,19964,166,
s449932455,p02791,u343995406,1579466356,PHP,PHP7 (7.0.15),php,Accepted,58,18932,368,
s367177720,p02791,u572049366,1579466356,Java,Java8 (OpenJDK 1.8.0),java,Time Limit Exceeded,2110,346100,738,
s537042799,p02791,u079785612,1579466353,Python,Python (3.4.3),py,Time Limit Exceeded,2108,34024,373,
s853935938,p02791,u646224936,1579466352,C++,C++14 (GCC 5.4.1),cpp,Accepted,64,1912,361,
s935925020,p02791,u469315559,1579466352,C++,C++14 (GCC 5.4.1),cpp,Wrong Answer,2103,1024,385,
s172611164,p02791,u980932400,1579466351,C++,C++14 (GCC 5.4.1),cpp,Accepted,19,1792,2514,
s314301115,p02791,u762182313,1579466350,C++,C++14 (GCC 5.4.1),cpp,Wrong Answer,65,1024,419,
s998618784,p02791,u073866020,1579466350,C++,C++14 (GCC 5.4.1),cpp,Time Limit Exceeded,2103,1024,270,
s405852685,p02791,u929520616,1579466349,Python,PyPy3 (2.4.0),py,Accepted,248,85840,188,
s330279014,p02791,u602672972,1579466348,C++,C++14 (GCC 5.4.1),cpp,Compile Error,,,415,
s277706264,p02791,u746419473,1579466347,Python,Python (3.4.3),py,Wrong Answer,118,24744,149,
s938945906,p02791,u240901574,1579466347,Java,Java8 (OpenJDK 1.8.0),java,Time Limit Exceeded,2109,65200,661,
s554311414,p02791,u920973158,1579466346,Ruby,Ruby (2.3.3),rb,Time Limit Exceeded,2111,19844,141,
s153354693,p02791,u018890850,1579466345,C++,C++14 (GCC 5.4.1),cpp,Time Limit Exceeded,2103,1152,622,
s267696239,p02791,u658449790,1579466345,C++,C++14 (GCC 5.4.1),cpp,Accepted,116,6400,8804,
s726334801,p02791,u202837714,1579466344,C++,C++14 (GCC 5.4.1),cpp,Wrong Answer,2103,1024,286,
s839997202,p02791,u724301837,1579466343,C,C (GCC 5.4.1),c,Accepted,13,4096,790,
s668474826,p02791,u907525511,1579466343,C++,C++14 (GCC 5.4.1),cpp,Time Limit Exceeded,2103,1024,365,
s475133669,p02791,u363936720,1579466342,C++,C++14 (GCC 5.4.1),cpp,Time Limit Exceeded,2103,1792,583,
s990740903,p02791,u606784601,1579466341,Python,PyPy3 (2.4.0),py,Accepted,252,75472,159,
s918202327,p02791,u634482428,1579466341,Ruby,Ruby (2.3.3),rb,Time Limit Exceeded,2108,19204,146,
s268125759,p02791,u789673251,1579466341,C++,C++14 (GCC 5.4.1),cpp,Accepted,20,896,335,
s073745370,p02791,u980932400,1579466340,Python,Python (3.4.3),py,Runtime Error,18,2940,2514,
s057790233,p02791,u481099232,1579466339,C++,C++14 (GCC 5.4.1),cpp,Accepted,78,1024,275,
s858743885,p02791,u492495691,1579466339,C++,C++14 (GCC 5.4.1),cpp,Wrong Answer,62,1152,412,
s448986653,p02791,u912830684,1579466338,C++,C++14 (GCC 5.4.1),cpp,Wrong Answer,2103,1400,680,
s508217112,p02791,u585282474,1579466334,C++,C++14 (GCC 5.4.1),cpp,Time Limit Exceeded,2103,1024,478,
s972648103,p02791,u288500098,1579466334,Python,Python (3.4.3),py,Time Limit Exceeded,2104,24920,148,
s480858521,p02791,u843292252,1579466332,C++,C++14 (GCC 5.4.1),cpp,Accepted,66,1024,324,
s990521677,p02791,u372906203,1579466330,C++,C++14 (GCC 5.4.1),cpp,Accepted,20,128,621,
s511067278,p02791,u474561976,1579466330,C,C (GCC 5.4.1),c,Time Limit Exceeded,2103,896,465,
s921583521,p02791,u985598176,1579466328,C++,C++14 (GCC 5.4.1),cpp,Wrong Answer,59,1792,311,
s824182807,p02791,u987001487,1579466328,Crystal,Crystal (0.20.5),cr,Time Limit Exceeded,2108,19068,237,
s870964972,p02791,u281610856,1579466327,Python,Python (3.4.3),py,Accepted,107,24744,157,
s136775138,p02791,u928941036,1579466326,Ruby,Ruby (2.3.3),rb,Accepted,103,15364,179,
s602083339,p02791,u996675175,1579466326,C++,C++14 (GCC 5.4.1),cpp,Wrong Answer,77,1024,244,
s098928562,p02791,u580844773,1579466325,C++,C++14 (GCC 5.4.1),cpp,Time Limit Exceeded,2103,1024,435,
s720595490,p02791,u422698170,1579466323,C++,C++14 (GCC 5.4.1),cpp,Wrong Answer,76,1792,249,
s155689989,p02791,u232873434,1579466322,Python,Python (3.4.3),py,Wrong Answer,83,17780,242,
s662474147,p02791,u988661952,1579466321,Python,Python (3.4.3),py,Wrong Answer,111,24744,116,
s909220131,p02791,u734423776,1579466320,Python,Python (3.4.3),py,Time Limit Exceeded,2104,24744,194,
s949085218,p02791,u613765770,1579466318,C++,C++14 (GCC 5.4.1),cpp,Time Limit Exceeded,2103,3584,1327,
s037511088,p02791,u969438866,1579466316,C++,C++14 (GCC 5.4.1),cpp,Time Limit Exceeded,2103,1024,457,
s895799606,p02791,u542322058,1579466313,C,C (GCC 5.4.1),c,Time Limit Exceeded,2103,896,639,
s878842801,p02791,u302519819,1579466312,C,C (GCC 5.4.1),c,Wrong Answer,22,1024,260,
s614580802,p02791,u312078744,1579466312,Python,Python (3.4.3),py,Time Limit Exceeded,2109,33032,329,
s332619544,p02791,u111392182,1579466312,Python,Python (3.4.3),py,Accepted,109,24744,135,
s984548456,p02791,u094102716,1579466311,Python,Python (3.4.3),py,Wrong Answer,113,24744,138,
s610333881,p02791,u796708718,1579466310,Python,Python (3.4.3),py,Runtime Error,17,2940,153,
s750782073,p02791,u875730451,1579466310,Ruby,Ruby (2.3.3),rb,Wrong Answer,108,17284,165,
s132485439,p02791,u524253154,1579466307,C,C (GCC 5.4.1),c,Time Limit Exceeded,2107,384,420,
s229043981,p02791,u193598069,1579466307,C++,C++ (GCC 5.4.1),cpp,Wrong Answer,77,1024,436,
s972420676,p02791,u049685239,1579466306,C++,C++14 (GCC 5.4.1),cpp,Time Limit Exceeded,2103,1024,418,
s671717295,p02791,u425317134,1579466305,Python,Python (3.4.3),py,Runtime Error,26,6652,205,
s051482216,p02791,u635070303,1579466304,Python,PyPy3 (2.4.0),py,Time Limit Exceeded,2110,136860,154,
s773132261,p02791,u816637025,1579466304,Python,Python (3.4.3),py,Accepted,147,24744,150,
s663031557,p02791,u281494025,1579466304,Python,Python (3.4.3),py,Wrong Answer,121,24744,161,
s556275727,p02791,u572026348,1579466302,C++,C++14 (GCC 5.4.1),cpp,Time Limit Exceeded,2103,1024,402,
s610269142,p02791,u620626180,1579466301,C++,C++14 (GCC 5.4.1),cpp,Wrong Answer,60,1792,302,
s318358369,p02791,u676873239,1579466301,C++,C++14 (GCC 5.4.1),cpp,Accepted,19,1792,441,
s941973230,p02791,u028146604,1579466301,C++,C++14 (GCC 5.4.1),cpp,Time Limit Exceeded,2109,3440,972,
s782758788,p02791,u083858683,1579466301,PHP,PHP (5.6.30),php,Wrong Answer,13,3828,287,
s629449231,p02791,u273041802,1579466301,C++,C++14 (GCC 5.4.1),cpp,Runtime Error,98,256,294,
s499293330,p02791,u972911059,1579466299,C++,C++14 (GCC 5.4.1),cpp,Accepted,79,1024,274,
s932857509,p02791,u374501720,1579466298,Python,Python (3.4.3),py,Time Limit Exceeded,2104,24744,192,
s183670542,p02791,u315354220,1579466294,Python,PyPy3 (2.4.0),py,Time Limit Exceeded,2111,139508,177,
s692456537,p02791,u436403761,1579466293,C++,C++14 (GCC 5.4.1),cpp,Accepted,63,1792,467,
s577775628,p02791,u598740978,1579466293,C,C (GCC 5.4.1),c,Time Limit Exceeded,2103,896,513,
s118305276,p02791,u606992289,1579466292,C++,C++14 (GCC 5.4.1),cpp,Wrong Answer,61,1400,429,
s230235362,p02791,u973991908,1579466292,C++,C++14 (GCC 5.4.1),cpp,Time Limit Exceeded,2103,1024,854,
s143869637,p02791,u994956045,1579466288,C++,C++14 (GCC 5.4.1),cpp,Wrong Answer,78,256,257,
s309979688,p02791,u527977536,1579466288,Python,Python (3.4.3),py,Accepted,110,23572,248,
s272156766,p02791,u894521144,1579466287,Python,Python (3.4.3),py,Time Limit Exceeded,2109,34120,219,
s366972237,p02791,u980672603,1579466285,C,C (Clang 3.8.0),c,Accepted,22,128,200,
s304933894,p02791,u409757418,1579466284,Python,Python (3.4.3),py,Time Limit Exceeded,2104,24744,155,
s588138852,p02791,u024208318,1579466283,C,C (GCC 5.4.1),c,Time Limit Exceeded,2103,896,280,
s280731785,p02791,u357265888,1579466283,C++,C++14 (GCC 5.4.1),cpp,Accepted,18,384,2136,
s965799013,p02791,u422698170,1579466282,C++,C++14 (GCC 5.4.1),cpp,Compile Error,,,250,
s579200671,p02791,u110253606,1579466279,C++,C++14 (GCC 5.4.1),cpp,Accepted,20,896,227,
s055220352,p02791,u437368899,1579466278,Ruby,Ruby (2.3.3),rb,Wrong Answer,408,21252,157,
s927573079,p02791,u830681554,1579466278,C++,C++14 (GCC 5.4.1),cpp,Wrong Answer,2103,1792,700,
s675112630,p02791,u571867512,1579466276,Python,Python (3.4.3),py,Accepted,108,24744,162,
s081916201,p02791,u996434204,1579466275,Python,Python (3.4.3),py,Time Limit Exceeded,2105,24744,176,
s994664380,p02791,u391667116,1579466274,C,C (GCC 5.4.1),c,Accepted,28,4096,1906,
s321923459,p02791,u775507068,1579466274,C++,C++14 (GCC 5.4.1),cpp,Wrong Answer,18,1792,1196,
s765218613,p02791,u067062087,1579466274,C,C (GCC 5.4.1),c,Time Limit Exceeded,2103,1664,577,
s311458404,p02791,u946424121,1579466273,Python,Python (3.4.3),py,Time Limit Exceeded,2108,24744,187,
s939515388,p02791,u326870273,1579466273,Python,Python (3.4.3),py,Time Limit Exceeded,2104,24744,406,
s864231830,p02791,u891884439,1579466272,Python,Python (3.4.3),py,Time Limit Exceeded,2104,24744,195,
s666611851,p02791,u981332890,1579466270,Python,PyPy3 (2.4.0),py,Time Limit Exceeded,2107,118964,353,
s312338077,p02791,u249296633,1579466268,Python,Python (3.4.3),py,Time Limit Exceeded,2104,26012,280,
s815305442,p02791,u852862907,1579466268,C++,C++14 (GCC 5.4.1),cpp,Accepted,61,1024,531,
s330096287,p02791,u238987462,1579466268,Python,Python (3.4.3),py,Time Limit Exceeded,2104,25896,140,
s574035761,p02791,u721082205,1579466267,C++,C++ (GCC 5.4.1),cpp,Accepted,60,1792,617,
s072617141,p02791,u837070819,1579466266,C++,C++14 (GCC 5.4.1),cpp,Compile Error,,,436,
s314220213,p02791,u038024401,1579466266,Python,Python (3.4.3),py,Time Limit Exceeded,2104,25992,321,
s259840590,p02791,u372452951,1579466265,C++,C++14 (GCC 5.4.1),cpp,Time Limit Exceeded,2103,1024,413,
s610800951,p02791,u743567041,1579466264,C++,C++14 (GCC 5.4.1),cpp,Accepted,59,1024,413,
s804395345,p02791,u254205055,1579466263,Lisp,Common Lisp (SBCL 1.1.14),l,Runtime Error,2106,126156,711,
s330239382,p02791,u101204895,1579466262,C++,C++14 (GCC 5.4.1),cpp,Time Limit Exceeded,2103,1024,391,
s377991453,p02791,u917049698,1579466261,C++,C++14 (GCC 5.4.1),cpp,Accepted,60,1024,302,
s728819205,p02791,u831822517,1579466260,C++,C++14 (GCC 5.4.1),cpp,Time Limit Exceeded,2103,1792,488,
s874509146,p02791,u610441939,1579466260,C++,C++14 (GCC 5.4.1),cpp,Accepted,77,1024,294,
s239897511,p02791,u068177169,1579466260,Go,Go (1.6),go,Time Limit Exceeded,2108,7040,291,
s795544672,p02791,u658449790,1579466260,C++,C++14 (GCC 5.4.1),cpp,Wrong Answer,128,6400,8802,
s168961430,p02791,u841557163,1579466259,Python,Python (3.4.3),py,Time Limit Exceeded,2104,24744,171,
s213739474,p02791,u963128036,1579466257,Python,Python (3.4.3),py,Time Limit Exceeded,2104,26012,149,
s666382608,p02791,u325937377,1579466256,C++,C++14 (GCC 5.4.1),cpp,Time Limit Exceeded,2103,1024,483,
s811459134,p02791,u705857261,1579466256,Python,Python (3.4.3),py,Time Limit Exceeded,2104,24744,208,
s048200110,p02791,u541853021,1579466255,C#,C# (Mono 4.6.2.0),cs,Wrong Answer,94,32220,395,
s046106726,p02791,u417528611,1579466254,C++,C++14 (GCC 5.4.1),cpp,Accepted,62,1024,369,
s352380793,p02791,u213486671,1579466254,C#,C# (Mono 4.6.2.0),cs,Accepted,108,35676,981,
s235012477,p02791,u125205981,1579466254,Python,Python (3.4.3),py,Accepted,132,24744,335,
s719439973,p02791,u544581891,1579466254,Python,Python (3.4.3),py,Time Limit Exceeded,2104,24744,208,
s658041057,p02791,u427984570,1579466253,Python,Python (3.4.3),py,Time Limit Exceeded,2104,24744,191,
s361807305,p02791,u199522518,1579466253,C++,C++14 (GCC 5.4.1),cpp,Accepted,67,3328,876,
s642296689,p02791,u702719601,1579466253,Haskell,Haskell (GHC 7.10.3),hs,Time Limit Exceeded,2110,99708,274,
s887511558,p02791,u000557170,1579466252,Python,Python (3.4.3),py,Time Limit Exceeded,2104,26004,1223,
s623364932,p02791,u096860578,1579466251,Ruby,Ruby (2.3.3),rb,Wrong Answer,2109,16772,321,
s141892221,p02791,u863309603,1579466251,Kotlin,Kotlin (1.0.0),kt,Accepted,633,83024,301,
s471700953,p02791,u830366840,1579466250,C++,C++14 (GCC 5.4.1),cpp,Accepted,63,2420,498,
s880618423,p02791,u428416104,1579466249,Python,Python (3.4.3),py,Accepted,108,24744,148,
s293032219,p02791,u044251893,1579466249,Python,PyPy3 (2.4.0),py,Wrong Answer,272,81616,241,
s627990237,p02791,u802712220,1579466247,C++,C++14 (GCC 5.4.1),cpp,Time Limit Exceeded,2104,15616,845,
s486602872,p02791,u654313715,1579466244,C++,C++14 (GCC 5.4.1),cpp,Accepted,18,256,6153,
s575823753,p02791,u542197477,1579466244,Ruby,Ruby (2.3.3),rb,Wrong Answer,107,15236,200,
s133063439,p02791,u383713431,1579466242,C++,C++14 (GCC 5.4.1),cpp,Time Limit Exceeded,2103,1792,489,
s101570531,p02791,u236489401,1579466241,C,C (GCC 5.4.1),c,Time Limit Exceeded,2103,896,384,
s894793422,p02791,u835765328,1579466240,C++,C++14 (GCC 5.4.1),cpp,Accepted,78,256,322,
s622350450,p02791,u578647703,1579466238,Python,Python (3.4.3),py,Time Limit Exceeded,2104,26248,236,
s567394797,p02791,u240901574,1579466236,Java,Java8 (OpenJDK 1.8.0),java,Time Limit Exceeded,2109,86860,635,
s819616898,p02791,u122557489,1579466235,C++,C++14 (GCC 5.4.1),cpp,Time Limit Exceeded,2103,1024,446,
s562194033,p02791,u962127640,1579466234,Python,PyPy3 (2.4.0),py,Accepted,259,75472,151,
s679878105,p02791,u006721330,1579466231,C++,C++14 (GCC 5.4.1),cpp,Accepted,66,1024,357,
s988394496,p02791,u998679483,1579466231,Python,Python (3.4.3),py,Accepted,105,24744,206,
s755561861,p02791,u394974273,1579466230,C++,C++14 (GCC 5.4.1),cpp,Accepted,60,1792,600,
s425386885,p02791,u671258429,1579466229,C++,C++14 (GCC 5.4.1),cpp,Time Limit Exceeded,2103,1792,335,
s038527301,p02791,u474789708,1579466229,C++,C++14 (GCC 5.4.1),cpp,Wrong Answer,77,1024,246,
s146763701,p02791,u705857261,1579466225,Python,Python (3.4.3),py,Runtime Error,2104,146284,206,
s338837762,p02791,u649326276,1579466225,Python,Python (3.4.3),py,Accepted,191,19444,248,
s140602530,p02791,u441823651,1579466225,C++,C++14 (GCC 5.4.1),cpp,Accepted,59,1792,478,
s857481660,p02791,u663593377,1579466224,C++,C++14 (Clang 3.8.0),cpp,Accepted,161,888,524,
s138671355,p02791,u263226212,1579466223,Python,Python (3.4.3),py,Accepted,94,24744,172,
s400077824,p02791,u906481659,1579466223,Python,Python (3.4.3),py,Time Limit Exceeded,2104,24744,170,
s987728842,p02791,u469783285,1579466221,C++,C++14 (GCC 5.4.1),cpp,Accepted,21,1664,355,
s271914792,p02791,u743354620,1579466220,Python,Python (3.4.3),py,Time Limit Exceeded,2104,24744,145,
s214230799,p02791,u423585790,1579466220,Python,PyPy3 (2.4.0),py,Accepted,284,70736,1129,
s215158839,p02791,u995004106,1579466220,Python,Python (3.4.3),py,Accepted,150,25896,189,
s828244038,p02791,u422698170,1579466220,C++,C++14 (GCC 5.4.1),cpp,Compile Error,,,221,
s159940070,p02791,u115851666,1579466218,C++,C++ (GCC 5.4.1),cpp,Time Limit Exceeded,2103,1792,503,
s761758316,p02791,u196210689,1579466217,C++,C++14 (GCC 5.4.1),cpp,Time Limit Exceeded,2103,1792,913,
s084763914,p02791,u872184182,1579466217,Python,Python (3.4.3),py,Time Limit Exceeded,2104,24744,410,
s433721291,p02791,u630043039,1579466216,Ruby,Ruby (2.3.3),rb,Accepted,181,19204,137,
s137643450,p02791,u031986221,1579466216,C++,C++14 (GCC 5.4.1),cpp,Accepted,29,1024,802,
s195101102,p02791,u810450933,1579466216,C,C (GCC 5.4.1),c,Runtime Error,105,128,317,
s972526248,p02791,u674120728,1579466215,C++,C++14 (GCC 5.4.1),cpp,Time Limit Exceeded,2103,1792,374,
s836698720,p02791,u733674824,1579466214,C++,C++14 (GCC 5.4.1),cpp,Wrong Answer,2103,1024,474,
s956217176,p02791,u085230437,1579466214,C,C (GCC 5.4.1),c,Time Limit Exceeded,2103,896,370,
s651471851,p02791,u903328637,1579466211,Python,Python (3.4.3),py,Wrong Answer,179,24744,182,
s956180043,p02791,u721508245,1579466210,Ruby,Ruby (2.3.3),rb,Time Limit Exceeded,2108,20484,179,
s947435213,p02791,u739095155,1579466209,C++,C++14 (GCC 5.4.1),cpp,Wrong Answer,2103,1792,314,
s283072149,p02791,u357230322,1579466209,Python,Python (3.4.3),py,Accepted,112,24744,120,
s199575035,p02791,u433048345,1579466207,C++,C++14 (GCC 5.4.1),cpp,Accepted,59,1792,503,
s376866190,p02791,u372297753,1579466204,C++,C++14 (GCC 5.4.1),cpp,Time Limit Exceeded,2103,1792,6425,
s674257450,p02791,u762182313,1579466202,C++,C++14 (GCC 5.4.1),cpp,Wrong Answer,67,1024,401,
s243048525,p02791,u228232845,1579466202,Python,Python (3.4.3),py,Accepted,152,24744,155,
s575910944,p02791,u419471591,1579466201,C,C (GCC 5.4.1),c,Time Limit Exceeded,2103,896,358,
s110291950,p02791,u985598176,1579466201,C++,C++14 (GCC 5.4.1),cpp,Wrong Answer,63,1024,287,
s676259021,p02791,u349888092,1579466201,Python,Python (3.4.3),py,Accepted,90,24744,162,
s071109441,p02791,u139235669,1579466201,C++,C++14 (GCC 5.4.1),cpp,Accepted,66,2168,4979,
s982535544,p02791,u979726772,1579466199,Python,Python (3.4.3),py,Time Limit Exceeded,2104,24744,321,
s690827665,p02791,u724428568,1579466199,Python,Python (3.4.3),py,Accepted,157,24744,224,
s466329879,p02791,u227763649,1579466197,C++,C++14 (GCC 5.4.1),cpp,Time Limit Exceeded,2103,1024,360,
s771134237,p02791,u914671452,1579466197,Python,Python (3.4.3),py,Wrong Answer,116,24744,158,
s255726059,p02791,u353652911,1579466196,Python,Python (3.4.3),py,Wrong Answer,145,24744,171,
s661958711,p02791,u364651911,1579466195,Python,Python (3.4.3),py,Time Limit Exceeded,2104,17704,195,
s209410516,p02791,u595839806,1579466195,C++,C++14 (GCC 5.4.1),cpp,Time Limit Exceeded,2103,1024,663,
s325377696,p02791,u991923581,1579466195,Python,Python (3.4.3),py,Wrong Answer,150,17936,156,
s683016734,p02791,u658175468,1579466194,C++,C++14 (GCC 5.4.1),cpp,Time Limit Exceeded,2103,1024,448,
s589655150,p02791,u372452951,1579466193,C++,C++14 (GCC 5.4.1),cpp,Compile Error,,,385,
s697961628,p02791,u984730891,1579466192,C++,C++14 (GCC 5.4.1),cpp,Accepted,18,1792,471,
s624360108,p02791,u789673251,1579466192,C++,C++14 (GCC 5.4.1),cpp,Wrong Answer,20,896,423,
s407159050,p02791,u244806387,1579466190,C++,C++14 (GCC 5.4.1),cpp,Accepted,60,3444,1830,
s950326039,p02791,u734473573,1579466189,C++,C++14 (Clang 3.8.0),cpp,Accepted,167,1024,409,
s324747503,p02791,u541475502,1579466189,Python,Python (3.4.3),py,Time Limit Exceeded,2104,24744,260,
s502896063,p02791,u459004628,1579466187,C,C (GCC 5.4.1),c,Time Limit Exceeded,2103,896,505,
s746467419,p02791,u079785612,1579466187,Python,Python (3.4.3),py,Wrong Answer,2108,34028,343,
s726131861,p02791,u205936263,1579466187,Python,Python (3.4.3),py,Time Limit Exceeded,2104,26664,258,
s565443222,p02791,u624773401,1579466186,C++,C++14 (GCC 5.4.1),cpp,Accepted,18,1792,2288,
s546681686,p02791,u580844773,1579466185,C++,C++14 (GCC 5.4.1),cpp,Wrong Answer,2103,1152,429,
s843233243,p02791,u093899400,1579466184,C,C (GCC 5.4.1),c,Runtime Error,100,256,403,
s045174596,p02791,u273010357,1579466183,Python,PyPy3 (2.4.0),py,Time Limit Exceeded,2108,75472,155,
s191061806,p02791,u453634575,1579466181,Python,Python (3.4.3),py,Time Limit Exceeded,2104,24744,244,
s470158699,p02791,u185935459,1579466181,C++,C++14 (GCC 5.4.1),cpp,Time Limit Exceeded,2103,1024,562,
s709391900,p02791,u641446860,1579466179,C++,C++14 (GCC 5.4.1),cpp,Runtime Error,108,640,606,
s368727993,p02791,u757117214,1579466179,Python,Python (3.4.3),py,Wrong Answer,108,25116,111,
s642012393,p02791,u390901416,1579466179,C++,C++14 (GCC 5.4.1),cpp,Accepted,63,1024,314,
s014562504,p02791,u245960901,1579466178,Python,Python (3.4.3),py,Time Limit Exceeded,2104,19104,159,
s118803092,p02791,u684049918,1579466178,C++,C++14 (GCC 5.4.1),cpp,Accepted,76,1024,526,
s694153248,p02791,u202837714,1579466177,C++,C++14 (GCC 5.4.1),cpp,Runtime Error,98,256,283,
s173834897,p02791,u668352391,1579466175,Python,Python (3.4.3),py,Time Limit Exceeded,2104,26012,227,
s128118237,p02791,u032223772,1579466175,Bash,Bash (GNU bash v4.3.11),sh,Wrong Answer,75,1748,37,
s872755353,p02791,u416687643,1579466174,C++,C++14 (GCC 5.4.1),cpp,Time Limit Exceeded,2103,512,267,
s847131127,p02791,u256281774,1579466174,Python,Python (3.4.3),py,Accepted,96,24744,149,
s915069927,p02791,u247164875,1579466174,C#,C# (Mono 4.6.2.0),cs,Accepted,96,29020,653,
s813192529,p02791,u996675175,1579466174,C++,C++14 (GCC 5.4.1),cpp,Wrong Answer,78,2944,259,
s033140881,p02791,u994307795,1579466172,C++,C++14 (GCC 5.4.1),cpp,Time Limit Exceeded,2103,1024,337,
s814770799,p02791,u820164965,1579466171,C++,C++14 (GCC 5.4.1),cpp,Accepted,60,1024,446,
s529455613,p02791,u346986631,1579466171,Go,Go (1.6),go,Time Limit Exceeded,2108,7040,403,
s825952297,p02791,u151864636,1579466170,C++,C++14 (GCC 5.4.1),cpp,Wrong Answer,77,256,795,
s301217961,p02791,u646224936,1579466170,C++,C++14 (GCC 5.4.1),cpp,Wrong Answer,67,1912,352,
s198088150,p02791,u291178324,1579466169,C++,C++14 (GCC 5.4.1),cpp,Time Limit Exceeded,2103,1792,532,
s624169154,p02791,u525350746,1579466169,C,C (GCC 5.4.1),c,Runtime Error,100,256,313,
s962257793,p02791,u626009643,1579466168,C++,C++14 (GCC 5.4.1),cpp,Wrong Answer,60,1792,931,
s225784451,p02791,u776580013,1579466168,C++,C++14 (GCC 5.4.1),cpp,Time Limit Exceeded,2103,896,250,
s215412450,p02791,u085746830,1579466167,C++,C++14 (GCC 5.4.1),cpp,Wrong Answer,68,1792,245,
s930460064,p02791,u917066681,1579466167,C++,C++14 (GCC 5.4.1),cpp,Wrong Answer,2103,1024,427,
s387600212,p02791,u574437765,1579466166,Python,Python (3.4.3),py,Accepted,120,24744,195,
s563579119,p02791,u261700262,1579466166,Python,Python (3.4.3),py,Time Limit Exceeded,2104,24744,360,
s579975731,p02791,u127228093,1579466165,Python,Python (3.4.3),py,Time Limit Exceeded,2104,24744,329,
s186825964,p02791,u346266986,1579466163,Python,Python (3.4.3),py,Accepted,152,16916,205,
s782661255,p02791,u137938820,1579466162,Java,Java8 (OpenJDK 1.8.0),java,Accepted,561,64860,413,
s763730957,p02791,u341713871,1579466160,C,C (GCC 5.4.1),c,Time Limit Exceeded,2103,896,523,
s399817447,p02791,u674736819,1579466160,Python,Python (3.4.3),py,Time Limit Exceeded,2104,24872,249,
s048070569,p02791,u840823723,1579466160,C,C (GCC 5.4.1),c,Wrong Answer,1,128,382,
s388202094,p02791,u089644470,1579466160,Python,Python (3.4.3),py,Time Limit Exceeded,2104,24744,200,
s415330246,p02791,u135454978,1579466160,Python,PyPy3 (2.4.0),py,Accepted,242,75856,163,
s755808114,p02791,u242518667,1579466158,Python,Python (3.4.3),py,Time Limit Exceeded,2104,24744,218,
s058674152,p02791,u787120084,1579466158,C++,C++14 (GCC 5.4.1),cpp,Time Limit Exceeded,2103,1024,404,
s720039224,p02791,u224843402,1579466157,C++,C++14 (GCC 5.4.1),cpp,Time Limit Exceeded,2103,1024,600,
s000038771,p02791,u272682534,1579466157,Python,Python (3.4.3),py,Time Limit Exceeded,2109,26968,279,
s458188272,p02791,u643712096,1579466155,C++,C++14 (GCC 5.4.1),cpp,Wrong Answer,77,1024,280,
s850294941,p02791,u527977536,1579466153,Python,Python (3.4.3),py,Wrong Answer,108,24436,247,
s271947123,p02791,u518703962,1579466152,Java,Java8 (OpenJDK 1.8.0),java,Wrong Answer,583,83212,499,
s762727916,p02791,u709752172,1579466152,C++,C++14 (GCC 5.4.1),cpp,Time Limit Exceeded,2103,1024,319,
s063453102,p02791,u987001487,1579466152,Crystal,Crystal (0.20.5),cr,Time Limit Exceeded,2108,18784,225,
s256200251,p02791,u697601622,1579466150,Python,Python (3.4.3),py,Wrong Answer,156,25348,351,
s424817366,p02791,u088342491,1579466150,Kotlin,Kotlin (1.0.0),kt,Time Limit Exceeded,2111,140616,308,
s474419712,p02791,u912162189,1579466149,C++,C++14 (GCC 5.4.1),cpp,Wrong Answer,19,1024,1315,
s210464280,p02791,u301843562,1579466149,C,C (GCC 5.4.1),c,Accepted,22,128,1764,
s777027044,p02791,u425184437,1579466147,Python,Python (3.4.3),py,Wrong Answer,2104,24744,181,
s343078923,p02791,u277300851,1579466147,C++,C++14 (Clang 3.8.0),cpp,Accepted,175,1152,517,
s928465511,p02791,u207097826,1579466146,Python,Python (3.4.3),py,Accepted,104,24744,296,
s995660858,p02791,u532022710,1579466146,Python,Python (3.4.3),py,Time Limit Exceeded,2105,28032,726,
s362531833,p02791,u006949180,1579466146,C++,C++14 (GCC 5.4.1),cpp,Time Limit Exceeded,2103,1024,441,
s955405000,p02791,u838263355,1579466145,C,C (GCC 5.4.1),c,Accepted,21,1664,250,
s825378948,p02791,u828282986,1579466145,C++,C++14 (GCC 5.4.1),cpp,Accepted,19,1792,477,
s314006156,p02791,u094746828,1579466144,C++,C++14 (GCC 5.4.1),cpp,Accepted,79,1024,473,
s641980289,p02791,u998595609,1579466143,C++,C++14 (GCC 5.4.1),cpp,Accepted,21,256,572,
s569693373,p02791,u702051956,1579466142,C++,C++14 (GCC 5.4.1),cpp,Accepted,68,3456,657,
s551697159,p02791,u255406953,1579466140,Python,Python (3.4.3),py,Accepted,94,24744,171,
s883319978,p02791,u122557489,1579466138,C++,C++14 (GCC 5.4.1),cpp,Time Limit Exceeded,2103,1024,410,
s838998293,p02791,u259578064,1579466138,Ruby,Ruby (2.3.3),rb,Time Limit Exceeded,2109,22556,190,
s321533865,p02791,u280517956,1579466138,C++,C++14 (GCC 5.4.1),cpp,Accepted,19,1792,506,
s188913752,p02791,u917829175,1579466137,PHP,PHP7 (7.0.15),php,Time Limit Exceeded,2104,18932,405,
s523688055,p02791,u740900993,1579466137,Java,Java8 (OpenJDK 1.8.0),java,Accepted,590,84412,664,
s036697276,p02791,u015593272,1579466136,Python,Python (3.4.3),py,Time Limit Exceeded,2104,26012,187,
s220394610,p02791,u374517193,1579466135,Python,Python (3.4.3),py,Time Limit Exceeded,2105,39072,264,
s091948805,p02791,u971500297,1579466134,PHP,PHP7 (7.0.15),php,Accepted,52,18932,236,
s733598653,p02791,u353099601,1579466134,Python,Python (3.4.3),py,Time Limit Exceeded,2104,24744,236,
s067084707,p02791,u440632112,1579466132,C++,C++14 (GCC 5.4.1),cpp,Accepted,60,1024,471,
s822614257,p02791,u585282474,1579466132,C++,C++14 (GCC 5.4.1),cpp,Time Limit Exceeded,2103,1024,555,
s832849612,p02791,u288500098,1579466131,Python,Python (3.4.3),py,Time Limit Exceeded,2108,34128,188,
s350370022,p02791,u606393507,1579466131,C++,C++14 (GCC 5.4.1),cpp,Time Limit Exceeded,2103,896,453,
s283366975,p02791,u164047433,1579466131,Java,Java8 (OpenJDK 1.8.0),java,Time Limit Exceeded,2109,78836,484,
s260407985,p02791,u804880828,1579466130,C,C (GCC 5.4.1),c,Wrong Answer,22,896,363,
s330071026,p02791,u386439695,1579466129,Python,Python (3.4.3),py,Wrong Answer,2104,26012,407,
s077328774,p02791,u124063060,1579466128,Python,Python (3.4.3),py,Accepted,110,24872,162,
s824873799,p02791,u329977093,1579466128,C,C (GCC 5.4.1),c,Time Limit Exceeded,2103,1020,475,
s291672000,p02791,u497927632,1579466128,C++,C++14 (GCC 5.4.1),cpp,Time Limit Exceeded,2103,1024,481,
s871166143,p02791,u906536200,1579466127,C++,C++14 (GCC 5.4.1),cpp,Accepted,19,1792,562,
s081930509,p02791,u985374340,1579466125,Python,Python (3.4.3),py,Accepted,145,25716,304,
s749523774,p02791,u798579567,1579466124,Python,PyPy3 (2.4.0),py,Time Limit Exceeded,2112,136832,158,
s000815755,p02791,u423585790,1579466124,Python,PyPy3 (2.4.0),py,Runtime Error,266,70736,1157,
s902688228,p02791,u877184069,1579466122,Python,Python (3.4.3),py,Wrong Answer,216,34084,220,
s945719204,p02791,u315354220,1579466122,Python,Python (3.4.3),py,Wrong Answer,2104,24804,181,
s941547227,p02791,u320511454,1579466122,Python,Python (3.4.3),py,Wrong Answer,87,24744,134,
s150848553,p02791,u545237585,1579466121,C++,C++14 (Clang 3.8.0),cpp,Compile Error,,,385,
s356977718,p02791,u486466217,1579466119,Java,Java8 (OpenJDK 1.8.0),java,Time Limit Exceeded,2109,65976,631,
s227079815,p02791,u840823723,1579466119,C,C (GCC 5.4.1),c,Compile Error,,,381,
s526366563,p02791,u905974390,1579466119,Python,Python (3.4.3),py,Wrong Answer,111,24744,142,
s149993861,p02791,u154833883,1579466118,TypeScript,TypeScript (2.1.6),ts,Accepted,138,57556,2623,
s634199883,p02791,u950129527,1579466115,Python,Python (3.4.3),py,Time Limit Exceeded,2104,24744,156,
s271847105,p02791,u273041802,1579466114,C++,C++14 (GCC 5.4.1),cpp,Runtime Error,99,256,293,
s220260591,p02791,u350989619,1579466112,C++,C++14 (GCC 5.4.1),cpp,Time Limit Exceeded,2103,1792,2572,
s934314907,p02791,u339658123,1579466110,C,C (GCC 5.4.1),c,Time Limit Exceeded,2103,896,543,
s865825662,p02791,u131443777,1579466110,C++,C++14 (Clang 3.8.0),cpp,Accepted,168,1400,499,
s316538941,p02791,u685019390,1579466108,Java,Java8 (OpenJDK 1.8.0),java,Time Limit Exceeded,2109,57128,726,
s276031846,p02791,u016881126,1579466107,Python,PyPy3 (2.4.0),py,Accepted,229,69616,332,
s350436387,p02791,u232873434,1579466107,Python,Python (3.4.3),py,Wrong Answer,86,17776,242,
s815209246,p02791,u776580013,1579466107,C++,C++14 (GCC 5.4.1),cpp,Time Limit Exceeded,2103,896,250,
s501576084,p02791,u906922312,1579466104,Java,Java8 (OpenJDK 1.8.0),java,Time Limit Exceeded,2109,87548,545,
s482840792,p02791,u205672839,1579466103,C++,C++14 (GCC 5.4.1),cpp,Accepted,63,1024,469,
s761600822,p02791,u893907405,1579466102,C++,C++14 (GCC 5.4.1),cpp,Accepted,76,1792,617,
s717290133,p02791,u184219731,1579466099,C++,C++ (GCC 5.4.1),cpp,Accepted,78,256,232,
s711919048,p02791,u879611390,1579466098,Ruby,Ruby (2.3.3),rb,Time Limit Exceeded,2108,19204,308,
s733251723,p02791,u507391030,1579466098,Ruby,Ruby (2.3.3),rb,Time Limit Exceeded,2112,17948,301,
s433831423,p02791,u283850313,1579466097,Python,Python (3.4.3),py,Accepted,113,24744,194,
s515777887,p02791,u973630705,1579466097,C++,C++14 (GCC 5.4.1),cpp,Time Limit Exceeded,2103,1792,531,
s932794256,p02791,u077643536,1579466096,C#,C# (Mono 4.6.2.0),cs,Time Limit Exceeded,2113,42376,941,
s560683235,p02791,u239917977,1579466095,Python,Python (3.4.3),py,Accepted,113,24744,172,
s611448942,p02791,u623023710,1579466095,C++,C++14 (GCC 5.4.1),cpp,Time Limit Exceeded,2103,1024,490,
s810037240,p02791,u801369645,1579466094,C,C (GCC 5.4.1),c,Accepted,22,896,244,
s232085780,p02791,u799479335,1579466094,Python,PyPy3 (2.4.0),py,Accepted,270,75472,161,
s562401654,p02791,u692691139,1579466093,Python,Python (3.4.3),py,Accepted,170,24744,155,
s307993768,p02791,u122557489,1579466091,C++,C++14 (GCC 5.4.1),cpp,Compile Error,,,407,
s355373982,p02791,u912830684,1579466090,C++,C++14 (GCC 5.4.1),cpp,Time Limit Exceeded,2103,1400,568,
s270170507,p02791,u258503681,1579466090,C++,C++14 (GCC 5.4.1),cpp,Time Limit Exceeded,2103,1024,636,
s756575559,p02791,u568555377,1579466089,Java,Java7 (OpenJDK 1.7.0),java,Time Limit Exceeded,2109,74680,597,
s924381886,p02791,u777320783,1579466088,C,C (GCC 5.4.1),c,Time Limit Exceeded,2103,896,569,
s131940005,p02791,u045620580,1579466088,C++,C++14 (GCC 5.4.1),cpp,Time Limit Exceeded,2103,1024,445,
s856937864,p02791,u305744669,1579466085,Python,Python (3.4.3),py,Accepted,117,25256,400,
s425474210,p02791,u639471661,1579466085,C++,C++14 (GCC 5.4.1),cpp,Time Limit Exceeded,2103,1024,615,
s652713541,p02791,u435703439,1579466084,Java,Java7 (OpenJDK 1.7.0),java,Accepted,519,76048,542,
s105042350,p02791,u254205055,1579466084,Lisp,Common Lisp (SBCL 1.1.14),l,Runtime Error,2106,127288,793,
s515695843,p02791,u830366840,1579466083,C++,C++14 (GCC 5.4.1),cpp,Wrong Answer,61,2420,490,
s801080907,p02791,u603324902,1579466082,Python,Python (3.4.3),py,Wrong Answer,2104,26012,262,
s799899500,p02791,u770230638,1579466080,Python,Python (3.4.3),py,Accepted,101,26004,255,
s923205145,p02791,u474551232,1579466079,C++,C++14 (GCC 5.4.1),cpp,Wrong Answer,63,1792,818,
s814301881,p02791,u246942304,1579466079,Python,Python (3.4.3),py,Accepted,90,24744,169,
s607267817,p02791,u231624032,1579466078,C,C (GCC 5.4.1),c,Accepted,27,1792,292,
s887483355,p02791,u866555183,1579466076,Python,Python (3.4.3),py,Time Limit Exceeded,2104,24744,155,
s280186508,p02791,u676458682,1579466076,Python,Python (3.4.3),py,Wrong Answer,2104,24920,233,
s091284984,p02791,u840823723,1579466076,C,C (GCC 5.4.1),c,Compile Error,,,380,
s210431085,p02791,u096860578,1579466074,Ruby,Ruby (2.3.3),rb,Time Limit Exceeded,2112,18724,267,
s585870272,p02791,u423585790,1579466074,Python,PyPy3 (2.4.0),py,Runtime Error,259,70608,1157,
s609074413,p02791,u001577246,1579466074,C++,C++14 (GCC 5.4.1),cpp,Wrong Answer,61,2560,1321,
s459582439,p02791,u945233433,1579466074,Python,Python (3.4.3),py,Accepted,120,24744,173,
s719305651,p02791,u547728429,1579466073,Python,Python (3.4.3),py,Accepted,129,24744,173,
s826721889,p02791,u798557584,1579466072,Python,Python (3.4.3),py,Time Limit Exceeded,2104,24744,241,
s247160507,p02791,u966480259,1579466072,Java,Java8 (OpenJDK 1.8.0),java,Time Limit Exceeded,2109,63868,686,
s317608033,p02791,u149377032,1579466069,Scheme,Scheme (Gauche 0.9.3.3),scm,Wrong Answer,96,6104,327,
s986029812,p02791,u044251893,1579466068,Python,PyPy3 (2.4.0),py,Time Limit Exceeded,2108,81744,265,
s741123652,p02791,u213570908,1579466068,C++,C++14 (GCC 5.4.1),cpp,Runtime Error,100,1024,416,
s097577512,p02791,u161155417,1579466067,Python,Python (3.4.3),py,Wrong Answer,92,6656,188,
s314528418,p02791,u326870273,1579466067,Python,Python (3.4.3),py,Time Limit Exceeded,2105,24744,427,
s906960829,p02791,u542322058,1579466067,C,C (GCC 5.4.1),c,Time Limit Exceeded,2103,896,656,
s622639361,p02791,u674120728,1579466067,C++,C++14 (GCC 5.4.1),cpp,Time Limit Exceeded,2103,1024,359,
s367032409,p02791,u513083943,1579466065,C++,C++14 (GCC 5.4.1),cpp,Accepted,60,1024,354,
s338934855,p02791,u211573648,1579466064,C++,C++14 (GCC 5.4.1),cpp,Accepted,76,1024,434,
s916808775,p02791,u972911059,1579466062,C++,C++14 (GCC 5.4.1),cpp,Wrong Answer,2103,1792,437,
s857798543,p02791,u917829175,1579466061,PHP,PHP7 (7.0.15),php,Wrong Answer,20,18932,405,
s975463433,p02791,u225094817,1579466059,C++,C++14 (GCC 5.4.1),cpp,Accepted,77,256,223,
s717922351,p02791,u273010357,1579466059,Python,Python (3.4.3),py,Time Limit Exceeded,2104,24744,155,
s149568037,p02791,u481026841,1579466058,C,C (GCC 5.4.1),c,Time Limit Exceeded,2103,896,372,
s009947982,p02791,u478132434,1579466057,Python,Python (3.4.3),py,Time Limit Exceeded,2104,24744,190,
s237062181,p02791,u652348678,1579466057,Python,Python (3.4.3),py,Time Limit Exceeded,2104,24744,202,
s914163586,p02791,u442097733,1579466057,C++,C++14 (GCC 5.4.1),cpp,Time Limit Exceeded,2103,1024,545,
s553470357,p02791,u869566267,1579466056,C++,C++14 (GCC 5.4.1),cpp,Accepted,77,1024,318,
s311412688,p02791,u924935170,1579466056,C++,C++14 (GCC 5.4.1),cpp,Accepted,61,1792,550,
s911619206,p02791,u756415797,1579466055,C++,C++14 (Clang 3.8.0),cpp,Time Limit Exceeded,2103,1024,380,
s795748234,p02791,u106936063,1579466054,Java,Java8 (OpenJDK 1.8.0),java,Accepted,578,66528,491,
s180964200,p02791,u278183305,1579466053,Python,Python (3.4.3),py,Time Limit Exceeded,2108,24744,213,
s435615041,p02791,u314920173,1579466052,C++,C++14 (Clang 3.8.0),cpp,Accepted,24,1280,908,
s474583385,p02791,u313033295,1579466051,C++,C++14 (GCC 5.4.1),cpp,Accepted,18,2304,2904,
s911019116,p02791,u185935459,1579466051,C++,C++14 (GCC 5.4.1),cpp,Time Limit Exceeded,2103,1024,562,
s674832055,p02791,u985374340,1579466050,Python,Python (3.4.3),py,Wrong Answer,126,24744,292,
s364781481,p02791,u372297753,1579466050,C++,C++14 (GCC 5.4.1),cpp,Time Limit Exceeded,2103,2428,6403,
s566740339,p02791,u790461875,1579466050,C++,C++14 (GCC 5.4.1),cpp,Accepted,60,3456,6020,
s237699711,p02791,u799164835,1579466050,C++,C++14 (GCC 5.4.1),cpp,Accepted,78,1024,448,
s019466971,p02791,u789673251,1579466049,C++,C++14 (GCC 5.4.1),cpp,Wrong Answer,20,896,395,
s580315682,p02791,u802712220,1579466047,C++,C++14 (GCC 5.4.1),cpp,Wrong Answer,2103,1792,1075,
s137075806,p02791,u189427183,1579466047,Python,PyPy3 (2.4.0),py,Wrong Answer,264,100304,140,
s080315050,p02791,u988031875,1579466047,C++,C++14 (GCC 5.4.1),cpp,Time Limit Exceeded,2103,1024,398,
s436966998,p02791,u462485367,1579466046,C++,C++14 (GCC 5.4.1),cpp,Wrong Answer,2104,3328,2112,
s334763796,p02791,u891218252,1579466045,Python,Python (3.4.3),py,Accepted,173,26012,466,
s994392489,p02791,u015768390,1579466045,C++,C++14 (GCC 5.4.1),cpp,Accepted,59,384,411,
s782564097,p02791,u864069774,1579466044,Python,Python (3.4.3),py,Accepted,118,24744,165,
s395297778,p02791,u559994901,1579466042,C,C (GCC 5.4.1),c,Wrong Answer,21,3584,314,
s918945259,p02791,u816390432,1579466041,C++,C++14 (GCC 5.4.1),cpp,Time Limit Exceeded,2107,1024,400,
s357677299,p02791,u658449790,1579466039,C++,C++14 (GCC 5.4.1),cpp,Wrong Answer,682,3840,8802,
s921203591,p02791,u598740978,1579466039,C,C (GCC 5.4.1),c,Time Limit Exceeded,2103,896,415,
s318375774,p02791,u894521144,1579466038,Python,Python (3.4.3),py,Time Limit Exceeded,2109,33128,167,
s884765733,p02791,u878839832,1579466036,Fortran,Fortran (gfortran v4.8.4),f,Time Limit Exceeded,2103,1536,342,
s740708232,p02791,u822130495,1579466035,C++,C++14 (GCC 5.4.1),cpp,Time Limit Exceeded,2103,1024,395,
s833023247,p02791,u123550573,1579466034,C++,C++14 (GCC 5.4.1),cpp,Accepted,24,2936,674,
s708779067,p02791,u448885922,1579466034,C++,C++14 (GCC 5.4.1),cpp,Time Limit Exceeded,2103,1024,408,
s789378599,p02791,u779655095,1579466034,C,C (GCC 5.4.1),c,Runtime Error,104,256,422,
s857387069,p02791,u817743548,1579466031,Go,Go (1.6),go,Accepted,957,6528,334,
s388789354,p02791,u249296633,1579466030,Python,Python (3.4.3),py,Time Limit Exceeded,2105,24744,294,
s320531815,p02791,u281494025,1579466028,Python,Python (3.4.3),py,Wrong Answer,126,24744,160,
s360070329,p02791,u462648839,1579466028,C++,C++14 (GCC 5.4.1),cpp,Accepted,79,1152,497,
s306041313,p02791,u891884439,1579466027,Python,Python (3.4.3),py,Runtime Error,17,2940,261,
s063803748,p02791,u498589373,1579466025,C++,C++14 (GCC 5.4.1),cpp,Accepted,77,1024,397,
s019812681,p02791,u164873417,1579466024,Python,PyPy3 (2.4.0),py,Time Limit Exceeded,2107,77412,235,
s167197702,p02791,u309141201,1579466024,Python,Python (3.4.3),py,Time Limit Exceeded,2104,24744,161,
s771789469,p02791,u805898672,1579466024,Java,Java8 (OpenJDK 1.8.0),java,Accepted,587,87604,344,
s967563085,p02791,u286623856,1579466023,C++,C++14 (GCC 5.4.1),cpp,Accepted,76,1920,1353,
s753210529,p02791,u419471591,1579466023,C,C (GCC 5.4.1),c,Time Limit Exceeded,2107,896,366,
s027808140,p02791,u156918752,1579466020,C++,C++14 (GCC 5.4.1),cpp,Wrong Answer,62,256,323,
s570709165,p02791,u752008961,1579466020,C#,C# (Mono 4.6.2.0),cs,Time Limit Exceeded,2109,34012,3184,
s693578420,p02791,u963686413,1579466018,Go,Go (1.6),go,Wrong Answer,94,10368,2217,
s106151820,p02791,u557147854,1579466018,Python,Python (3.4.3),py,Accepted,111,24744,214,
s256307824,p02791,u888881904,1579466015,Python,Python (3.4.3),py,Time Limit Exceeded,2104,24744,159,
s608001358,p02791,u890183245,1579466015,Python,PyPy3 (2.4.0),py,Time Limit Exceeded,2110,136848,136,
s263433470,p02791,u277353449,1579466014,Python,Python (3.4.3),py,Accepted,112,24872,131,
s796125563,p02791,u127228093,1579466013,Python,Python (3.4.3),py,Time Limit Exceeded,2104,24744,337,
s974079336,p02791,u949755084,1579466012,C++,C++14 (GCC 5.4.1),cpp,Accepted,19,1024,466,
s887212563,p02791,u663486635,1579466011,C++,C++14 (GCC 5.4.1),cpp,Time Limit Exceeded,2103,1400,575,
s825575516,p02791,u982127653,1579466011,Python,PyPy3 (2.4.0),py,Time Limit Exceeded,2108,77408,300,
s087622918,p02791,u748757847,1579466010,C++,C++14 (GCC 5.4.1),cpp,Accepted,70,1024,731,
s634321840,p02791,u228882192,1579466009,C#,C# (Mono 4.6.2.0),cs,Accepted,102,35420,592,
s791563530,p02791,u160347785,1579466007,C++,C++14 (GCC 5.4.1),cpp,Wrong Answer,2103,1024,428,
s653030464,p02791,u197968862,1579466007,Python,Python (3.4.3),py,Time Limit Exceeded,2104,24744,203,
s491585237,p02791,u191476275,1579466007,C++,C++14 (GCC 5.4.1),cpp,Accepted,60,1024,375,
s982482514,p02791,u853064660,1579466005,Python,Python (3.4.3),py,Time Limit Exceeded,2104,24744,214,
s240154157,p02791,u974558800,1579466004,C#,C# (Mono 4.6.2.0),cs,Time Limit Exceeded,2109,31068,7535,
s366719557,p02791,u057810841,1579466004,C++,C++14 (GCC 5.4.1),cpp,Time Limit Exceeded,2103,1024,417,
s339721776,p02791,u866187137,1579466003,Python,Python (3.4.3),py,Time Limit Exceeded,2104,24744,160,
s177884429,p02791,u697523018,1579466003,C++,C++14 (GCC 5.4.1),cpp,Time Limit Exceeded,2103,1024,255,
s862853780,p02791,u994990507,1579466002,C++,C++14 (GCC 5.4.1),cpp,Wrong Answer,29,28532,3540,
s441048673,p02791,u063871883,1579466000,C++,C++14 (GCC 5.4.1),cpp,Accepted,64,3328,340,
s237405247,p02791,u811000506,1579466000,Python,Python (3.4.3),py,Wrong Answer,136,25716,287,
s567427069,p02791,u335664637,1579466000,Python,Python (3.4.3),py,Wrong Answer,90,18344,152,
s912570999,p02791,u015702262,1579465997,C++,C++14 (GCC 5.4.1),cpp,Wrong Answer,79,1024,312,
s456973206,p02791,u572373398,1579465995,Python,Python (3.4.3),py,Time Limit Exceeded,2104,24744,221,
s188851065,p02791,u811967730,1579465995,Python,Python (3.4.3),py,Accepted,108,24744,169,
s387003932,p02791,u065483018,1579465994,C++,C++14 (GCC 5.4.1),cpp,Accepted,77,256,286,
s953586707,p02791,u724428568,1579465993,Python,Python (3.4.3),py,Time Limit Exceeded,2109,34020,214,
s116117099,p02791,u111021931,1579465992,C++,C++14 (GCC 5.4.1),cpp,Accepted,78,1024,218,
s487103771,p02791,u928941036,1579465992,Ruby,Ruby (2.3.3),rb,Time Limit Exceeded,2108,18052,214,
s383681885,p02791,u500494303,1579465991,C++,C++14 (GCC 5.4.1),cpp,Time Limit Exceeded,2091,1792,493,
s895767677,p02791,u936558609,1579465991,C++,C++14 (GCC 5.4.1),cpp,Wrong Answer,2103,1024,480,
s867914845,p02791,u860790033,1579465991,Ruby,Ruby (2.3.3),rb,Accepted,105,16516,159,
s846378886,p02791,u423571683,1579465990,C++,C++14 (GCC 5.4.1),cpp,Time Limit Exceeded,2103,1024,216,
s307917793,p02791,u683985997,1579465989,Java,Java8 (OpenJDK 1.8.0),java,Wrong Answer,2109,85412,657,
s666874295,p02791,u986190948,1579465989,C,C (GCC 5.4.1),c,Time Limit Exceeded,2103,1664,383,
s868452859,p02791,u728580929,1579465989,C,C (GCC 5.4.1),c,Runtime Error,122,128,361,
s109190171,p02791,u470618774,1579465989,Python,Python (3.4.3),py,Accepted,122,24744,176,
s193589623,p02791,u314057689,1579465987,C++,C++14 (GCC 5.4.1),cpp,Accepted,19,1792,1896,
s256145851,p02791,u685019390,1579465986,Java,Java8 (OpenJDK 1.8.0),java,Runtime Error,81,23252,769,
s523938923,p02791,u302519819,1579465985,C,C (GCC 5.4.1),c,Wrong Answer,22,896,274,
s338323779,p02791,u395117343,1579465985,Python,Python (3.4.3),py,Accepted,325,33952,1616,
s273666840,p02791,u900303768,1579465985,Python,Python (3.4.3),py,Accepted,214,25716,271,
s889698141,p02791,u255154774,1579465983,Java,Java8 (OpenJDK 1.8.0),java,Accepted,581,87532,537,
s955691707,p02791,u450330210,1579465983,C++,C++14 (GCC 5.4.1),cpp,Time Limit Exceeded,2103,1024,603,
s816364525,p02791,u236489401,1579465982,C,C (GCC 5.4.1),c,Time Limit Exceeded,2103,896,363,
s331881073,p02791,u866374539,1579465980,Python,Python (3.4.3),py,Accepted,110,24744,149,
s999878992,p02791,u962127640,1579465978,Python,PyPy3 (2.4.0),py,Wrong Answer,258,75344,171,
s108031564,p02791,u925765925,1579465977,C++,C++14 (GCC 5.4.1),cpp,Time Limit Exceeded,2103,1024,538,
s087944734,p02791,u106936063,1579465975,Java,Java8 (OpenJDK 1.8.0),java,Compile Error,,,488,
s222648753,p02791,u929520616,1579465974,Python,PyPy3 (2.4.0),py,Time Limit Exceeded,2110,136976,214,
s597007098,p02791,u254066052,1579465974,Python,Python (3.4.3),py,Wrong Answer,140,24744,328,
s954644595,p02791,u728303437,1579465974,Python,Python (3.4.3),py,Time Limit Exceeded,2105,18728,238,
s448491793,p02791,u259578064,1579465974,Ruby,Ruby (2.3.3),rb,Time Limit Exceeded,2108,20508,190,
s570763974,p02791,u840823723,1579465973,C,C (GCC 5.4.1),c,Compile Error,,,377,
s247975892,p02791,u585282474,1579465972,C++,C++14 (GCC 5.4.1),cpp,Time Limit Exceeded,2103,1024,515,
s131369893,p02791,u674491576,1579465971,C++,C++14 (GCC 5.4.1),cpp,Time Limit Exceeded,2103,2420,699,
s076621185,p02791,u852978989,1579465971,C++,C++14 (GCC 5.4.1),cpp,Wrong Answer,2103,1792,566,
s969016336,p02791,u798557584,1579465969,Python,Python (3.4.3),py,Wrong Answer,2104,129800,240,
s991614355,p02791,u996675175,1579465969,C++,C++14 (GCC 5.4.1),cpp,Wrong Answer,82,1024,255,
s185008695,p02791,u877184069,1579465966,Python,Python (3.4.3),py,Wrong Answer,217,34132,267,
s857451294,p02791,u395804356,1579465966,C++,C++14 (GCC 5.4.1),cpp,Accepted,60,1024,408,
s137577564,p02791,u419390395,1579465964,C++,C++14 (GCC 5.4.1),cpp,Time Limit Exceeded,2103,1024,1184,
s501982342,p02791,u715727430,1579465963,C++,C++14 (GCC 5.4.1),cpp,Accepted,78,1024,367,
s911782857,p02791,u255154774,1579465963,Java,Java8 (OpenJDK 1.8.0),java,Accepted,603,85008,537,
s626866583,p02791,u552746936,1579465962,Python,PyPy3 (2.4.0),py,Time Limit Exceeded,2107,72416,231,
s148435657,p02791,u898925304,1579465961,C,C (GCC 5.4.1),c,Accepted,22,896,546,
s582480061,p02791,u640226904,1579465961,C++,C++14 (GCC 5.4.1),cpp,Time Limit Exceeded,2103,1024,407,
s214605015,p02791,u826554341,1579465960,Python,Python (3.4.3),py,Accepted,145,24744,195,
s477306677,p02791,u425317134,1579465959,Lisp,Common Lisp (SBCL 1.1.14),l,Wrong Answer,449,59752,434,
s849996768,p02791,u837070819,1579465957,C++,C++14 (GCC 5.4.1),cpp,Time Limit Exceeded,2103,1400,420,
s385938490,p02791,u870451475,1579465956,C++,C++14 (GCC 5.4.1),cpp,Accepted,79,1024,250,
s288722609,p02791,u437562292,1579465955,C#,C# (Mono 4.6.2.0),cs,Accepted,94,33540,816,
s015747910,p02791,u753391427,1579465954,C++,C++14 (GCC 5.4.1),cpp,Accepted,18,256,397,
s399589005,p02791,u436403761,1579465954,C++,C++14 (GCC 5.4.1),cpp,Time Limit Exceeded,2103,1792,649,
s662653262,p02791,u145042337,1579465953,Java,Java8 (OpenJDK 1.8.0),java,Accepted,494,50600,689,
s535501004,p02791,u887777069,1579465953,Nim,Nim (0.13.0),nim,Accepted,85,17776,4120,
s026379318,p02791,u680184900,1579465951,C++,C++14 (GCC 5.4.1),cpp,Time Limit Exceeded,2103,1792,487,
s304743164,p02791,u903384309,1579465951,C++,C++14 (GCC 5.4.1),cpp,Accepted,79,256,961,
s683269574,p02791,u232873434,1579465951,Python,Python (3.4.3),py,Wrong Answer,94,19336,305,
s563490776,p02791,u265299319,1579465950,C++,C++14 (GCC 5.4.1),cpp,Accepted,77,1792,477,
s901689030,p02791,u895536501,1579465949,Python,Python (3.4.3),py,Wrong Answer,177,24744,203,
s139642627,p02791,u020862560,1579465948,C++,C++14 (GCC 5.4.1),cpp,Runtime Error,97,128,379,
s210799175,p02791,u808738521,1579465948,C++,C++14 (GCC 5.4.1),cpp,Time Limit Exceeded,2103,1024,310,
s731887048,p02791,u743567041,1579465946,C++,C++14 (GCC 5.4.1),cpp,Time Limit Exceeded,2103,1024,541,
s348822893,p02791,u946973499,1579465946,Java,Java8 (OpenJDK 1.8.0),java,Time Limit Exceeded,2109,64808,679,
s967537955,p02791,u888621565,1579465946,C++,C++14 (GCC 5.4.1),cpp,Accepted,76,256,269,
s627275756,p02791,u717265305,1579465944,Python,Python (3.4.3),py,Time Limit Exceeded,2104,24744,153,
s679410950,p02791,u986439180,1579465943,Ruby,Ruby (2.3.3),rb,Accepted,104,16516,178,
s930063133,p02791,u602672972,1579465943,C++,C++14 (GCC 5.4.1),cpp,Wrong Answer,87,1792,416,
s503210898,p02791,u159548042,1579465943,C++,C++14 (GCC 5.4.1),cpp,Time Limit Exceeded,2103,1280,864,
s173665866,p02791,u897940702,1579465942,Python,Python (3.4.3),py,Runtime Error,72,24744,207,
s645492511,p02791,u559229668,1579465942,C++,C++14 (GCC 5.4.1),cpp,Runtime Error,100,128,266,
s947553777,p02791,u691238759,1579465940,Python,Python (3.4.3),py,Wrong Answer,2104,18564,216,
s123112793,p02791,u196210689,1579465940,C++,C++14 (GCC 5.4.1),cpp,Time Limit Exceeded,2103,1792,849,
s064703079,p02791,u073232808,1579465939,Kotlin,Kotlin (1.0.0),kt,Accepted,750,62700,492,
s160164016,p02791,u160009340,1579465939,C,C (GCC 5.4.1),c,Accepted,22,128,203,
s208056010,p02791,u547728429,1579465939,Python,Python (3.4.3),py,Wrong Answer,106,24744,170,
s761513255,p02791,u844703694,1579465939,C++,C++14 (GCC 5.4.1),cpp,Accepted,62,3328,372,
s790122183,p02791,u656509863,1579465938,C,C (GCC 5.4.1),c,Time Limit Exceeded,2103,896,273,
s148860007,p02791,u057668615,1579465935,Python,PyPy3 (2.4.0),py,Time Limit Exceeded,2111,136832,202,
s933212420,p02791,u238987462,1579465935,Python,Python (3.4.3),py,Time Limit Exceeded,2104,25896,140,
s065313352,p02791,u332097983,1579465934,JavaScript,JavaScript (node.js v5.12),js,Wrong Answer,2109,34208,399,
s824841554,p02791,u646445992,1579465934,Python,Python (3.4.3),py,Time Limit Exceeded,2104,24744,145,
s173735814,p02791,u433852402,1579465934,C++,C++14 (GCC 5.4.1),cpp,Wrong Answer,60,1024,299,
s996979948,p02791,u529106146,1579465933,Python,Python (3.4.3),py,Time Limit Exceeded,2104,24744,137,
s319911326,p02791,u524253154,1579465933,C,C (GCC 5.4.1),c,Time Limit Exceeded,2103,896,515,
s561608856,p02791,u098679988,1579465932,Python,Python (3.4.3),py,Wrong Answer,108,24744,136,
s170621648,p02791,u784022244,1579465932,Python,Python (3.4.3),py,Wrong Answer,2104,24744,300,
s288203799,p02791,u967915578,1579465931,C++,C++14 (GCC 5.4.1),cpp,Accepted,66,1024,364,
s591027272,p02791,u386439695,1579465929,Python,Python (3.4.3),py,Wrong Answer,2104,24744,370,
s876702161,p02791,u364076769,1579465929,C++,C++14 (GCC 5.4.1),cpp,Runtime Error,102,384,571,
s595783864,p02791,u667624765,1579465928,PHP,PHP (5.6.30),php,Accepted,133,41732,311,
s945015774,p02791,u486515092,1579465927,Java,Java8 (OpenJDK 1.8.0),java,Wrong Answer,573,67948,410,
s439255696,p02791,u517910772,1579465926,Python,Python (3.4.3),py,Time Limit Exceeded,2104,24744,217,
s718572222,p02791,u644778646,1579465925,Python,PyPy3 (2.4.0),py,Accepted,339,100812,3487,
s824371730,p02791,u796451142,1579465924,C,C (GCC 5.4.1),c,Wrong Answer,22,896,251,
s040875353,p02791,u498575211,1579465922,Python,Python (3.4.3),py,Accepted,112,24744,196,
s879122074,p02791,u110253606,1579465922,C++,C++14 (GCC 5.4.1),cpp,Time Limit Exceeded,2103,896,356,
s982095555,p02791,u312160650,1579465922,C++,C++14 (GCC 5.4.1),cpp,Accepted,60,1792,307,
s168735746,p02791,u451206510,1579465922,C++,C++14 (GCC 5.4.1),cpp,Accepted,61,1792,443,
s270191712,p02791,u336381735,1579465921,C++,C++14 (GCC 5.4.1),cpp,Wrong Answer,60,1024,355,
s359106308,p02791,u892340697,1579465919,C++,C++14 (GCC 5.4.1),cpp,Accepted,62,1792,434,
s831281471,p02791,u822130495,1579465917,C++,C++14 (GCC 5.4.1),cpp,Time Limit Exceeded,2103,1024,355,
s282455910,p02791,u676458682,1579465916,Python,Python (3.4.3),py,Wrong Answer,2104,24744,231,
s856111950,p02791,u111021931,1579465915,C++,C++14 (GCC 5.4.1),cpp,Wrong Answer,77,1024,210,
s713910646,p02791,u995004106,1579465915,Python,Python (3.4.3),py,Time Limit Exceeded,2105,25896,257,
s361705503,p02791,u630554891,1579465914,Python,Python (3.4.3),py,Wrong Answer,80,17940,186,
s449071718,p02791,u307752464,1579465914,C++,C++14 (Clang 3.8.0),cpp,Accepted,168,1400,438,
s491743110,p02791,u585070471,1579465914,Python,Python (3.4.3),py,Accepted,76,24744,248,
s468796802,p02791,u955223794,1579465914,Python,Python (3.4.3),py,Time Limit Exceeded,2104,24744,263,
s389355899,p02791,u851648783,1579465913,Python,Python (3.4.3),py,Time Limit Exceeded,2104,18008,202,
s280785239,p02791,u599815685,1579465912,C++,C++14 (GCC 5.4.1),cpp,Accepted,77,1024,327,
s945118089,p02791,u930134356,1579465912,C++,C++14 (GCC 5.4.1),cpp,Wrong Answer,77,1792,333,
s733330697,p02791,u995167559,1579465911,C++,C++14 (GCC 5.4.1),cpp,Accepted,77,1024,314,
s823403776,p02791,u015418292,1579465911,Java,Java8 (OpenJDK 1.8.0),java,Time Limit Exceeded,2109,79156,875,
s005043913,p02791,u751485759,1579465910,Python,PyPy3 (2.4.0),py,Time Limit Exceeded,2108,77408,209,
s760046219,p02791,u728580929,1579465910,C,C (GCC 5.4.1),c,Runtime Error,97,128,364,
s004904422,p02791,u973867069,1579465909,C++,C++14 (GCC 5.4.1),cpp,Accepted,79,384,539,
s546728555,p02791,u950825280,1579465909,Python,Python (3.4.3),py,Accepted,127,24744,154,
s222211447,p02791,u685629265,1579465908,C,C (GCC 5.4.1),c,Time Limit Exceeded,2103,896,333,
s493165328,p02791,u452885705,1579465908,Python,Python (3.4.3),py,Time Limit Exceeded,2104,24744,196,
s724820831,p02791,u085053899,1579465908,C,C (GCC 5.4.1),c,Accepted,22,896,259,
s844825922,p02791,u523146994,1579465907,C++,C++14 (GCC 5.4.1),cpp,Time Limit Exceeded,2103,1024,373,
s909205326,p02791,u564060397,1579465907,C++,C++14 (GCC 5.4.1),cpp,Accepted,60,1024,335,
s825263698,p02791,u396961814,1579465905,Python,Python (3.4.3),py,Accepted,111,25768,166,
s238948606,p02791,u183422236,1579465904,Python,Python (3.4.3),py,Time Limit Exceeded,2104,26012,330,
s110415708,p02791,u869566267,1579465904,C++,C++14 (GCC 5.4.1),cpp,Wrong Answer,76,1024,303,
s048918303,p02791,u044969569,1579465903,C++,C++14 (GCC 5.4.1),cpp,Accepted,60,1024,342,
s742378590,p02791,u414458988,1579465903,Python,PyPy3 (2.4.0),py,Time Limit Exceeded,2111,137756,814,
s780601995,p02791,u023403571,1579465902,C++,C++14 (GCC 5.4.1),cpp,Time Limit Exceeded,2103,1792,579,
s627422955,p02791,u913016812,1579465901,C++,C++14 (GCC 5.4.1),cpp,Accepted,78,1792,358,
s234000910,p02791,u131443777,1579465899,C++,C++14 (Clang 3.8.0),cpp,Time Limit Exceeded,2103,1400,632,
s388580012,p02791,u478132434,1579465899,Python,Python (3.4.3),py,Time Limit Exceeded,2105,24744,198,
s101311464,p02791,u906922312,1579465899,Java,Java8 (OpenJDK 1.8.0),java,Time Limit Exceeded,2109,66524,558,
s232213897,p02791,u308421893,1579465896,C++,C++14 (GCC 5.4.1),cpp,Wrong Answer,2103,1024,525,
s759435944,p02791,u633303723,1579465895,C#,C# (Mono 4.6.2.0),cs,Accepted,110,35676,4457,
s201933075,p02791,u258503681,1579465893,C++,C++14 (GCC 5.4.1),cpp,Time Limit Exceeded,2103,1024,567,
s909654269,p02791,u790970437,1579465892,Python,Python (3.4.3),py,Wrong Answer,2104,24872,173,
s076784469,p02791,u015702262,1579465892,C++,C++14 (GCC 5.4.1),cpp,Compile Error,,,287,
s469073834,p02791,u469315559,1579465891,C++,C++14 (GCC 5.4.1),cpp,Time Limit Exceeded,2103,1024,386,
s073856128,p02791,u736278528,1579465891,C++,C++14 (GCC 5.4.1),cpp,Accepted,62,1024,762,
s793622354,p02791,u115851666,1579465891,C++,C++ (GCC 5.4.1),cpp,Time Limit Exceeded,2103,1792,465,
s632638981,p02791,u979726772,1579465891,Python,PyPy3 (2.4.0),py,Time Limit Exceeded,2108,75344,233,
s955690952,p02791,u374517193,1579465891,Python,PyPy3 (2.4.0),py,Time Limit Exceeded,2108,99752,265,
s214218836,p02791,u437368899,1579465891,Ruby,Ruby (2.3.3),rb,Time Limit Exceeded,2108,17564,224,
s560513796,p02791,u049652688,1579465890,C++,C++14 (GCC 5.4.1),cpp,Time Limit Exceeded,2103,1024,345,
s647700456,p02791,u663438907,1579465889,Python,Python (3.4.3),py,Time Limit Exceeded,2104,24744,145,
s799635572,p02791,u483331319,1579465889,Python,Python (3.4.3),py,Accepted,106,24872,147,
s633540295,p02791,u189385406,1579465889,Python,Python (3.4.3),py,Time Limit Exceeded,2104,24744,222,
s215778150,p02791,u488934106,1579465888,Python,Python (3.4.3),py,Accepted,106,24744,161,
s303512783,p02791,u259578064,1579465888,Ruby,Ruby (2.3.3),rb,Runtime Error,87,16644,224,
s941268358,p02791,u071316868,1579465888,C++,C++14 (GCC 5.4.1),cpp,Wrong Answer,2103,1792,752,
s846457931,p02791,u643712096,1579465887,C++,C++14 (GCC 5.4.1),cpp,Wrong Answer,77,1024,170,
s901453402,p02791,u463184562,1579465884,C++,C++14 (GCC 5.4.1),cpp,Accepted,76,1024,427,
s468522984,p02791,u818219039,1579465883,C++,C++14 (GCC 5.4.1),cpp,Accepted,63,1024,410,
s176242053,p02791,u853721692,1579465883,C++,C++14 (GCC 5.4.1),cpp,Accepted,61,1024,388,
s682985305,p02791,u674491576,1579465883,C++,C++14 (GCC 5.4.1),cpp,Wrong Answer,2103,2420,709,
s624730882,p02791,u611865271,1579465882,Python,Python (3.4.3),py,Accepted,93,25768,236,
s624247019,p02791,u731661595,1579465882,C,C (GCC 5.4.1),c,Accepted,22,896,340,
s288348124,p02791,u096860578,1579465881,Ruby,Ruby (2.3.3),rb,Time Limit Exceeded,2108,18692,245,
s546809261,p02791,u086780113,1579465880,Java,Java8 (OpenJDK 1.8.0),java,Accepted,591,66852,456,
s770413861,p02791,u789673251,1579465880,C++,C++14 (GCC 5.4.1),cpp,Wrong Answer,20,896,332,
s279578197,p02791,u252733270,1579465880,C,C (GCC 5.4.1),c,Time Limit Exceeded,2103,896,432,
s484024046,p02791,u415801286,1579465880,Java,Java8 (OpenJDK 1.8.0),java,Accepted,555,66588,525,
s548373476,p02791,u757117214,1579465880,Python,Python (3.4.3),py,Wrong Answer,110,25116,106,
s363071012,p02791,u890183245,1579465880,Python,Python (3.4.3),py,Time Limit Exceeded,2104,24744,136,
s945677632,p02791,u370657821,1579465880,Python,Python (3.4.3),py,Time Limit Exceeded,2104,24744,119,
s482905899,p02791,u093899400,1579465878,C,C (GCC 5.4.1),c,Runtime Error,148,256,514,
s846678668,p02791,u104378891,1579465877,Rust,Rust (1.15.1),rs,Accepted,12,6396,1045,
s152752892,p02791,u207899215,1579465876,C++,C++14 (GCC 5.4.1),cpp,Time Limit Exceeded,2103,1792,1041,
s783768939,p02791,u268132693,1579465876,Java,Java8 (OpenJDK 1.8.0),java,Accepted,561,64444,372,
s062532361,p02791,u819300485,1579465876,C++,C++14 (GCC 5.4.1),cpp,Wrong Answer,76,1792,929,
s884486126,p02791,u798579567,1579465875,Python,Python (3.4.3),py,Time Limit Exceeded,2109,34140,219,
s551186958,p02791,u596587955,1579465873,C#,C# (Mono 4.6.2.0),cs,Accepted,108,33628,554,
s704783146,p02791,u061127257,1579465873,Python,PyPy3 (2.4.0),py,Accepted,273,75472,220,
s950076960,p02791,u048238198,1579465873,Rust,Rust (1.15.1),rs,Time Limit Exceeded,2103,4352,716,
s523213944,p02791,u982127653,1579465873,Python,PyPy3 (2.4.0),py,Time Limit Exceeded,2108,77520,335,
s186283686,p02791,u808160425,1579465872,Kotlin,Kotlin (1.0.0),kt,Time Limit Exceeded,2111,82744,389,
s520788809,p02791,u972726147,1579465870,C++,C++14 (GCC 5.4.1),cpp,Wrong Answer,79,1024,279,
s561655469,p02791,u111021931,1579465870,C++,C++14 (GCC 5.4.1),cpp,Compile Error,,,210,
s251118686,p02791,u719181921,1579465869,Python,Python (3.4.3),py,Time Limit Exceeded,2104,24744,237,
s206046471,p02791,u547728429,1579465866,Python,Python (3.4.3),py,Wrong Answer,115,24744,149,
s856136633,p02791,u490489966,1579465866,Python,PyPy3 (2.4.0),py,Time Limit Exceeded,2107,77420,172,
s487791115,p02791,u697523018,1579465866,C++,C++14 (GCC 5.4.1),cpp,Time Limit Exceeded,2103,1024,255,
s219388153,p02791,u959628874,1579465865,Java,Java8 (OpenJDK 1.8.0),java,Time Limit Exceeded,2109,103276,1079,
s078726418,p02791,u222252114,1579465865,C++,C++14 (GCC 5.4.1),cpp,Accepted,18,1024,706,
s877222158,p02791,u379629675,1579465865,C++,C++14 (GCC 5.4.1),cpp,Accepted,57,1024,1779,
s118253154,p02791,u580873239,1579465864,Python,Python (3.4.3),py,Time Limit Exceeded,2129,406972,272,
s623357536,p02791,u828047720,1579465863,C++,C++14 (GCC 5.4.1),cpp,Time Limit Exceeded,2103,1792,300,
s971970097,p02791,u012110567,1579465862,Ruby,Ruby (2.3.3),rb,Time Limit Exceeded,2108,19588,159,
s929606810,p02791,u071316868,1579465862,C++,C++14 (GCC 5.4.1),cpp,Runtime Error,160,1792,750,
s964552062,p02791,u554452996,1579465862,Python,Python (3.4.3),py,Wrong Answer,120,24744,174,
s232720396,p02791,u103915901,1579465859,Python,Python (3.4.3),py,Accepted,134,24744,242,
s562087623,p02791,u190196352,1579465858,C++,C++14 (GCC 5.4.1),cpp,Accepted,77,1792,806,
s191509758,p02791,u801662705,1579465858,C++,C++14 (GCC 5.4.1),cpp,Accepted,78,256,225,
s572568804,p02791,u670919462,1579465858,C++,C++14 (GCC 5.4.1),cpp,Accepted,18,256,710,
s603950433,p02791,u790461875,1579465857,C++,C++14 (GCC 5.4.1),cpp,Wrong Answer,61,3456,6001,
s646421213,p02791,u671455949,1579465856,Python,Python (3.4.3),py,Accepted,105,24744,164,
s049012538,p02791,u169573381,1579465856,C++,C++14 (GCC 5.4.1),cpp,Accepted,19,1024,711,
s080147298,p02791,u784022244,1579465855,Python,Python (3.4.3),py,Runtime Error,2104,26012,298,
s871965328,p02791,u122557489,1579465854,C++,C++14 (GCC 5.4.1),cpp,Time Limit Exceeded,2103,1024,392,
s644372669,p02791,u981332890,1579465853,Python,PyPy3 (2.4.0),py,Time Limit Exceeded,2107,119288,273,
s987469934,p02791,u277353449,1579465853,Python,Python (3.4.3),py,Time Limit Exceeded,2104,24744,140,
s423683142,p02791,u088342491,1579465851,Kotlin,Kotlin (1.0.0),kt,Time Limit Exceeded,2111,138304,311,
s798207542,p02791,u078982327,1579465851,Python,Python (3.4.3),py,Time Limit Exceeded,2104,24744,162,
s158015371,p02791,u798557584,1579465849,Python,Python (3.4.3),py,Time Limit Exceeded,2104,24744,223,
s142331312,p02791,u929520616,1579465849,Python,Python (3.4.3),py,Time Limit Exceeded,2104,25768,214,
s535806234,p02791,u492288342,1579465848,C++,C++14 (GCC 5.4.1),cpp,Accepted,83,256,539,
s193738955,p02791,u622045059,1579465847,Python,Python (3.4.3),py,Accepted,195,27188,1331,
s289095654,p02791,u500494303,1579465847,C++,C++14 (GCC 5.4.1),cpp,Time Limit Exceeded,2103,1024,382,
s922612543,p02791,u768531980,1579465847,C++,C++14 (GCC 5.4.1),cpp,Accepted,77,1024,278,
s169273105,p02791,u876875284,1579465847,C++,C++14 (GCC 5.4.1),cpp,Accepted,60,1024,371,
s159301055,p02791,u042605975,1579465846,C++,C++14 (GCC 5.4.1),cpp,Accepted,26,896,412,
s494817091,p02791,u283850313,1579465845,Python,Python (3.4.3),py,Wrong Answer,2104,24744,170,
s806520108,p02791,u413184068,1579465845,Ruby,Ruby (2.3.3),rb,Accepted,117,15236,200,
s857502157,p02791,u917829175,1579465843,PHP,PHP7 (7.0.15),php,Time Limit Exceeded,2104,18932,391,
s358901522,p02791,u156815136,1579465843,C++,C++14 (GCC 5.4.1),cpp,Accepted,61,1792,716,
s997288416,p02791,u740047492,1579465838,Python,Python (3.4.3),py,Wrong Answer,67,24872,71,
s663833217,p02791,u006721330,1579465838,C++,C++14 (GCC 5.4.1),cpp,Time Limit Exceeded,2103,1024,423,
s808999359,p02791,u280567000,1579465836,C++,C++14 (GCC 5.4.1),cpp,Accepted,18,256,1746,
s446944207,p02791,u796451142,1579465835,C,C (GCC 5.4.1),c,Wrong Answer,22,896,250,
s539428165,p02791,u803469014,1579465835,C#,C# (Mono 4.6.2.0),cs,Time Limit Exceeded,2108,29404,2373,
s686221849,p02791,u708890186,1579465834,Python,Python (3.4.3),py,Accepted,112,24744,135,
s938170794,p02791,u094746828,1579465834,C++,C++14 (GCC 5.4.1),cpp,Time Limit Exceeded,2103,1024,402,
s303421677,p02791,u321755508,1579465832,C#,C# (Mono 4.6.2.0),cs,Accepted,93,33116,439,
s321295534,p02791,u065622827,1579465831,C++,C++14 (GCC 5.4.1),cpp,Time Limit Exceeded,2107,1024,396,
s197059573,p02791,u207097826,1579465831,Python,Python (3.4.3),py,Time Limit Exceeded,2104,24744,274,
s735224063,p02791,u196675341,1579465831,Python,Python (3.4.3),py,Time Limit Exceeded,2104,24744,279,
s684914220,p02791,u702906718,1579465830,C++,C++14 (GCC 5.4.1),cpp,Accepted,61,1024,325,
s588246139,p02791,u373295322,1579465830,Python,PyPy3 (2.4.0),py,Time Limit Exceeded,2110,112592,271,
s071611034,p02791,u765902656,1579465828,C++,C++14 (GCC 5.4.1),cpp,Accepted,61,1024,433,
s720555920,p02791,u960531720,1579465826,Python,Python (3.4.3),py,Runtime Error,74,24744,354,
s225352491,p02791,u585282474,1579465826,C++,C++14 (GCC 5.4.1),cpp,Time Limit Exceeded,2103,1024,496,
s828618208,p02791,u807084817,1579465824,Python,PyPy3 (2.4.0),py,Time Limit Exceeded,2112,137064,241,
s889204650,p02791,u869566267,1579465824,C++,C++14 (GCC 5.4.1),cpp,Compile Error,,,283,
s200800386,p02791,u374501720,1579465824,Python,Python (3.4.3),py,Time Limit Exceeded,2104,24744,218,
s618477508,p02791,u998939266,1579465822,C++,C++14 (GCC 5.4.1),cpp,Accepted,18,256,265,
s367921024,p02791,u434901320,1579465822,C++,C++14 (GCC 5.4.1),cpp,Accepted,79,1024,315,
s186327615,p02791,u098679988,1579465820,Python,Python (3.4.3),py,Wrong Answer,112,24744,135,
s322660344,p02791,u114556725,1579465819,C#,C# (Mono 4.6.2.0),cs,Accepted,106,33500,399,
s916055429,p02791,u313317027,1579465819,C,C (GCC 5.4.1),c,Accepted,24,896,359,
s447337315,p02791,u066455063,1579465819,Python,Python (3.4.3),py,Accepted,110,24744,181,
s681451362,p02791,u742306624,1579465819,C++,C++14 (GCC 5.4.1),cpp,Accepted,67,1024,2123,
s858222750,p02791,u293989573,1579465818,C++,C++14 (GCC 5.4.1),cpp,Accepted,60,1024,458,
s937119250,p02791,u646445992,1579465818,Python,Python (3.4.3),py,Runtime Error,66,24744,167,
s412920851,p02791,u281494025,1579465817,Python,Python (3.4.3),py,Wrong Answer,120,25256,165,
s779497613,p02791,u205936263,1579465816,Python,Python (3.4.3),py,Time Limit Exceeded,2104,24744,275,
s781691485,p02791,u488934106,1579465816,Python,Python (3.4.3),py,Wrong Answer,111,24744,160,
s976396711,p02791,u891884439,1579465816,Python,Python (3.4.3),py,Time Limit Exceeded,2104,24744,214,
s724405223,p02791,u442097733,1579465814,C++,C++14 (GCC 5.4.1),cpp,Time Limit Exceeded,2103,1024,556,
s525345981,p02791,u793666115,1579465812,Python,Python (3.4.3),py,Accepted,115,24744,151,
s956428125,p02791,u210543511,1579465812,Python,Python (3.4.3),py,Accepted,128,17940,128,
s847940482,p02791,u313124728,1579465812,C++,C++14 (GCC 5.4.1),cpp,Accepted,60,1024,364,
s556494851,p02791,u444238096,1579465812,Python,Python (3.4.3),py,Time Limit Exceeded,2104,24744,141,
s926836477,p02791,u542220989,1579465811,C++,C++14 (GCC 5.4.1),cpp,Accepted,21,4352,341,
s349967368,p02791,u830390742,1579465810,D,D (LDC 0.17.0),d,Accepted,165,11536,1547,
s547448315,p02791,u045235021,1579465810,Python,Python (3.4.3),py,Wrong Answer,2105,26968,275,
s574326424,p02791,u721425712,1579465810,Python,Python (3.4.3),py,Time Limit Exceeded,2104,24744,147,
s199048739,p02791,u736278528,1579465810,C++,C++14 (GCC 5.4.1),cpp,Wrong Answer,63,1024,761,
s964467769,p02791,u706347890,1579465809,C++,C++14 (GCC 5.4.1),cpp,Time Limit Exceeded,2103,1024,491,
s830485832,p02791,u838713747,1579465809,C++,C++14 (GCC 5.4.1),cpp,Accepted,60,1024,763,
s680457857,p02791,u962127640,1579465808,Python,PyPy3 (2.4.0),py,Time Limit Exceeded,2110,136800,143,
s891391866,p02791,u332097983,1579465807,JavaScript,JavaScript (node.js v5.12),js,Wrong Answer,2109,36068,398,
s542395839,p02791,u985930315,1579465807,Python,Python (3.4.3),py,Time Limit Exceeded,2105,25768,180,
s000740724,p02791,u001119849,1579465807,Bf,Bf (bf 20041219),bf,Accepted,1882,1404,2121,
s301032533,p02791,u798579567,1579465807,Python,PyPy3 (2.4.0),py,Runtime Error,175,38512,219,
s300002154,p02791,u906649005,1579465805,C++,C++14 (GCC 5.4.1),cpp,Accepted,77,1024,310,
s313805529,p02791,u811967730,1579465804,Python,Python (3.4.3),py,Time Limit Exceeded,2104,26012,150,
s925161585,p02791,u959225525,1579465803,Python,Python (3.4.3),py,Accepted,98,26012,159,
s238875755,p02791,u789673251,1579465802,C++,C++14 (GCC 5.4.1),cpp,Wrong Answer,20,896,332,
s429500744,p02791,u852862907,1579465802,C++,C++14 (GCC 5.4.1),cpp,Time Limit Exceeded,2103,1400,622,
s849740634,p02791,u702719601,1579465801,Haskell,Haskell (GHC 7.10.3),hs,Time Limit Exceeded,2113,101756,282,
s696391073,p02791,u740047492,1579465801,Python,Python (3.4.3),py,Wrong Answer,65,24744,94,
s572593444,p02791,u901555384,1579465800,C++,C++14 (GCC 5.4.1),cpp,Accepted,59,1792,829,
s306871662,p02791,u327310087,1579465799,Python,Python (3.4.3),py,Time Limit Exceeded,2104,24744,240,
s429665985,p02791,u394974273,1579465799,C++,C++14 (GCC 5.4.1),cpp,Time Limit Exceeded,2103,1024,576,
s138639185,p02791,u302519819,1579465798,C,C (GCC 5.4.1),c,Wrong Answer,22,896,232,
s103184799,p02791,u953351773,1579465797,C++,C++14 (GCC 5.4.1),cpp,Accepted,19,256,835,
s013416065,p02791,u790970437,1579465797,Python,Python (3.4.3),py,Runtime Error,65,24744,171,
s218646043,p02791,u347034111,1579465795,Python,Python (3.4.3),py,Accepted,121,24744,190,
s704028210,p02791,u980672603,1579465795,C,C (Clang 3.8.0),c,Time Limit Exceeded,2103,896,271,
s096136598,p02791,u201246919,1579465794,Visual Basic,Visual Basic (Mono 4.0.1),vb,Accepted,96,31620,1404,
s607171551,p02791,u563845123,1579465794,C++,C++14 (GCC 5.4.1),cpp,Wrong Answer,77,1024,305,
s196947311,p02791,u779655095,1579465794,C,C (GCC 5.4.1),c,Runtime Error,105,256,335,
s723675987,p02791,u225094817,1579465793,C++,C++14 (GCC 5.4.1),cpp,Runtime Error,139,640,254,
s407241612,p02791,u222613738,1579465793,C++,C++14 (GCC 5.4.1),cpp,Accepted,60,1024,458,
s335697420,p02791,u805304731,1579465793,C++,C++14 (GCC 5.4.1),cpp,Time Limit Exceeded,2107,1024,584,
s621556901,p02791,u224126528,1579465793,C++,C++14 (GCC 5.4.1),cpp,Time Limit Exceeded,2103,1024,386,
s950389416,p02791,u171336585,1579465792,C++,C++14 (GCC 5.4.1),cpp,Accepted,63,1024,343,
s420124242,p02791,u207899215,1579465791,C++,C++14 (GCC 5.4.1),cpp,Time Limit Exceeded,2103,1792,997,
s444968870,p02791,u473530997,1579465791,C++,C++14 (GCC 5.4.1),cpp,Accepted,62,1792,478,
s704108478,p02791,u066538689,1579465790,C++,C++14 (GCC 5.4.1),cpp,Accepted,60,1024,306,
s028909182,p02791,u875463013,1579465790,Rust,Rust (1.15.1),rs,Time Limit Exceeded,2103,8444,2746,
s599236258,p02791,u101204895,1579465790,C++,C++14 (GCC 5.4.1),cpp,Time Limit Exceeded,2103,1024,391,
s592903459,p02791,u237057875,1579465790,Lisp,Common Lisp (SBCL 1.1.14),l,Time Limit Exceeded,2105,61768,462,
s155954810,p02791,u963686413,1579465789,Go,Go (1.6),go,Wrong Answer,93,10368,2184,
s029012211,p02791,u490489966,1579465789,Python,Python (3.4.3),py,Time Limit Exceeded,2104,24744,172,
s682559585,p02791,u237054088,1579465788,C++,C++14 (GCC 5.4.1),cpp,Accepted,18,1792,1020,
s990840232,p02791,u816637025,1579465788,Python,Python (3.4.3),py,Time Limit Exceeded,2104,24744,177,
s759059119,p02791,u498575211,1579465787,Python,Python (3.4.3),py,Wrong Answer,114,24744,181,
s664540888,p02791,u652275736,1579465786,Python,Python (3.4.3),py,Wrong Answer,199,19336,249,
s656865267,p02791,u249218227,1579465785,C++,C++14 (GCC 5.4.1),cpp,Accepted,61,1024,336,
s171262774,p02791,u705362558,1579465784,C++,C++14 (GCC 5.4.1),cpp,Time Limit Exceeded,2103,1024,426,
s839847811,p02791,u988661952,1579465784,Python,Python (3.4.3),py,Wrong Answer,309,34144,149,
s427535146,p02791,u600896094,1579465784,C++,C++14 (GCC 5.4.1),cpp,Accepted,60,1024,760,
s380162764,p02791,u308421893,1579465784,C++,C++14 (GCC 5.4.1),cpp,Wrong Answer,2103,1024,551,
s215537740,p02791,u183657342,1579465783,Python,Python (3.4.3),py,Time Limit Exceeded,2108,24872,218,
s334744639,p02791,u152858291,1579465783,C++,C++14 (GCC 5.4.1),cpp,Accepted,77,1024,370,
s382920895,p02791,u391667116,1579465779,C,C (GCC 5.4.1),c,Time Limit Exceeded,2103,1664,1151,
s185867481,p02791,u046961553,1579465779,Python,Python (3.4.3),py,Accepted,112,24744,187,
s617068647,p02791,u733246687,1579465777,C++,C++14 (GCC 5.4.1),cpp,Accepted,19,1024,601,
s191401254,p02791,u740900993,1579465776,Java,Java8 (OpenJDK 1.8.0),java,Wrong Answer,2109,79736,985,
s029393099,p02791,u924935170,1579465776,C++,C++14 (GCC 5.4.1),cpp,Time Limit Exceeded,2103,1792,505,
s224312902,p02791,u469315524,1579465776,Python,Python (3.4.3),py,Time Limit Exceeded,2104,24744,187,
s761233182,p02791,u103136263,1579465775,Python,Python (3.4.3),py,Time Limit Exceeded,2104,27188,1017,
s633907194,p02791,u231961655,1579465774,C++,C++14 (GCC 5.4.1),cpp,Wrong Answer,2103,1024,505,
s604480368,p02791,u880763919,1579465774,C++,C++14 (GCC 5.4.1),cpp,Accepted,78,1024,314,
s414830715,p02791,u084101398,1579465773,C++,C++14 (GCC 5.4.1),cpp,Wrong Answer,2103,1792,331,
s337397076,p02791,u474514603,1579465772,Python,Python (3.4.3),py,Accepted,173,25372,1336,
s149246108,p02791,u784022244,1579465772,Python,PyPy3 (2.4.0),py,Runtime Error,2107,119220,298,
s147782142,p02791,u435703439,1579465771,Java,Java7 (OpenJDK 1.7.0),java,Time Limit Exceeded,2109,78240,688,
s561193785,p02791,u474212789,1579465769,C++,C++14 (GCC 5.4.1),cpp,Accepted,12,1024,693,
s109592148,p02791,u955223794,1579465768,Python,Python (3.4.3),py,Time Limit Exceeded,2104,24744,245,
s753661896,p02791,u514119401,1579465767,C++,C++14 (GCC 5.4.1),cpp,Accepted,64,5888,318,
s521384525,p02791,u093899400,1579465767,C,C (GCC 5.4.1),c,Runtime Error,133,256,514,
s982969829,p02791,u986190948,1579465766,C,C (GCC 5.4.1),c,Time Limit Exceeded,2103,1664,346,
s765876742,p02791,u777320783,1579465765,C,C (GCC 5.4.1),c,Time Limit Exceeded,2103,896,489,
s312657948,p02791,u265679940,1579465765,Ruby,Ruby (2.3.3),rb,Accepted,128,18256,263,
s455421321,p02791,u565093947,1579465765,C#,C# (Mono 4.6.2.0),cs,Accepted,95,31836,636,
s600916231,p02791,u829008868,1579465763,Python,Python (3.4.3),py,Runtime Error,261,24744,349,
s032674069,p02791,u413184068,1579465763,Ruby,Ruby (2.3.3),rb,Wrong Answer,116,15236,201,
s159136315,p02791,u702051956,1579465762,C++,C++14 (GCC 5.4.1),cpp,Time Limit Exceeded,2103,1792,679,
s795373177,p02791,u623023710,1579465761,C++,C++14 (GCC 5.4.1),cpp,Time Limit Exceeded,2103,1024,352,
s709729445,p02791,u469574680,1579465761,Python,PyPy3 (2.4.0),py,Time Limit Exceeded,2108,75344,472,
s142257215,p02791,u975481854,1579465760,C++,C++14 (GCC 5.4.1),cpp,Accepted,18,1792,842,
s836122973,p02791,u343995406,1579465759,PHP,PHP7 (7.0.15),php,Wrong Answer,51,18932,360,
s790088167,p02791,u412914586,1579465759,C++,C++14 (GCC 5.4.1),cpp,Accepted,19,1024,1379,
s806356716,p02791,u519655118,1579465759,C++,C++14 (GCC 5.4.1),cpp,Accepted,77,1024,395,
s837242081,p02791,u325937377,1579465759,C++,C++14 (GCC 5.4.1),cpp,Wrong Answer,78,1024,332,
s138644611,p02791,u645538982,1579465759,Python,PyPy3 (2.4.0),py,Time Limit Exceeded,2112,77548,277,
s959725978,p02791,u254205055,1579465758,Lisp,Common Lisp (SBCL 1.1.14),l,Time Limit Exceeded,2105,127124,659,
s988204722,p02791,u298377101,1579465758,C++,C++14 (GCC 5.4.1),cpp,Accepted,77,1024,298,
s451358533,p02791,u639661783,1579465758,C++,C++14 (GCC 5.4.1),cpp,Wrong Answer,20,256,190,
s812703050,p02791,u644360640,1579465757,Python,Python (3.4.3),py,Time Limit Exceeded,2104,24744,280,
s490453761,p02791,u512895485,1579465757,Python,Python (3.4.3),py,Runtime Error,81,24744,162,
s211982536,p02791,u564411325,1579465757,C++,C++14 (GCC 5.4.1),cpp,Time Limit Exceeded,2103,1024,335,
s568059490,p02791,u759519438,1579465757,C++,C++14 (GCC 5.4.1),cpp,Accepted,59,256,561,
s728276432,p02791,u979726772,1579465756,Python,Python (3.4.3),py,Time Limit Exceeded,2104,24744,233,
s026151018,p02791,u972652761,1579465756,Python,Python (3.4.3),py,Accepted,124,25768,195,
s245160057,p02791,u576927476,1579465756,C,C (GCC 5.4.1),c,Accepted,22,896,339,
s222556701,p02791,u335664637,1579465755,Python,Python (3.4.3),py,Wrong Answer,110,24744,162,
s218923819,p02791,u756415797,1579465755,C++,C++14 (Clang 3.8.0),cpp,Time Limit Exceeded,2103,1024,501,
s822107442,p02791,u459447880,1579465755,C++,C++14 (GCC 5.4.1),cpp,Time Limit Exceeded,2103,1024,584,
s185668540,p02791,u273816974,1579465754,Java,Java8 (OpenJDK 1.8.0),java,Accepted,568,82896,509,
s079339605,p02791,u728615412,1579465752,Python,PyPy3 (2.4.0),py,Wrong Answer,2109,100200,310,
s648796687,p02791,u339233484,1579465752,C++,C++14 (GCC 5.4.1),cpp,Accepted,19,2560,378,
s757513090,p02791,u473530997,1579465751,Python,Python (3.4.3),py,Runtime Error,17,2940,478,
s079650344,p02791,u000557170,1579465750,Python,Python (3.4.3),py,Time Limit Exceeded,2104,26004,1092,
s851031568,p02791,u782238920,1579465749,C++,C++14 (GCC 5.4.1),cpp,Accepted,18,1792,1423,
s429358617,p02791,u738322459,1579465748,Python,Python (3.4.3),py,Accepted,105,24744,166,
s805572818,p02791,u258503681,1579465748,C++,C++14 (GCC 5.4.1),cpp,Time Limit Exceeded,2103,1024,549,
s815971707,p02791,u469315559,1579465747,C++,C++14 (GCC 5.4.1),cpp,Time Limit Exceeded,2103,1024,371,
s315262192,p02791,u606146341,1579465746,Python,PyPy3 (2.4.0),py,Time Limit Exceeded,2111,137264,129,
s690963132,p02791,u996675175,1579465746,C++,C++14 (GCC 5.4.1),cpp,Wrong Answer,78,1024,289,
s294288001,p02791,u067062087,1579465745,C,C (GCC 5.4.1),c,Time Limit Exceeded,2103,896,477,
s672466608,p02791,u585348179,1579465745,Python,Python (3.4.3),py,Time Limit Exceeded,2104,24744,182,
s523839260,p02791,u722868069,1579465745,Python,PyPy3 (2.4.0),py,Wrong Answer,286,75344,221,
s418519113,p02791,u193598069,1579465745,Python,Python (3.4.3),py,Time Limit Exceeded,2104,24744,209,
s550707627,p02791,u572555897,1579465744,C++,C++14 (GCC 5.4.1),cpp,Wrong Answer,60,1792,516,
s364871509,p02791,u393913844,1579465744,Ruby,Ruby (2.3.3),rb,Time Limit Exceeded,2108,19204,172,
s790498276,p02791,u587107904,1579465744,C#,C# (Mono 4.6.2.0),cs,Accepted,98,33116,1809,
s545107200,p02791,u201382544,1579465743,Python,Python (3.4.3),py,Runtime Error,18,3064,1354,
s710153353,p02791,u907668975,1579465743,Python,Python (3.4.3),py,Accepted,183,25716,319,
s166963360,p02791,u498564061,1579465742,C++,C++14 (GCC 5.4.1),cpp,Wrong Answer,80,8064,582,
s618276126,p02791,u368078055,1579465740,Java,Java8 (OpenJDK 1.8.0),java,Time Limit Exceeded,2111,52104,454,
s137570413,p02791,u115851666,1579465740,C++,C++ (GCC 5.4.1),cpp,Time Limit Exceeded,2103,1792,466,
s388176402,p02791,u168621426,1579465737,C++,C++14 (GCC 5.4.1),cpp,Accepted,78,2560,2642,
s143358655,p02791,u756030237,1579465736,Python,Python (3.4.3),py,Time Limit Exceeded,2104,26012,319,
s568530536,p02791,u188396343,1579465736,Java,Java8 (OpenJDK 1.8.0),java,Wrong Answer,575,65984,433,
s670876857,p02791,u206390098,1579465734,C,C (GCC 5.4.1),c,Time Limit Exceeded,2103,896,462,
s060323527,p02791,u055711678,1579465733,C++,C++14 (GCC 5.4.1),cpp,Wrong Answer,2103,3328,1041,
s914082141,p02791,u305744669,1579465733,Python,Python (3.4.3),py,Time Limit Exceeded,2104,26248,337,
s660759479,p02791,u085746830,1579465733,C++,C++14 (GCC 5.4.1),cpp,Wrong Answer,59,1792,246,
s809929742,p02791,u287775083,1579465733,Python,Python (3.4.3),py,Accepted,106,25768,383,
s199926877,p02791,u798127712,1579465733,Python,Python (3.4.3),py,Time Limit Exceeded,2104,25528,158,
s420193149,p02791,u636648779,1579465732,C++,C++14 (GCC 5.4.1),cpp,Accepted,63,1024,510,
s082685402,p02791,u982127653,1579465731,Python,PyPy3 (2.4.0),py,Time Limit Exceeded,2108,75472,377,
s665755818,p02791,u061127257,1579465729,Python,PyPy3 (2.4.0),py,Time Limit Exceeded,2107,75472,224,
s465721110,p02791,u988661952,1579465728,Python,Python (3.4.3),py,Wrong Answer,311,34132,148,
s968713732,p02791,u930134356,1579465727,C++,C++14 (GCC 5.4.1),cpp,Wrong Answer,77,1024,318,
s114013769,p02791,u606523772,1579465726,Python,Python (3.4.3),py,Time Limit Exceeded,2104,24744,234,
s467525857,p02791,u746419473,1579465726,Python,Python (3.4.3),py,Time Limit Exceeded,2104,24744,231,
s563912498,p02791,u963468276,1579465725,Python,PyPy3 (2.4.0),py,Accepted,261,75344,196,
s655152223,p02791,u861071267,1579465725,Python,Python (3.4.3),py,Time Limit Exceeded,2104,24744,191,
s471291280,p02791,u923112423,1579465724,Java,Java8 (OpenJDK 1.8.0),java,Time Limit Exceeded,2109,69796,2800,
s460378658,p02791,u480887225,1579465724,C++,C++14 (GCC 5.4.1),cpp,Time Limit Exceeded,2103,1024,477,
s592695232,p02791,u567406270,1579465723,C++,C++14 (GCC 5.4.1),cpp,Accepted,79,1280,1157,
s311515858,p02791,u021337285,1579465723,Python,Python (3.4.3),py,Accepted,74,24436,286,
s169659154,p02791,u822130495,1579465721,C++,C++14 (GCC 5.4.1),cpp,Time Limit Exceeded,2103,1024,387,
s501507691,p02791,u403331159,1579465720,Python,Python (3.4.3),py,Wrong Answer,109,24744,130,
s117526934,p02791,u331081465,1579465719,C++,C++14 (GCC 5.4.1),cpp,Accepted,19,1024,515,
s048702211,p02791,u259861571,1579465718,Python,Python (3.4.3),py,Accepted,118,24744,214,
s752800052,p02791,u743561048,1579465718,C++,C++14 (GCC 5.4.1),cpp,Wrong Answer,30,3328,2706,
s039715485,p02791,u907566687,1579465716,C++,C++14 (GCC 5.4.1),cpp,Time Limit Exceeded,2103,896,731,
s328942254,p02791,u212337365,1579465716,C++,C++14 (GCC 5.4.1),cpp,Accepted,79,1024,308,
s659580491,p02791,u565011703,1579465716,C++,C++14 (GCC 5.4.1),cpp,Accepted,21,1024,837,
s449201229,p02791,u563845123,1579465714,C++,C++14 (GCC 5.4.1),cpp,Wrong Answer,79,1024,308,
s248396198,p02791,u189867560,1579465713,C++,C++14 (Clang 3.8.0),cpp,Wrong Answer,168,1024,278,
s529125267,p02791,u524253154,1579465713,C,C (GCC 5.4.1),c,Time Limit Exceeded,2103,896,493,
s282772736,p02791,u023457099,1579465712,C++,C++14 (GCC 5.4.1),cpp,Wrong Answer,19,1792,323,
s379196607,p02791,u843318346,1579465712,Python,PyPy3 (2.4.0),py,Accepted,256,75472,193,
s288027746,p02791,u681559222,1579465711,C++,C++14 (GCC 5.4.1),cpp,Accepted,60,1024,389,
s432437081,p02791,u328559740,1579465711,C++,C++14 (GCC 5.4.1),cpp,Wrong Answer,2103,1024,260,
s899175846,p02791,u096768486,1579465711,C++,C++14 (GCC 5.4.1),cpp,Time Limit Exceeded,2103,1792,1580,
s854469563,p02791,u307312618,1579465711,C++,C++14 (GCC 5.4.1),cpp,Accepted,76,256,284,
s567591623,p02791,u290563917,1579465710,Python,PyPy3 (2.4.0),py,Accepted,247,75472,204,
s527055187,p02791,u837070819,1579465710,C++,C++14 (GCC 5.4.1),cpp,Runtime Error,98,256,407,
s035895638,p02791,u196210689,1579465710,C++,C++14 (GCC 5.4.1),cpp,Time Limit Exceeded,2103,1024,853,
s331278739,p02791,u586662847,1579465709,Python,PyPy3 (2.4.0),py,Accepted,243,85712,452,
s720398706,p02791,u954534284,1579465709,Python,Python (3.4.3),py,Accepted,93,24744,264,
s084571360,p02791,u278278558,1579465707,PHP,PHP7 (7.0.15),php,Accepted,70,18932,399,
s613625792,p02791,u020862560,1579465707,C++,C++14 (GCC 5.4.1),cpp,Runtime Error,103,128,341,
s921318091,p02791,u343523553,1579465707,Python,Python (3.4.3),py,Accepted,119,24744,170,
s125099615,p02791,u452885705,1579465706,Python,Python (3.4.3),py,Time Limit Exceeded,2104,24744,198,
s561840746,p02791,u073232808,1579465706,Kotlin,Kotlin (1.0.0),kt,Time Limit Exceeded,2111,126848,395,
s874607037,p02791,u232873434,1579465706,Python,Python (3.4.3),py,Wrong Answer,128,19336,305,
s566287701,p02791,u272166576,1579465705,C++,C++14 (GCC 5.4.1),cpp,Time Limit Exceeded,2103,1024,891,
s926622270,p02791,u973630705,1579465703,C++,C++14 (GCC 5.4.1),cpp,Time Limit Exceeded,2103,1792,529,
s358854106,p02791,u996675175,1579465702,C++,C++14 (GCC 5.4.1),cpp,Wrong Answer,79,1024,289,
s215682650,p02791,u737877067,1579465702,C++,C++14 (GCC 5.4.1),cpp,Accepted,77,1024,368,
s008799424,p02791,u704629282,1579465702,C++,C++14 (GCC 5.4.1),cpp,Runtime Error,106,640,468,
s573319521,p02791,u291178324,1579465702,C++,C++14 (GCC 5.4.1),cpp,Time Limit Exceeded,2103,1920,532,
s473377298,p02791,u541475502,1579465701,Python,Python (3.4.3),py,Time Limit Exceeded,2104,24744,236,
s443917073,p02791,u071316868,1579465701,C++,C++14 (GCC 5.4.1),cpp,Time Limit Exceeded,2103,1792,769,
s095038834,p02791,u469574680,1579465701,Python,Python (3.4.3),py,Time Limit Exceeded,2104,24744,472,
s326233391,p02791,u265341684,1579465701,C++,C++14 (GCC 5.4.1),cpp,Accepted,61,1024,674,
s309931640,p02791,u972726147,1579465700,C++,C++14 (GCC 5.4.1),cpp,Wrong Answer,77,1024,277,
s755617387,p02791,u623023710,1579465699,C++,C++14 (GCC 5.4.1),cpp,Wrong Answer,61,1024,334,
s286348404,p02791,u302519819,1579465698,C,C (GCC 5.4.1),c,Compile Error,,,218,
s777992999,p02791,u189427183,1579465698,Python,PyPy3 (2.4.0),py,Time Limit Exceeded,2109,832268,156,
s294257853,p02791,u542197477,1579465698,Ruby,Ruby (2.3.3),rb,Wrong Answer,102,15236,199,
s314406024,p02791,u394615051,1579465698,C++,C++14 (GCC 5.4.1),cpp,Accepted,61,1792,694,
s521955916,p02791,u175846462,1579465697,Java,Java8 (OpenJDK 1.8.0),java,Wrong Answer,582,85764,334,
s399493941,p02791,u672611103,1579465696,C++,C++14 (GCC 5.4.1),cpp,Time Limit Exceeded,2103,1024,453,
s431800268,p02791,u668352391,1579465695,Python,Python (3.4.3),py,Time Limit Exceeded,2108,24744,176,
s691871150,p02791,u906918812,1579465693,C++,C++14 (GCC 5.4.1),cpp,Runtime Error,2106,1601644,539,
s352769212,p02791,u129617569,1579465691,C++,C++14 (GCC 5.4.1),cpp,Wrong Answer,60,1792,322,
s866130467,p02791,u763143338,1579465690,Java,Java8 (OpenJDK 1.8.0),java,Time Limit Exceeded,2109,59132,1146,
s091396139,p02791,u254066052,1579465689,Python,Python (3.4.3),py,Runtime Error,142,25768,344,
s720711512,p02791,u481026841,1579465689,C,C (GCC 5.4.1),c,Time Limit Exceeded,2103,896,329,
s358674440,p02791,u046592970,1579465689,Python,Python (3.4.3),py,Accepted,103,24744,194,
s397168987,p02791,u481134321,1579465684,C++,C++14 (GCC 5.4.1),cpp,Wrong Answer,2103,1024,397,
s132758330,p02791,u975768774,1579465684,C++,C++14 (GCC 5.4.1),cpp,Accepted,61,1024,550,
s528274964,p02791,u596587955,1579465683,C#,C# (Mono 4.6.2.0),cs,Wrong Answer,108,35676,555,
s825197835,p02791,u235122719,1579465683,Python,Python (3.4.3),py,Accepted,112,24744,170,
s800743080,p02791,u521040115,1579465683,C++,C++14 (GCC 5.4.1),cpp,Accepted,77,1920,374,
s906455530,p02791,u518703962,1579465681,Java,Java8 (OpenJDK 1.8.0),java,Wrong Answer,568,66480,497,
s146413717,p02791,u193264896,1579465681,C++,C++14 (GCC 5.4.1),cpp,Accepted,60,1024,376,
s111454157,p02791,u924032147,1579465680,C++,C++14 (GCC 5.4.1),cpp,Time Limit Exceeded,2103,1024,499,
s384649365,p02791,u714564133,1579465680,C++,C++14 (GCC 5.4.1),cpp,Accepted,20,2560,930,
s345993547,p02791,u176590289,1579465679,Java,Java8 (OpenJDK 1.8.0),java,Accepted,597,65164,422,
s250133460,p02791,u483502083,1579465679,Python,Python (3.4.3),py,Accepted,108,24744,456,
s594175047,p02791,u350836088,1579465677,Python,PyPy3 (2.4.0),py,Time Limit Exceeded,2110,118992,192,
s158532007,p02791,u779638127,1579465677,C++,C++14 (GCC 5.4.1),cpp,Accepted,18,1792,870,
s699856231,p02791,u864069774,1579465677,Python,Python (3.4.3),py,Time Limit Exceeded,2104,24744,153,
s097879147,p02791,u937247236,1579465677,C#,C# (Mono 4.6.2.0),cs,Wrong Answer,111,34372,82880,
s264690036,p02791,u431510270,1579465676,C++,C++14 (GCC 5.4.1),cpp,Accepted,18,256,770,
s110691397,p02791,u114366889,1579465676,Python,Python (3.4.3),py,Accepted,112,24744,177,
s139263955,p02791,u664297495,1579465676,C++,C++14 (GCC 5.4.1),cpp,Accepted,77,1024,261,
s538525787,p02791,u031137489,1579465675,C++,C++14 (GCC 5.4.1),cpp,Accepted,20,256,268,
s082333795,p02791,u578647703,1579465675,Python,Python (3.4.3),py,Time Limit Exceeded,2108,26248,235,
s887398923,p02791,u906157186,1579465674,C,C (GCC 5.4.1),c,Accepted,24,128,378,
s473527128,p02791,u639661783,1579465673,C++,C++14 (GCC 5.4.1),cpp,Wrong Answer,20,128,189,
s153378192,p02791,u916972141,1579465673,C++,C++14 (GCC 5.4.1),cpp,Wrong Answer,20,896,369,
s960518088,p02791,u351012095,1579465672,C++,C++14 (GCC 5.4.1),cpp,Accepted,19,1024,978,
s181496116,p02791,u527977536,1579465670,Python,Python (3.4.3),py,Time Limit Exceeded,2109,33792,234,
s299076434,p02791,u944033453,1579465669,C++,C++14 (GCC 5.4.1),cpp,Time Limit Exceeded,2103,1024,442,
s545928701,p02791,u521040115,1579465668,C++,C++14 (GCC 5.4.1),cpp,Accepted,76,1792,374,
s183492087,p02791,u178235755,1579465668,Python,Python (3.4.3),py,Wrong Answer,330,25768,452,
s064691053,p02791,u982127653,1579465667,Python,PyPy3 (2.4.0),py,Wrong Answer,2110,131328,461,
s130259350,p02791,u134426793,1579465667,Java,Java8 (OpenJDK 1.8.0),java,Accepted,112,22352,3197,
s200169942,p02791,u902803949,1579465666,C++,C++14 (GCC 5.4.1),cpp,Runtime Error,2103,1024,410,
s882162717,p02791,u287431190,1579465665,C++,C++14 (GCC 5.4.1),cpp,Accepted,77,1024,265,
s334460504,p02791,u888120952,1579465664,Java,Java8 (OpenJDK 1.8.0),java,Accepted,224,49876,802,
s830445317,p02791,u949527467,1579465658,C#,C# (Mono 4.6.2.0),cs,Accepted,124,32220,724,
s473020946,p02791,u050801849,1579465658,C++,C++14 (GCC 5.4.1),cpp,Accepted,66,1024,447,
s332415781,p02791,u239493918,1579465657,C++,C++14 (GCC 5.4.1),cpp,Accepted,18,1792,6021,
s083853866,p02791,u892002048,1579465656,C++,C++14 (GCC 5.4.1),cpp,Wrong Answer,64,15872,291,
s699329174,p02791,u336381735,1579465656,C++,C++14 (GCC 5.4.1),cpp,Time Limit Exceeded,2103,1024,457,
s928010771,p02791,u379136995,1579465655,Go,Go (1.6),go,Time Limit Exceeded,2108,6400,262,
s820310347,p02791,u624867468,1579465655,C++,C++14 (GCC 5.4.1),cpp,Accepted,77,1024,269,
s289527240,p02791,u515236621,1579465654,Java,Java8 (OpenJDK 1.8.0),java,Wrong Answer,560,64308,470,
s487009185,p02791,u483791339,1579465654,Java,Java8 (OpenJDK 1.8.0),java,Time Limit Exceeded,2109,48596,681,
s534638677,p02791,u432314133,1579465654,C++,C++14 (Clang 3.8.0),cpp,Time Limit Exceeded,2103,1400,448,
s639446915,p02791,u512624048,1579465653,C++,C++14 (GCC 5.4.1),cpp,Accepted,77,1024,305,
s150680112,p02791,u591503175,1579465653,Python,Python (3.4.3),py,Accepted,103,26012,195,
s435597599,p02791,u208102827,1579465653,C++,C++14 (GCC 5.4.1),cpp,Time Limit Exceeded,2103,1792,399,
s858943309,p02791,u917049698,1579465652,C++,C++14 (GCC 5.4.1),cpp,Time Limit Exceeded,2103,1152,363,
s760047386,p02791,u843506136,1579465650,C++,C++14 (GCC 5.4.1),cpp,Accepted,49,1792,337,
s588308661,p02791,u185424824,1579465650,Python,Python (3.4.3),py,Time Limit Exceeded,2104,24744,189,
s878015549,p02791,u395117343,1579465650,Python,Python (3.4.3),py,Time Limit Exceeded,2110,36260,1609,
s756760987,p02791,u243572357,1579465650,Python,Python (3.4.3),py,Accepted,129,24744,171,
s568792213,p02791,u852978989,1579465649,C++,C++14 (GCC 5.4.1),cpp,Wrong Answer,86,1792,505,
s825002777,p02791,u697192564,1579465649,C++,C++14 (GCC 5.4.1),cpp,Accepted,78,1024,236,
s821650164,p02791,u046961553,1579465648,Python,Python (3.4.3),py,Wrong Answer,112,24744,186,
s863299271,p02791,u852719059,1579465648,Python,PyPy3 (2.4.0),py,Accepted,263,75472,172,
s001295466,p02791,u649326276,1579465648,Python,Python (3.4.3),py,Wrong Answer,176,19720,229,
s936855093,p02791,u412837450,1579465646,C++,C++14 (GCC 5.4.1),cpp,Accepted,63,1024,330,
s332023691,p02791,u753736100,1579465645,C++,C++14 (GCC 5.4.1),cpp,Wrong Answer,2104,3328,1172,
s582888152,p02791,u682395093,1579465645,C++,C++14 (GCC 5.4.1),cpp,Accepted,62,1024,608,
s226379493,p02791,u970197315,1579465645,Python,Python (3.4.3),py,Accepted,193,25348,427,
s018832014,p02791,u724428568,1579465645,Python,Python (3.4.3),py,Time Limit Exceeded,2104,24744,182,
s342620657,p02791,u417568886,1579465644,C++,C++14 (GCC 5.4.1),cpp,Accepted,18,1792,401,
s959736369,p02791,u912830684,1579465643,C++,C++14 (GCC 5.4.1),cpp,Time Limit Exceeded,2103,1400,551,
s913442501,p02791,u343523553,1579465643,Python,Python (3.4.3),py,Runtime Error,78,25768,175,
s859443503,p02791,u740047492,1579465642,Python,Python (3.4.3),py,Runtime Error,87,34308,94,
s863388755,p02791,u529632089,1579465642,Go,Go (1.6),go,Accepted,949,4992,263,
s769556954,p02791,u119167344,1579465642,C#,C# (Mono 4.6.2.0),cs,Accepted,95,33116,592,
s696496380,p02791,u184219731,1579465642,C++,C++ (GCC 5.4.1),cpp,Wrong Answer,76,256,220,
s571266564,p02791,u043443359,1579465641,C++,C++14 (GCC 5.4.1),cpp,Accepted,59,256,6307,
s009903304,p02791,u425317134,1579465641,Lisp,Common Lisp (SBCL 1.1.14),l,Wrong Answer,443,59752,368,
s898238418,p02791,u791977205,1579465640,Python,Python (3.4.3),py,Time Limit Exceeded,2104,24744,273,
s281951106,p02791,u686036872,1579465639,Python,Python (3.4.3),py,Wrong Answer,104,24744,149,
s315093028,p02791,u414699019,1579465638,Fortran,Fortran (gfortran v4.8.4),f,Accepted,54,2304,366,
s817613450,p02791,u193598069,1579465637,Python,Python (3.4.3),py,Time Limit Exceeded,2104,24744,229,
s247878551,p02791,u790970437,1579465637,Python,Python (3.4.3),py,Runtime Error,35,16916,150,
s928233200,p02791,u417378389,1579465637,C++,C++14 (GCC 5.4.1),cpp,Time Limit Exceeded,2103,1920,566,
s841347089,p02791,u886613668,1579465636,C++,C++14 (GCC 5.4.1),cpp,Time Limit Exceeded,2103,1792,394,
s166427511,p02791,u296343454,1579465635,C++,C++14 (GCC 5.4.1),cpp,Wrong Answer,78,1024,260,
s942522605,p02791,u142223843,1579465634,Python,Python (3.4.3),py,Wrong Answer,116,24744,133,
s879552696,p02791,u882696550,1579465634,Python,Python (3.4.3),py,Accepted,150,24744,179,
s738409350,p02791,u907566687,1579465633,C++,C++14 (GCC 5.4.1),cpp,Time Limit Exceeded,2103,896,716,
s265611689,p02791,u580844773,1579465633,C++,C++14 (GCC 5.4.1),cpp,Time Limit Exceeded,2103,1024,407,
s209303284,p02791,u302519819,1579465633,C,C (GCC 5.4.1),c,Wrong Answer,22,896,217,
s349371900,p02791,u213570908,1579465631,C++,C++14 (GCC 5.4.1),cpp,Runtime Error,98,1024,420,
s600304384,p02791,u183422236,1579465631,Python,Python (3.4.3),py,Time Limit Exceeded,2104,24744,255,
s550509002,p02791,u474561976,1579465631,C,C (GCC 5.4.1),c,Runtime Error,314,1024,535,
s734051293,p02791,u390783404,1579465631,C,C (GCC 5.4.1),c,Accepted,22,896,346,
s681909318,p02791,u137938820,1579465630,Java,Java8 (OpenJDK 1.8.0),java,Time Limit Exceeded,2109,65136,476,
s238873073,p02791,u863309603,1579465629,C++,C++14 (GCC 5.4.1),cpp,Time Limit Exceeded,2103,1024,429,
s352678797,p02791,u761582382,1579465629,C++,C++14 (GCC 5.4.1),cpp,Accepted,18,256,1047,
s113639444,p02791,u498108912,1579465629,Java,Java8 (OpenJDK 1.8.0),java,Runtime Error,109,23252,421,
s316496616,p02791,u866374539,1579465628,Python,Python (3.4.3),py,Time Limit Exceeded,2104,24744,125,
s811837648,p02791,u649114423,1579465627,C#,C# (Mono 4.6.2.0),cs,Accepted,97,30300,779,
s914618647,p02791,u055875839,1579465625,Python,Python (3.4.3),py,Accepted,89,17780,152,
s966958018,p02791,u948694207,1579465625,Python,Python (3.4.3),py,Time Limit Exceeded,2104,26012,256,
s072818734,p02791,u891504219,1579465624,Python,PyPy3 (2.4.0),py,Time Limit Exceeded,2111,138356,250,
s627209443,p02791,u585070471,1579465623,Python,Python (3.4.3),py,Time Limit Exceeded,2104,24744,247,
s456448954,p02791,u693512270,1579465622,Go,Go (1.6),go,Accepted,949,4992,751,
s006771013,p02791,u274139177,1579465622,C++,C++14 (GCC 5.4.1),cpp,Accepted,70,1400,398,
s349814364,p02791,u866555183,1579465622,Python,Python (3.4.3),py,Time Limit Exceeded,2104,24744,235,
s729359128,p02791,u511509170,1579465622,C++,C++14 (GCC 5.4.1),cpp,Accepted,19,1792,673,
s691751997,p02791,u325348815,1579465620,C++,C++14 (GCC 5.4.1),cpp,Accepted,20,128,166,
s444086106,p02791,u281494025,1579465619,Python,Python (3.4.3),py,Wrong Answer,111,24744,182,
s106057655,p02791,u062324064,1579465618,C++,C++14 (GCC 5.4.1),cpp,Time Limit Exceeded,2103,1792,800,
s106257294,p02791,u745386505,1579465617,C++,C++14 (GCC 5.4.1),cpp,Accepted,61,1152,509,
s140353267,p02791,u542220989,1579465617,C++,C++14 (GCC 5.4.1),cpp,Wrong Answer,33,6400,428,
s836130045,p02791,u923112423,1579465617,Java,Java8 (OpenJDK 1.8.0),java,Time Limit Exceeded,2109,70172,2797,
s218028317,p02791,u796708718,1579465616,Python,Python (3.4.3),py,Wrong Answer,2108,18568,136,
s540039168,p02791,u381574135,1579465615,Python,PyPy3 (2.4.0),py,Time Limit Exceeded,2111,138032,265,
s494902845,p02791,u978519204,1579465615,C++,C++14 (GCC 5.4.1),cpp,Time Limit Exceeded,2103,1792,702,
s697713169,p02791,u957843607,1579465614,Python,Python (3.4.3),py,Accepted,156,20468,192,
s219047898,p02791,u166806719,1579465612,C++,C++14 (GCC 5.4.1),cpp,Time Limit Exceeded,2103,1024,388,
s730327533,p02791,u003552316,1579465611,C++,C++14 (GCC 5.4.1),cpp,Accepted,19,1792,789,
s716797888,p02791,u270467412,1579465610,Python,Python (3.4.3),py,Accepted,115,24744,156,
s340621497,p02791,u127228093,1579465610,Python,Python (3.4.3),py,Time Limit Exceeded,2104,24744,353,
s692574081,p02791,u563845123,1579465609,C++,C++14 (GCC 5.4.1),cpp,Wrong Answer,77,1024,280,
s319187688,p02791,u627803856,1579465608,Python,Python (3.4.3),py,Accepted,131,24744,196,
s228227725,p02791,u962127640,1579465608,Python,PyPy3 (2.4.0),py,Wrong Answer,2111,136932,143,
s256438649,p02791,u783408650,1579465608,C++,C++14 (GCC 5.4.1),cpp,Time Limit Exceeded,2103,1792,489,
s298438775,p02791,u684314104,1579465608,C++,C++14 (GCC 5.4.1),cpp,Accepted,63,1792,322,
s746924626,p02791,u743561048,1579465607,C++,C++14 (GCC 5.4.1),cpp,Wrong Answer,29,1792,2702,
s693978322,p02791,u409757418,1579465607,Python,Python (3.4.3),py,Time Limit Exceeded,2104,17780,149,
s715660484,p02791,u111021931,1579465606,C++,C++14 (GCC 5.4.1),cpp,Time Limit Exceeded,2103,1024,244,
s520063883,p02791,u927782479,1579465605,C++,C++14 (GCC 5.4.1),cpp,Time Limit Exceeded,2103,1024,382,
s923483226,p02791,u965384934,1579465605,C++,C++14 (GCC 5.4.1),cpp,Accepted,58,256,246,
s147482875,p02791,u959564194,1579465603,Python,Python (3.4.3),py,Time Limit Exceeded,2105,22384,413,
s317312910,p02791,u267300160,1579465602,Python,Python (3.4.3),py,Wrong Answer,175,24744,225,
s350525582,p02791,u583286156,1579465601,C++,C++14 (GCC 5.4.1),cpp,Accepted,69,1792,448,
s662311226,p02791,u838713747,1579465601,C++,C++14 (GCC 5.4.1),cpp,Compile Error,,,773,
s349925502,p02791,u620290065,1579465598,C++,C++14 (GCC 5.4.1),cpp,Wrong Answer,78,256,300,
s794734050,p02791,u972911059,1579465597,C++,C++14 (GCC 5.4.1),cpp,Wrong Answer,59,1920,324,
s425681520,p02791,u758884263,1579465597,Python,PyPy3 (2.4.0),py,Accepted,258,73180,267,
s978191965,p02791,u375974699,1579465596,C#,C# (Mono 4.6.2.0),cs,Wrong Answer,108,35468,2102,
s889264788,p02791,u519452411,1579465595,Python,Python (3.4.3),py,Wrong Answer,153,24744,246,
s489477391,p02791,u332097983,1579465595,JavaScript,JavaScript (node.js v5.12),js,Wrong Answer,2109,35872,398,
s812091991,p02791,u623023710,1579465595,C++,C++14 (GCC 5.4.1),cpp,Time Limit Exceeded,2103,1024,321,
s599817014,p02791,u242518667,1579465595,Python,Python (3.4.3),py,Time Limit Exceeded,2104,24744,218,
s763249315,p02791,u260907804,1579465593,C++,C++14 (GCC 5.4.1),cpp,Accepted,60,1024,365,
s199021932,p02791,u436664080,1579465593,C++,C++14 (GCC 5.4.1),cpp,Accepted,77,1024,293,
s864518541,p02791,u808943968,1579465591,C++,C++14 (GCC 5.4.1),cpp,Accepted,61,1400,454,
s619552296,p02791,u455533363,1579465590,Python,Python (3.4.3),py,Time Limit Exceeded,2104,24744,147,
s336896964,p02791,u414338455,1579465590,Java,Java8 (OpenJDK 1.8.0),java,Time Limit Exceeded,2109,81264,665,
s976104017,p02791,u118642796,1579465589,Python,PyPy3 (2.4.0),py,Accepted,242,70480,327,
s779598463,p02791,u652037179,1579465588,C++,C++14 (GCC 5.4.1),cpp,Accepted,63,1792,598,
s140480897,p02791,u798483379,1579465588,C,C (GCC 5.4.1),c,Accepted,22,896,281,
s273506472,p02791,u317486948,1579465587,C++,C++14 (GCC 5.4.1),cpp,Accepted,79,1024,239,
s291119500,p02791,u103872990,1579465586,C++,C++14 (Clang 3.8.0),cpp,Accepted,166,888,323,
s536085031,p02791,u061850718,1579465584,C++,C++14 (GCC 5.4.1),cpp,Accepted,21,256,254,
s533129096,p02791,u270220186,1579465584,C++,C++14 (GCC 5.4.1),cpp,Time Limit Exceeded,2103,1024,541,
s885231851,p02791,u073232808,1579465584,Kotlin,Kotlin (1.0.0),kt,Time Limit Exceeded,2111,57924,368,
s132314923,p02791,u656731444,1579465583,C++,C++14 (GCC 5.4.1),cpp,Time Limit Exceeded,2103,1024,529,
s719325971,p02791,u837070819,1579465583,C++,C++14 (GCC 5.4.1),cpp,Time Limit Exceeded,2103,1400,425,
s435628192,p02791,u744115306,1579465582,Python,Python (3.4.3),py,Accepted,141,18184,215,
s431701231,p02791,u600896094,1579465582,C++,C++14 (GCC 5.4.1),cpp,Time Limit Exceeded,2103,1024,784,
s823473228,p02791,u994956045,1579465582,C++,C++14 (GCC 5.4.1),cpp,Wrong Answer,76,256,263,
s373125634,p02791,u044251893,1579465581,Python,PyPy3 (2.4.0),py,Wrong Answer,268,81488,240,
s667624598,p02791,u148247311,1579465580,C++,C++14 (GCC 5.4.1),cpp,Accepted,78,4352,292,
s353638058,p02791,u153607901,1579465580,C++,C++14 (GCC 5.4.1),cpp,Accepted,60,1152,774,
s195706645,p02791,u922317157,1579465580,C++,C++14 (GCC 5.4.1),cpp,Accepted,77,1024,265,
s331351084,p02791,u189427183,1579465577,Python,Python (3.4.3),py,Time Limit Exceeded,2107,81984,156,
s606659447,p02791,u313317027,1579465576,C,C (GCC 5.4.1),c,Time Limit Exceeded,2103,896,436,
s291262485,p02791,u269963329,1579465575,C++,C++14 (GCC 5.4.1),cpp,Accepted,59,1792,380,
s169845244,p02791,u032223772,1579465573,Bash,Bash (GNU bash v4.3.11),sh,Wrong Answer,78,1748,37,
s321709668,p02791,u910994303,1579465573,C++,C++14 (GCC 5.4.1),cpp,Accepted,61,256,286,
s963073431,p02791,u050801849,1579465573,C++,C++14 (Clang 3.8.0),cpp,Runtime Error,101,888,441,
s087209591,p02791,u211573648,1579465573,C++,C++14 (GCC 5.4.1),cpp,Time Limit Exceeded,2103,1024,438,
s362940704,p02791,u195355592,1579465572,Python,Python (3.4.3),py,Accepted,148,24744,195,
s685290625,p02791,u442810826,1579465571,Python,Python (3.4.3),py,Wrong Answer,289,34144,607,
s661286262,p02791,u213570908,1579465571,C++,C++14 (GCC 5.4.1),cpp,Compile Error,,,398,
s509363825,p02791,u970690920,1579465570,C++,C++14 (GCC 5.4.1),cpp,Accepted,70,1792,656,
s857478125,p02791,u255406953,1579465569,Python,Python (3.4.3),py,Time Limit Exceeded,2104,24744,205,
s362248952,p02791,u262303450,1579465569,C++,C++14 (GCC 5.4.1),cpp,Accepted,59,1792,1147,
s715172592,p02791,u227426199,1579465566,C++,C++14 (GCC 5.4.1),cpp,Accepted,78,1024,364,
s116360513,p02791,u059727354,1579465565,C++,C++14 (GCC 5.4.1),cpp,Accepted,18,256,426,
s158189016,p02791,u685629265,1579465564,C,C (GCC 5.4.1),c,Time Limit Exceeded,2103,896,335,
s892267481,p02791,u171132311,1579465564,Python,Python (3.4.3),py,Time Limit Exceeded,2104,26012,295,
s544913096,p02791,u167931717,1579465563,C++,C++14 (GCC 5.4.1),cpp,Accepted,63,2420,19274,
s173538290,p02791,u949911426,1579465563,Rust,Rust (1.15.1),rs,Accepted,14,8444,4229,
s031270277,p02791,u498975813,1579465562,Python,PyPy3 (2.4.0),py,Time Limit Exceeded,2108,77524,254,
s641922285,p02791,u995167559,1579465562,C++,C++14 (GCC 5.4.1),cpp,Wrong Answer,76,256,314,
s544551575,p02791,u422272120,1579465562,Python,Python (3.4.3),py,Time Limit Exceeded,2104,24744,143,
s048670850,p02791,u927782479,1579465561,C++,C++14 (GCC 5.4.1),cpp,Wrong Answer,2103,1024,382,
s351373300,p02791,u986190948,1579465561,C,C (GCC 5.4.1),c,Time Limit Exceeded,2103,1664,338,
s488996546,p02791,u061892265,1579465559,C++,C++ (GCC 5.4.1),cpp,Wrong Answer,2103,1024,640,
s714344326,p02791,u136546203,1579465558,C++,C++14 (GCC 5.4.1),cpp,Accepted,20,3328,532,
s901327522,p02791,u630554891,1579465557,Python,Python (3.4.3),py,Wrong Answer,2104,19144,204,
s047212703,p02791,u840958781,1579465557,Python,Python (3.4.3),py,Accepted,109,24744,148,
s277115068,p02791,u598710706,1579465556,C++,C++14 (GCC 5.4.1),cpp,Accepted,68,5500,2363,
s213700055,p02791,u192262308,1579465556,Python,Python (3.4.3),py,Time Limit Exceeded,2104,26012,293,
s477451179,p02791,u944033453,1579465556,C++,C++14 (GCC 5.4.1),cpp,Time Limit Exceeded,2103,1024,431,
s582740512,p02791,u830681554,1579465555,C++,C++14 (GCC 5.4.1),cpp,Time Limit Exceeded,2103,1024,473,
s414231277,p02791,u473218204,1579465554,C,C (GCC 5.4.1),c,Time Limit Exceeded,2103,896,399,
s078024673,p02791,u180133008,1579465552,C,C (GCC 5.4.1),c,Accepted,49,3324,870,
s139101020,p02791,u102131583,1579465552,C++,C++14 (GCC 5.4.1),cpp,Accepted,60,1024,520,
s376871765,p02791,u745502403,1579465552,C++,C++14 (GCC 5.4.1),cpp,Accepted,61,1792,461,
s844785548,p02791,u542197477,1579465552,Ruby,Ruby (2.3.3),rb,Wrong Answer,103,15236,200,
s773469885,p02791,u932319885,1579465551,C++,C++14 (GCC 5.4.1),cpp,Time Limit Exceeded,2103,1792,923,
s530396735,p02791,u413184068,1579465551,Ruby,Ruby (2.3.3),rb,Wrong Answer,2108,17436,241,
s868492054,p02791,u346266986,1579465551,Python,Python (3.4.3),py,Time Limit Exceeded,2104,17940,239,
s101400248,p02791,u672611103,1579465551,C++,C++14 (GCC 5.4.1),cpp,Time Limit Exceeded,2103,1024,453,
s109715392,p02791,u183422236,1579465551,Python,Python (3.4.3),py,Time Limit Exceeded,2104,24744,267,
s242945421,p02791,u552746936,1579465550,Python,Python (3.4.3),py,Time Limit Exceeded,2104,24744,192,
s616078884,p02791,u265187423,1579465550,C++,C++14 (GCC 5.4.1),cpp,Wrong Answer,38,1664,578,
s585268864,p02791,u454524105,1579465549,Python,Python (3.4.3),py,Accepted,115,25768,183,
s690826983,p02791,u365648261,1579465549,C++,C++14 (GCC 5.4.1),cpp,Accepted,20,896,251,
s657226292,p02791,u084101398,1579465548,C++,C++14 (GCC 5.4.1),cpp,Wrong Answer,2103,1792,316,
s624685038,p02791,u203383537,1579465547,Python,PyPy3 (2.4.0),py,Time Limit Exceeded,2110,136944,131,
s729819677,p02791,u763143338,1579465547,Java,Java8 (OpenJDK 1.8.0),java,Time Limit Exceeded,2112,57272,1119,
s738417036,p02791,u676458682,1579465546,Python,Python (3.4.3),py,Time Limit Exceeded,2108,24744,180,
s076927487,p02791,u481026841,1579465545,C,C (GCC 5.4.1),c,Time Limit Exceeded,2103,896,314,
s375787729,p02791,u498575211,1579465545,Python,Python (3.4.3),py,Runtime Error,111,26012,142,
s264956496,p02791,u946973499,1579465545,Java,Java8 (OpenJDK 1.8.0),java,Time Limit Exceeded,2109,64016,627,
s816345137,p02791,u563914702,1579465545,C++,C++14 (GCC 5.4.1),cpp,Wrong Answer,63,1024,381,
s739619162,p02791,u146575240,1579465544,Python,PyPy3 (2.4.0),py,Accepted,242,75472,206,
s816403100,p02791,u790970437,1579465543,Python,Python (3.4.3),py,Runtime Error,17,2940,149,
s887650642,p02791,u734473573,1579465543,C++,C++14 (Clang 3.8.0),cpp,Time Limit Exceeded,2103,1024,525,
s992825559,p02791,u171217191,1579465543,C++,C++14 (GCC 5.4.1),cpp,Accepted,19,1792,831,
s049203427,p02791,u214265034,1579465542,C++,C++14 (GCC 5.4.1),cpp,Time Limit Exceeded,2103,1024,427,
s057360714,p02791,u407891541,1579465542,Python,Python (3.4.3),py,Wrong Answer,293,31624,172,
s422317884,p02791,u686036872,1579465542,Python,Python (3.4.3),py,Wrong Answer,17,3060,132,
s279918351,p02791,u771319968,1579465541,C++,C++14 (GCC 5.4.1),cpp,Accepted,66,1792,436,
s082059758,p02791,u017050982,1579465540,Python,Python (3.4.3),py,Accepted,149,24616,205,
s133727433,p02791,u866374539,1579465539,Python,PyPy3 (2.4.0),py,Time Limit Exceeded,2117,137012,152,
s872784399,p02791,u787120084,1579465539,C++,C++14 (GCC 5.4.1),cpp,Time Limit Exceeded,2103,1024,413,
s409999452,p02791,u152858291,1579465539,C++,C++14 (GCC 5.4.1),cpp,Wrong Answer,1,256,356,
s819245516,p02791,u238987462,1579465537,Python,Python (3.4.3),py,Time Limit Exceeded,2104,25380,205,
s500464552,p02791,u618325650,1579465537,Java,Java8 (OpenJDK 1.8.0),java,Accepted,578,86036,533,
s065300017,p02791,u073866020,1579465536,C++,C++14 (GCC 5.4.1),cpp,Time Limit Exceeded,2103,1024,298,
s994893845,p02791,u284795785,1579465535,Java,Java8 (OpenJDK 1.8.0),java,Time Limit Exceeded,2109,64936,413,
s186436174,p02791,u920236432,1579465534,C++,C++14 (GCC 5.4.1),cpp,Wrong Answer,77,1024,479,
s227388080,p02791,u274139177,1579465533,C++,C++14 (GCC 5.4.1),cpp,Compile Error,,,372,
s223274831,p02791,u530786533,1579465533,Python,Python (3.4.3),py,Time Limit Exceeded,2108,24744,127,
s534377391,p02791,u813450934,1579465531,Python,Python (3.4.3),py,Accepted,165,24744,198,
s960293040,p02791,u087226138,1579465528,Python,Python (3.4.3),py,Time Limit Exceeded,2104,24744,222,
s236831689,p02791,u934788990,1579465528,Python,Python (3.4.3),py,Accepted,160,24744,200,
s196646424,p02791,u522185720,1579465528,Python,Python (3.4.3),py,Time Limit Exceeded,2104,25768,304,
s153092998,p02791,u777394984,1579465527,Python,Python (3.4.3),py,Wrong Answer,118,26012,184,
s439207171,p02791,u363005934,1579465527,Java,Java8 (OpenJDK 1.8.0),java,Accepted,578,84912,413,
s571083800,p02791,u550226593,1579465527,C++,C++14 (GCC 5.4.1),cpp,Accepted,60,1024,606,
s751485017,p02791,u817999507,1579465526,C++,C++14 (GCC 5.4.1),cpp,Accepted,77,256,552,
s680538791,p02791,u928784113,1579465524,Python,Python (3.4.3),py,Accepted,107,27192,1877,
s230604797,p02791,u772625937,1579465524,Ruby,Ruby (2.3.3),rb,Accepted,115,16520,273,
s524290989,p02791,u415400221,1579465524,Ruby,Ruby (2.3.3),rb,Accepted,110,16516,181,
s410378812,p02791,u708890186,1579465524,Python,Python (3.4.3),py,Time Limit Exceeded,2109,34036,156,
s604402579,p02791,u290300767,1579465524,C++,C++14 (GCC 5.4.1),cpp,Accepted,77,1024,6362,
s723934128,p02791,u117534860,1579465522,C++,C++14 (GCC 5.4.1),cpp,Accepted,60,1024,443,
s282382721,p02791,u142223843,1579465522,Python,Python (3.4.3),py,Wrong Answer,111,24744,132,
s700683072,p02791,u492642747,1579465522,Java,Java8 (OpenJDK 1.8.0),java,Accepted,421,56300,712,
s875275309,p02791,u559994901,1579465522,C,C (GCC 5.4.1),c,Wrong Answer,23,2944,292,
s322054625,p02791,u875449556,1579465522,Python,Python (3.4.3),py,Accepted,105,24744,162,
s425811686,p02791,u837070819,1579465521,C++,C++14 (GCC 5.4.1),cpp,Compile Error,,,426,
s111788926,p02791,u459447880,1579465519,C++,C++14 (GCC 5.4.1),cpp,Time Limit Exceeded,2103,1024,521,
s296951000,p02791,u180528413,1579465519,Python,Python (3.4.3),py,Accepted,115,24744,161,
s579885725,p02791,u174617349,1579465519,Rust,Rust (1.15.1),rs,Time Limit Exceeded,2103,6396,777,
s652855361,p02791,u039293076,1579465518,Ruby,Ruby (2.3.3),rb,Accepted,98,15236,167,
s953422857,p02791,u628299064,1579465517,Go,Go (1.6),go,Accepted,944,7680,849,
s977246053,p02791,u555820985,1579465516,Visual Basic,Visual Basic (Mono 4.0.1),vb,Time Limit Exceeded,2109,31452,479,
s259873061,p02791,u412035967,1579465516,Python,PyPy3 (2.4.0),py,Time Limit Exceeded,2114,156248,711,
s257496663,p02791,u374501720,1579465516,Python,Python (3.4.3),py,Time Limit Exceeded,2104,24744,223,
s483774458,p02791,u248004466,1579465515,C++,C++14 (GCC 5.4.1),cpp,Accepted,63,1792,3161,
s293405393,p02791,u012110567,1579465513,Ruby,Ruby (2.3.3),rb,Time Limit Exceeded,2111,59520,163,
s476609370,p02791,u390411253,1579465513,C++,C++14 (GCC 5.4.1),cpp,Time Limit Exceeded,2103,1024,442,
s776225377,p02791,u032223772,1579465512,Bash,Bash (GNU bash v4.3.11),sh,Wrong Answer,81,732,36,
s185423530,p02791,u211573648,1579465510,C++,C++14 (GCC 5.4.1),cpp,Runtime Error,97,256,436,
s296032231,p02791,u321755508,1579465509,C#,C# (Mono 4.6.2.0),cs,Time Limit Exceeded,2114,48584,485,
s266552594,p02791,u403331159,1579465507,Python,Python (3.4.3),py,Wrong Answer,115,24744,131,
s474229376,p02791,u550398291,1579465507,C++,C++14 (GCC 5.4.1),cpp,Accepted,21,1024,1348,
s611419152,p02791,u373295322,1579465506,Python,Python (3.4.3),py,Time Limit Exceeded,2104,17780,262,
s236287100,p02791,u419390395,1579465506,C++,C++14 (GCC 5.4.1),cpp,Wrong Answer,66,1024,1146,
s813647425,p02791,u739632237,1579465506,C++,C++14 (GCC 5.4.1),cpp,Accepted,79,256,327,
s784809975,p02791,u067062087,1579465505,C,C (GCC 5.4.1),c,Time Limit Exceeded,2103,896,474,
s953513013,p02791,u986025116,1579465504,C++,C++14 (GCC 5.4.1),cpp,Accepted,18,1024,351,
s097485796,p02791,u130492706,1579465502,Python,Python (3.4.3),py,Wrong Answer,498,48040,271,
s546290665,p02791,u926501437,1579465502,F#,F# (Mono 4.0),fs,Accepted,155,33628,1697,
s666479468,p02791,u541294527,1579465502,Python,PyPy3 (2.4.0),py,Accepted,270,85456,258,
s408269392,p02791,u173526432,1579465501,C++,C++14 (GCC 5.4.1),cpp,Accepted,64,256,247,
s871805066,p02791,u957846568,1579465500,C,C (GCC 5.4.1),c,Runtime Error,101,256,277,
s128873973,p02791,u195355592,1579465499,Python,Python (3.4.3),py,Runtime Error,37,17192,186,
s972203117,p02791,u040016087,1579465499,Python,Python (3.4.3),py,Time Limit Exceeded,2104,25896,351,
s150632967,p02791,u678300321,1579465499,C++,C++14 (GCC 5.4.1),cpp,Time Limit Exceeded,2103,1024,330,
s235167744,p02791,u032223772,1579465498,Perl,Perl6 (rakudo-star 2016.01),pl,Runtime Error,336,71904,36,
s583657134,p02791,u159548042,1579465498,C++,C++14 (GCC 5.4.1),cpp,Time Limit Exceeded,2103,1024,607,
s201774461,p02791,u937247236,1579465497,C#,C# (Mono 4.6.2.0),cs,Wrong Answer,108,31964,82875,
s743576007,p02791,u015418292,1579465497,Java,Java8 (OpenJDK 1.8.0),java,Time Limit Exceeded,2130,346168,745,
s659632288,p02791,u881160582,1579465497,C++,C++14 (GCC 5.4.1),cpp,Accepted,19,1792,1494,
s013346518,p02791,u892002048,1579465495,C++,C++14 (GCC 5.4.1),cpp,Wrong Answer,68,15872,291,
s824136917,p02791,u405647930,1579465494,C,C (GCC 5.4.1),c,Accepted,22,256,205,
s225236566,p02791,u415801286,1579465493,Java,Java8 (OpenJDK 1.8.0),java,Time Limit Exceeded,2109,64248,688,
s864856904,p02791,u267300160,1579465492,Python,PyPy3 (2.4.0),py,Time Limit Exceeded,2112,138736,184,
s549438038,p02791,u255154774,1579465491,Java,Java8 (OpenJDK 1.8.0),java,Time Limit Exceeded,2110,348904,1058,
s673657461,p02791,u855866205,1579465491,Python,PyPy3 (2.4.0),py,Accepted,287,75472,153,
s385521096,p02791,u639661783,1579465491,C++,C++14 (GCC 5.4.1),cpp,Wrong Answer,20,128,175,
s421416711,p02791,u780122303,1579465490,C++,C++14 (GCC 5.4.1),cpp,Accepted,67,2560,1313,
s903188617,p02791,u200527996,1579465490,Python,Python (3.4.3),py,Wrong Answer,112,24744,128,
s023300036,p02791,u207097826,1579465489,Python,PyPy3 (2.4.0),py,Time Limit Exceeded,2107,77392,192,
s839760965,p02791,u929611589,1579465489,Java,Java8 (OpenJDK 1.8.0),java,Accepted,571,65152,502,
s663328693,p02791,u498975813,1579465488,Python,Python (3.4.3),py,Time Limit Exceeded,2104,24744,254,
s461948922,p02791,u449403739,1579465487,C++,C++14 (GCC 5.4.1),cpp,Accepted,21,256,2798,
s179629791,p02791,u143612492,1579465486,Python,PyPy3 (2.4.0),py,Accepted,293,87420,217,
s182519257,p02791,u939401127,1579465485,C++,C++14 (GCC 5.4.1),cpp,Accepted,60,1792,2119,
s178481469,p02791,u283850313,1579465485,Python,Python (3.4.3),py,Wrong Answer,2104,26012,180,
s592192199,p02791,u979726772,1579465485,Python,Python (3.4.3),py,Time Limit Exceeded,2104,24744,219,
s656628583,p02791,u364061715,1579465483,Python,Python (3.4.3),py,Time Limit Exceeded,2104,24744,232,
s029881081,p02791,u845434829,1579465483,Java,Java8 (OpenJDK 1.8.0),java,Accepted,233,46164,634,
s100259611,p02791,u320511454,1579465483,Python,Python (3.4.3),py,Time Limit Exceeded,2104,24744,141,
s635667464,p02791,u961548025,1579465482,Python,Python (3.4.3),py,Wrong Answer,111,24744,133,
s504572667,p02791,u626217906,1579465482,Python,PyPy3 (2.4.0),py,Accepted,268,77464,149,
s801749437,p02791,u298377101,1579465481,C++,C++14 (GCC 5.4.1),cpp,Time Limit Exceeded,2103,1024,311,
s550668529,p02791,u897940702,1579465481,Python,Python (3.4.3),py,Time Limit Exceeded,2104,24744,230,
s423960160,p02791,u960531720,1579465480,Python,Python (3.4.3),py,Runtime Error,17,2940,320,
s053654241,p02791,u635508156,1579465480,C,C (GCC 5.4.1),c,Wrong Answer,2103,896,390,
s664962617,p02791,u118789292,1579465479,C++,C++14 (GCC 5.4.1),cpp,Accepted,76,384,181,
s963536650,p02791,u070246438,1579465478,Python,PyPy3 (2.4.0),py,Time Limit Exceeded,2108,77548,223,
s845935347,p02791,u632353278,1579465478,C++,C++14 (GCC 5.4.1),cpp,Accepted,19,1024,1133,
s523952370,p02791,u928712536,1579465477,C++,C++14 (GCC 5.4.1),cpp,Accepted,60,1024,332,
s546896817,p02791,u838693014,1579465477,C++,C++14 (GCC 5.4.1),cpp,Accepted,59,1792,290,
s890540643,p02791,u798557584,1579465477,Python,Python (3.4.3),py,Time Limit Exceeded,2104,24744,210,
s693311936,p02791,u326870273,1579465477,Python,Python (3.4.3),py,Time Limit Exceeded,2109,34120,475,
s803338217,p02791,u001036287,1579465476,C++,C++14 (GCC 5.4.1),cpp,Accepted,59,1792,331,
s437078622,p02791,u547728429,1579465474,Python,PyPy3 (2.4.0),py,Time Limit Exceeded,2111,136984,142,
s873599851,p02791,u329977093,1579465473,C,C (GCC 5.4.1),c,Time Limit Exceeded,2103,896,410,
s018325966,p02791,u382880969,1579465472,C++,C++14 (GCC 5.4.1),cpp,Accepted,18,256,846,
s058045582,p02791,u208102827,1579465471,C++,C++14 (GCC 5.4.1),cpp,Time Limit Exceeded,2103,1792,437,
s116474048,p02791,u344869639,1579465470,Java,Java8 (OpenJDK 1.8.0),java,Accepted,577,66412,403,
s028096814,p02791,u498575211,1579465470,Python,Python (3.4.3),py,Wrong Answer,111,24744,140,
s978156148,p02791,u763475246,1579465470,C++,C++14 (GCC 5.4.1),cpp,Accepted,78,1792,493,
s581834759,p02791,u928888261,1579465469,Python,PyPy3 (2.4.0),py,Time Limit Exceeded,2108,77396,218,
s205673200,p02791,u969227451,1579465469,C++,C++14 (GCC 5.4.1),cpp,Accepted,78,1024,771,
s389094997,p02791,u477516105,1579465469,C++,C++14 (GCC 5.4.1),cpp,Time Limit Exceeded,2103,1280,360,
s988005426,p02791,u703214333,1579465468,Python,Python (3.4.3),py,Time Limit Exceeded,2104,24744,173,
s021138476,p02791,u278955646,1579465464,C#,C# (Mono 4.6.2.0),cs,Accepted,115,35676,1040,
s784189061,p02791,u261891508,1579465464,Python,Python (3.4.3),py,Accepted,173,24744,351,
s848805072,p02791,u188925212,1579465464,C#,C# (Mono 4.6.2.0),cs,Time Limit Exceeded,2108,31492,715,
s608239817,p02791,u067166809,1579465464,C++,C++14 (GCC 5.4.1),cpp,Wrong Answer,80,1024,293,
s826396898,p02791,u066278022,1579465464,C++,C++14 (GCC 5.4.1),cpp,Accepted,77,1024,245,
s761789941,p02791,u522185720,1579465463,Python,Python (3.4.3),py,Time Limit Exceeded,2104,25768,292,
s367887398,p02791,u115106582,1579465463,C++,C++14 (GCC 5.4.1),cpp,Accepted,77,256,325,
s702760324,p02791,u767527520,1579465463,Nim,Nim (0.13.0),nim,Time Limit Exceeded,2104,15948,352,
s323869764,p02791,u254066052,1579465462,Python,Python (3.4.3),py,Wrong Answer,135,25768,301,
s968730001,p02791,u934529721,1579465461,C++,C++14 (GCC 5.4.1),cpp,Accepted,63,1024,381,
s250522502,p02791,u770230638,1579465461,Python,Python (3.4.3),py,Wrong Answer,58,19476,236,
s973299545,p02791,u813854705,1579465461,C++,C++14 (GCC 5.4.1),cpp,Accepted,96,11264,732,
s013797428,p02791,u296343454,1579465460,C++,C++14 (GCC 5.4.1),cpp,Wrong Answer,77,1024,259,
s603062911,p02791,u156918752,1579465460,C++,C++14 (GCC 5.4.1),cpp,Wrong Answer,62,256,319,
s910358514,p02791,u798894056,1579465459,Python,PyPy3 (2.4.0),py,Accepted,245,75472,182,
s581631968,p02791,u017050982,1579465459,Python,Python (3.4.3),py,Wrong Answer,160,24616,205,
s753455861,p02791,u409306788,1579465458,C#,C# (Mono 4.6.2.0),cs,Accepted,107,35548,796,
s059157286,p02791,u366445643,1579465458,C++,C++14 (GCC 5.4.1),cpp,Accepted,67,1792,336,
s264625475,p02791,u278278558,1579465457,PHP,PHP7 (7.0.15),php,Time Limit Exceeded,2104,19060,489,
s407444865,p02791,u728750700,1579465456,C,C (GCC 5.4.1),c,Time Limit Exceeded,2103,1664,366,
s233391122,p02791,u768531980,1579465456,C++,C++14 (GCC 5.4.1),cpp,Time Limit Exceeded,2103,1024,433,
s103758005,p02791,u290292036,1579465454,Java,Java8 (OpenJDK 1.8.0),java,Accepted,571,65360,444,
s661208949,p02791,u488934106,1579465453,Python,Python (3.4.3),py,Wrong Answer,2104,24744,194,
s538769392,p02791,u452885705,1579465452,Python,Python (3.4.3),py,Time Limit Exceeded,2104,24744,217,
s366334868,p02791,u932868389,1579465451,C++,C++14 (GCC 5.4.1),cpp,Accepted,66,3956,718,
s244160881,p02791,u831161882,1579465451,C++,C++14 (GCC 5.4.1),cpp,Accepted,19,4352,654,
s917812537,p02791,u452512115,1579465450,C++,C++14 (GCC 5.4.1),cpp,Accepted,60,1792,1295,
s907049491,p02791,u043150661,1579465450,Kotlin,Kotlin (1.0.0),kt,Time Limit Exceeded,2111,82576,545,
s492822579,p02791,u645502573,1579465450,C++,C++14 (GCC 5.4.1),cpp,Runtime Error,141,640,238,
s205016275,p02791,u809687368,1579465449,C++,C++14 (GCC 5.4.1),cpp,Accepted,64,1152,404,
s899057121,p02791,u910987127,1579465449,Java,Java8 (OpenJDK 1.8.0),java,Accepted,598,66964,396,
s369159415,p02791,u320511454,1579465448,Python,Python (3.4.3),py,Wrong Answer,2104,24744,143,
s323553948,p02791,u469315559,1579465445,C++,C++14 (GCC 5.4.1),cpp,Runtime Error,101,256,370,
s866554764,p02791,u474551232,1579465445,C++,C++14 (GCC 5.4.1),cpp,Wrong Answer,60,1792,841,
s995666455,p02791,u679291177,1579465444,Ruby,Ruby (2.3.3),rb,Accepted,517,29208,231,
s270594073,p02791,u572049366,1579465444,Java,Java8 (OpenJDK 1.8.0),java,Time Limit Exceeded,2109,64352,603,
s514831999,p02791,u789673251,1579465444,C++,C++14 (GCC 5.4.1),cpp,Wrong Answer,20,896,269,
s716985255,p02791,u200527996,1579465444,Python,Python (3.4.3),py,Runtime Error,17,2940,162,
s694381589,p02791,u949911426,1579465443,Rust,Rust (1.15.1),rs,Wrong Answer,14,8444,4211,
s300796073,p02791,u254205055,1579465443,Lisp,Common Lisp (SBCL 1.1.14),l,Time Limit Exceeded,2105,118640,659,
s197135473,p02791,u565011703,1579465443,C++,C++14 (GCC 5.4.1),cpp,Time Limit Exceeded,2103,1024,683,
s381668538,p02791,u852719059,1579465443,Python,PyPy3 (2.4.0),py,Time Limit Exceeded,2109,136780,144,
s871475122,p02791,u685629265,1579465441,C,C (GCC 5.4.1),c,Time Limit Exceeded,2103,1024,333,
s024964249,p02791,u395804356,1579465441,Python,Python (3.4.3),py,Time Limit Exceeded,2109,34104,251,
s650246425,p02791,u584924463,1579465439,Java,Java8 (OpenJDK 1.8.0),java,Accepted,557,62288,438,
s837102184,p02791,u964726243,1579465438,C++,C++14 (GCC 5.4.1),cpp,Accepted,61,1792,419,
s382108232,p02791,u301087276,1579465437,Go,Go (1.6),go,Time Limit Exceeded,2108,4992,474,
s403561025,p02791,u350836088,1579465437,Python,Python (3.4.3),py,Time Limit Exceeded,2104,24744,189,
s507453584,p02791,u159548042,1579465436,C++,C++14 (GCC 5.4.1),cpp,Wrong Answer,2103,1152,605,
s172468417,p02791,u995323427,1579465434,Python,Python (3.4.3),py,Accepted,101,24744,163,
s524693168,p02791,u776580013,1579465434,C++,C++14 (GCC 5.4.1),cpp,Time Limit Exceeded,2107,896,257,
s586273840,p02791,u671211357,1579465433,Python,PyPy3 (2.4.0),py,Time Limit Exceeded,2111,136992,145,
s744376876,p02791,u533749093,1579465433,C++,C++14 (GCC 5.4.1),cpp,Accepted,60,1024,766,
s018641248,p02791,u625255205,1579465433,Python,PyPy3 (2.4.0),py,Wrong Answer,276,75472,171,
s672413969,p02791,u652275736,1579465433,Python,Python (3.4.3),py,Wrong Answer,205,17940,172,
s609486118,p02791,u212337365,1579465432,C++,C++14 (GCC 5.4.1),cpp,Time Limit Exceeded,2103,1024,401,
s877066373,p02791,u272075541,1579465432,Python,Python (3.4.3),py,Accepted,183,24872,595,
s903151432,p02791,u891884439,1579465432,Python,Python (3.4.3),py,Time Limit Exceeded,2104,24744,248,
s660649792,p02791,u409390792,1579465431,C#,C# (Mono 4.6.2.0),cs,Accepted,106,33628,452,
s112606100,p02791,u622047241,1579465431,Python,Python (3.4.3),py,Wrong Answer,124,24744,170,
s062701465,p02791,u953351773,1579465431,C++,C++14 (GCC 5.4.1),cpp,Time Limit Exceeded,2103,1792,866,
s735079373,p02791,u525350746,1579465430,C,C (GCC 5.4.1),c,Time Limit Exceeded,2103,896,318,
s032560735,p02791,u611865271,1579465430,Python,Python (3.4.3),py,Time Limit Exceeded,2104,25768,186,
s172074297,p02791,u711205713,1579465430,C#,C# (Mono 4.6.2.0),cs,Accepted,109,35468,2263,
s969053245,p02791,u176590289,1579465429,Java,Java8 (OpenJDK 1.8.0),java,Time Limit Exceeded,2109,63744,505,
s766998543,p02791,u988661952,1579465429,Python,Python (3.4.3),py,Time Limit Exceeded,2109,34152,222,
s652516910,p02791,u274857138,1579465428,C++,C++14 (GCC 5.4.1),cpp,Accepted,59,1792,574,
s866536503,p02791,u793666115,1579465427,Python,Python (3.4.3),py,Wrong Answer,102,24744,158,
s314130170,p02791,u295178043,1579465426,Python,Python (3.4.3),py,Accepted,192,24744,315,
s975292262,p02791,u843292252,1579465426,C++,C++14 (GCC 5.4.1),cpp,Time Limit Exceeded,2103,1024,320,
s628688465,p02791,u646224936,1579465426,C++,C++14 (GCC 5.4.1),cpp,Time Limit Exceeded,2103,1912,383,
s812783448,p02791,u892002048,1579465425,C++,C++14 (GCC 5.4.1),cpp,Compile Error,,,291,
s722961575,p02791,u728467704,1579465425,C#,C# (Mono 4.6.2.0),cs,Time Limit Exceeded,2109,34012,852,
s070788643,p02791,u127228093,1579465424,Python,Python (3.4.3),py,Time Limit Exceeded,2104,24744,303,
s044476220,p02791,u364076769,1579465424,C++,C++14 (GCC 5.4.1),cpp,Runtime Error,113,384,540,
s753222241,p02791,u901555384,1579465424,C++,C++14 (GCC 5.4.1),cpp,Wrong Answer,2103,1792,748,
s531239199,p02791,u585070471,1579465422,Python,Python (3.4.3),py,Time Limit Exceeded,2104,24744,244,
s506844740,p02791,u756415797,1579465419,C++,C++14 (Clang 3.8.0),cpp,Time Limit Exceeded,2103,1024,380,
s736968322,p02791,u559994901,1579465419,C,C (GCC 5.4.1),c,Runtime Error,98,128,295,
s914585247,p02791,u686036872,1579465418,Python,Python (3.4.3),py,Runtime Error,34,19336,157,
s949686370,p02791,u826554341,1579465418,Python,Python (3.4.3),py,Wrong Answer,117,24744,183,
s500152188,p02791,u087226138,1579465417,Python,Python (3.4.3),py,Time Limit Exceeded,2104,24764,186,
s729495986,p02791,u259684121,1579465416,C++,C++14 (GCC 5.4.1),cpp,Accepted,19,2168,480,
s556482590,p02791,u711620077,1579465416,Java,Java8 (OpenJDK 1.8.0),java,Accepted,568,85640,591,
s490826303,p02791,u280517956,1579465416,C++,C++14 (GCC 5.4.1),cpp,Wrong Answer,28,3956,621,
s631270427,p02791,u239917977,1579465414,Python,Python (3.4.3),py,Time Limit Exceeded,2108,34164,168,
s735493565,p02791,u906922312,1579465413,Java,Java8 (OpenJDK 1.8.0),java,Wrong Answer,2109,65448,547,
s905685236,p02791,u189385406,1579465412,Python,Python (3.4.3),py,Time Limit Exceeded,2108,24744,162,
s776200776,p02791,u196176785,1579465410,C++,C++14 (GCC 5.4.1),cpp,Accepted,18,4352,654,
s852230237,p02791,u258907785,1579465410,C++,C++14 (GCC 5.4.1),cpp,Accepted,77,1024,359,
s283333030,p02791,u465130048,1579465410,C++,C++14 (GCC 5.4.1),cpp,Time Limit Exceeded,2103,1024,477,
s491023230,p02791,u079783022,1579465408,C++,C++14 (GCC 5.4.1),cpp,Accepted,19,1024,957,
s197576276,p02791,u633303723,1579465407,C#,C# (Mono 4.6.2.0),cs,Time Limit Exceeded,2109,31684,4487,
s252371676,p02791,u644516473,1579465407,Python,Python (3.4.3),py,Accepted,91,24744,212,
s554524397,p02791,u426156439,1579465406,C++,C++14 (GCC 5.4.1),cpp,Accepted,76,256,263,
s010471853,p02791,u393845791,1579465406,C++,C++14 (GCC 5.4.1),cpp,Accepted,21,256,332,
s894871221,p02791,u397533457,1579465405,Ruby,Ruby (2.3.3),rb,Accepted,160,21252,183,
s698879390,p02791,u001119849,1579465405,Bf,Bf (bf 20041219),bf,Time Limit Exceeded,2070,1148,2187,
s867689685,p02791,u680184900,1579465405,C++,C++14 (GCC 5.4.1),cpp,Time Limit Exceeded,2103,1792,438,
s886798652,p02791,u527616458,1579465404,Python,Python (3.4.3),py,Accepted,125,24744,193,
s221429661,p02791,u307452818,1579465404,Ruby,Ruby (2.3.3),rb,Accepted,105,15236,194,
s507702562,p02791,u123135189,1579465402,Rust,Rust (1.15.1),rs,Accepted,32,19748,3768,
s440241582,p02791,u405975963,1579465402,C++,C++14 (GCC 5.4.1),cpp,Time Limit Exceeded,2103,1024,406,
s783910368,p02791,u080096625,1579465400,JavaScript,JavaScript (node.js v5.12),js,Wrong Answer,2109,22608,689,
s110453154,p02791,u737491054,1579465400,Python,Python (3.4.3),py,Accepted,105,24744,151,
s597862269,p02791,u705857261,1579465399,Python,Python (3.4.3),py,Time Limit Exceeded,2104,24744,299,
s110753274,p02791,u274055316,1579465398,C++,C++14 (GCC 5.4.1),cpp,Accepted,61,3328,1082,
s912380167,p02791,u911150465,1579465398,C++,C++14 (GCC 5.4.1),cpp,Accepted,22,1024,622,
s531878713,p02791,u990746416,1579465397,C++,C++14 (GCC 5.4.1),cpp,Accepted,62,1792,1416,
s116560087,p02791,u071316868,1579465397,C++,C++14 (GCC 5.4.1),cpp,Time Limit Exceeded,2103,1024,850,
s700708868,p02791,u587665681,1579465397,C++,C++14 (GCC 5.4.1),cpp,Accepted,18,256,394,
s554303751,p02791,u451625046,1579465397,C++,C++14 (Clang 3.8.0),cpp,Accepted,166,888,206,
s544745508,p02791,u061127257,1579465397,Python,PyPy3 (2.4.0),py,Time Limit Exceeded,2108,122968,182,
s898873732,p02791,u335664637,1579465397,Python,Python (3.4.3),py,Wrong Answer,2104,18000,189,
s959904665,p02791,u616053863,1579465396,C++,C++14 (GCC 5.4.1),cpp,Accepted,59,1792,602,
s122845463,p02791,u412039195,1579465396,C++,C++14 (GCC 5.4.1),cpp,Accepted,19,1024,484,
s941729105,p02791,u683464237,1579465395,C++,C++14 (GCC 5.4.1),cpp,Accepted,59,256,625,
s839815830,p02791,u045289115,1579465394,C++,C++14 (GCC 5.4.1),cpp,Accepted,20,1024,301,
s682954559,p02791,u274857138,1579465394,C++,C++14 (GCC 5.4.1),cpp,Compile Error,,,550,
s121101881,p02791,u060694763,1579465393,Python,Python (3.4.3),py,Time Limit Exceeded,2104,24744,249,
s285467252,p02791,u494609869,1579465393,C,C (GCC 5.4.1),c,Accepted,23,896,318,
s430280638,p02791,u623953567,1579465393,Python,Python (3.4.3),py,Accepted,148,24744,249,
s095787647,p02791,u389766217,1579465393,C++,C++14 (GCC 5.4.1),cpp,Accepted,60,1024,478,
s069741492,p02791,u501353836,1579465392,C++,C++ (GCC 5.4.1),cpp,Accepted,78,1792,455,
s580862779,p02791,u834239089,1579465392,C++,C++14 (GCC 5.4.1),cpp,Accepted,63,1024,367,
s553411069,p02791,u646445992,1579465392,Python,Python (3.4.3),py,Runtime Error,34,17936,135,
s214913709,p02791,u795028924,1579465391,C++,C++14 (GCC 5.4.1),cpp,Accepted,20,128,233,
s249773153,p02791,u576927476,1579465391,C,C (GCC 5.4.1),c,Time Limit Exceeded,2103,896,325,
s098414882,p02791,u763475246,1579465390,C++,C++14 (GCC 5.4.1),cpp,Compile Error,,,472,
s654071568,p02791,u500494303,1579465389,C++,C++14 (GCC 5.4.1),cpp,Time Limit Exceeded,2103,1024,309,
s191773408,p02791,u031240034,1579465389,C++,C++14 (GCC 5.4.1),cpp,Accepted,60,1024,313,
s982573035,p02791,u692047098,1579465389,C++,C++14 (GCC 5.4.1),cpp,Accepted,77,256,245,
s245725364,p02791,u250757552,1579465389,C++,C++14 (GCC 5.4.1),cpp,Time Limit Exceeded,2103,1792,1679,
s392099355,p02791,u986190948,1579465388,C,C (GCC 5.4.1),c,Time Limit Exceeded,2103,896,329,
s192873227,p02791,u983181637,1579465387,Python,Python (3.4.3),py,Accepted,176,25768,156,
s186522719,p02791,u342113273,1579465387,C++,C++14 (GCC 5.4.1),cpp,Accepted,78,1024,273,
s207370579,p02791,u662613022,1579465387,Python,Python (3.4.3),py,Accepted,157,24744,156,
s333307230,p02791,u582629544,1579465387,C++,C++14 (GCC 5.4.1),cpp,Wrong Answer,59,1792,285,
s231406844,p02791,u127499732,1579465386,Python,PyPy3 (2.4.0),py,Accepted,250,76624,162,
s900817955,p02791,u073866020,1579465385,C++,C++14 (GCC 5.4.1),cpp,Time Limit Exceeded,2103,1024,299,
s433334183,p02791,u284795785,1579465385,Java,Java8 (OpenJDK 1.8.0),java,Time Limit Exceeded,2109,85376,426,
s229191508,p02791,u139795871,1579465385,C++,C++14 (GCC 5.4.1),cpp,Wrong Answer,60,1792,285,
s458736968,p02791,u825964892,1579465385,C++,C++14 (GCC 5.4.1),cpp,Accepted,77,1024,424,
s256771792,p02791,u231961655,1579465384,C++,C++14 (GCC 5.4.1),cpp,Time Limit Exceeded,2103,1024,440,
s807924527,p02791,u919633157,1579465384,Python,Python (3.4.3),py,Accepted,145,24744,164,
s808601346,p02791,u549517003,1579465383,C++,C++14 (GCC 5.4.1),cpp,Accepted,79,1024,400,
s602571968,p02791,u927782479,1579465383,C++,C++14 (GCC 5.4.1),cpp,Time Limit Exceeded,2103,1024,365,
s012504742,p02791,u645538982,1579465383,Python,Python (3.4.3),py,Time Limit Exceeded,2104,24744,277,
s757737422,p02791,u202617314,1579465383,C++,C++14 (GCC 5.4.1),cpp,Accepted,21,1024,377,
s804510575,p02791,u532585581,1579465383,Java,Java8 (OpenJDK 1.8.0),java,Time Limit Exceeded,2109,67060,684,
s234436416,p02791,u308495541,1579465382,Ruby,Ruby (2.3.3),rb,Wrong Answer,109,16516,315,
s785206345,p02791,u157433024,1579465382,C++,C++14 (GCC 5.4.1),cpp,Accepted,63,1024,767,
s316159148,p02791,u422413213,1579465382,C++,C++14 (GCC 5.4.1),cpp,Accepted,89,2420,582,
s365974008,p02791,u072723535,1579465382,C,C (GCC 5.4.1),c,Accepted,22,896,356,
s481188445,p02791,u038024401,1579465381,Python,PyPy3 (2.4.0),py,Time Limit Exceeded,2107,77408,195,
s130280008,p02791,u584924463,1579465381,Java,Java8 (OpenJDK 1.8.0),java,Wrong Answer,565,62864,437,
s054343937,p02791,u450330210,1579465379,C++,C++14 (GCC 5.4.1),cpp,Time Limit Exceeded,2103,1400,622,
s123957455,p02791,u254050469,1579465379,Python,Python (3.4.3),py,Accepted,105,24744,152,
s989796517,p02791,u757672175,1579465379,C++,C++14 (GCC 5.4.1),cpp,Accepted,77,256,339,
s141006382,p02791,u159548042,1579465379,C++,C++14 (GCC 5.4.1),cpp,Runtime Error,98,384,601,
s133606256,p02791,u758884263,1579465376,C++,C++14 (GCC 5.4.1),cpp,Time Limit Exceeded,2103,1280,501,
s583710513,p02791,u459004628,1579465376,C,C (GCC 5.4.1),c,Time Limit Exceeded,2103,896,350,
s960041081,p02791,u962127640,1579465375,Python,Python (3.4.3),py,Time Limit Exceeded,2109,34156,184,
s497930715,p02791,u960531720,1579465375,Python,Python (3.4.3),py,Wrong Answer,153,25768,268,
s247131871,p02791,u183422236,1579465373,Python,PyPy3 (2.4.0),py,Time Limit Exceeded,2111,136676,267,
s231858359,p02791,u433048345,1579465373,C++,C++14 (GCC 5.4.1),cpp,Wrong Answer,68,1792,499,
s678535495,p02791,u477516105,1579465372,C++,C++14 (GCC 5.4.1),cpp,Time Limit Exceeded,2107,1152,305,
s794757830,p02791,u113298224,1579465372,C++,C++14 (GCC 5.4.1),cpp,Accepted,63,1792,308,
s306578610,p02791,u303163217,1579465371,C++,C++14 (GCC 5.4.1),cpp,Time Limit Exceeded,2103,2944,428,
s094244565,p02791,u164368835,1579465371,Python,PyPy3 (2.4.0),py,Accepted,255,71760,213,
s978189339,p02791,u439333767,1579465371,C++,C++14 (GCC 5.4.1),cpp,Accepted,60,1024,347,
s393250751,p02791,u047773399,1579465370,C,C (GCC 5.4.1),c,Accepted,22,896,313,
s195066866,p02791,u662062459,1579465369,Python,Python (3.4.3),py,Accepted,148,24744,160,
s054919196,p02791,u916972141,1579465369,C++,C++14 (GCC 5.4.1),cpp,Wrong Answer,20,896,328,
s414878441,p02791,u868702169,1579465368,C++,C++14 (GCC 5.4.1),cpp,Accepted,18,1792,1279,
s141212427,p02791,u026172075,1579465368,C++,C++14 (GCC 5.4.1),cpp,Accepted,19,3328,1053,
s583457195,p02791,u882696550,1579465368,Python,Python (3.4.3),py,Wrong Answer,290,24744,203,
s825101876,p02791,u185424824,1579465367,Python,Python (3.4.3),py,Time Limit Exceeded,2104,26012,152,
s436257245,p02791,u284670453,1579465366,C++,C++14 (GCC 5.4.1),cpp,Accepted,60,1024,269,
s037598027,p02791,u353652911,1579465366,Python,Python (3.4.3),py,Time Limit Exceeded,2104,24744,165,
s350162143,p02791,u334213423,1579465366,C#,C# (Mono 4.6.2.0),cs,Accepted,110,33628,798,
s760322658,p02791,u970197315,1579465365,Python,Python (3.4.3),py,Time Limit Exceeded,2104,25348,360,
s432366934,p02791,u108272327,1579465365,Kotlin,Kotlin (1.0.0),kt,Accepted,658,82948,300,
s712039918,p02791,u101436538,1579465365,C++,C++14 (GCC 5.4.1),cpp,Accepted,77,1024,351,
s825809232,p02791,u019803412,1579465365,C++,C++14 (GCC 5.4.1),cpp,Accepted,18,1024,2728,
s886564221,p02791,u960531720,1579465365,Python,Python (3.4.3),py,Wrong Answer,172,24744,267,
s175137231,p02791,u632577291,1579465365,C++,C++14 (GCC 5.4.1),cpp,Accepted,61,1792,419,
s561083147,p02791,u387371565,1579465364,C++,C++14 (GCC 5.4.1),cpp,Accepted,61,1024,328,
s275542600,p02791,u907525511,1579465363,C++,C++14 (GCC 5.4.1),cpp,Time Limit Exceeded,2103,1024,399,
s177401850,p02791,u567406270,1579465363,C++,C++14 (GCC 5.4.1),cpp,Time Limit Exceeded,2103,1792,1208,
s612793634,p02791,u659605532,1579465362,Ruby,Ruby (2.3.3),rb,Accepted,106,15236,142,
s095391868,p02791,u469574680,1579465362,Python,Python (3.4.3),py,Time Limit Exceeded,2104,24744,401,
s093491547,p02791,u164047433,1579465361,Java,Java8 (OpenJDK 1.8.0),java,Time Limit Exceeded,2109,85144,560,
s226887915,p02791,u225845681,1579465360,Python,Python (3.4.3),py,Time Limit Exceeded,2104,24744,130,
s738101283,p02791,u507749492,1579465360,C++,C++ (Clang 3.8.0),cpp,Accepted,167,1792,445,
s855865548,p02791,u498564061,1579465360,C++,C++14 (GCC 5.4.1),cpp,Wrong Answer,82,8192,547,
s219490610,p02791,u267222408,1579465360,C++,C++14 (GCC 5.4.1),cpp,Accepted,60,1024,328,
s806967188,p02791,u411965808,1579465359,Python,Python (3.4.3),py,Accepted,158,24744,169,
s721993813,p02791,u327687161,1579465359,C++,C++14 (Clang 3.8.0),cpp,Accepted,166,384,667,
s497914473,p02791,u503270460,1579465357,Ruby,Ruby (2.3.3),rb,Accepted,166,19204,140,
s527568548,p02791,u913309375,1579465357,JavaScript,JavaScript (node.js v5.12),js,Accepted,85,21088,420,
s778414202,p02791,u762424840,1579465357,Python,Python (3.4.3),py,Time Limit Exceeded,2104,24744,246,
s879171869,p02791,u625255205,1579465356,Python,PyPy3 (2.4.0),py,Wrong Answer,275,75472,158,
s779287646,p02791,u981332890,1579465356,Python,PyPy3 (2.4.0),py,Time Limit Exceeded,2108,77424,274,
s116596756,p02791,u956363574,1579465355,C++,C++14 (GCC 5.4.1),cpp,Time Limit Exceeded,2103,1024,474,
s174171127,p02791,u205672839,1579465355,C++,C++14 (GCC 5.4.1),cpp,Time Limit Exceeded,2103,1024,451,
s171858474,p02791,u798483379,1579465354,C,C (GCC 5.4.1),c,Wrong Answer,2103,1024,287,
s477708015,p02791,u050801849,1579465353,C++,C++14 (GCC 5.4.1),cpp,Runtime Error,99,256,412,
s467370845,p02791,u212502386,1579465353,C++,C++14 (GCC 5.4.1),cpp,Accepted,77,1024,285,
s763434544,p02791,u998679483,1579465351,Python,Python (3.4.3),py,Time Limit Exceeded,2104,24744,179,
s003866643,p02791,u588794534,1579465351,Python,PyPy3 (2.4.0),py,Accepted,455,93776,376,
s732818462,p02791,u250436918,1579465351,C++,C++14 (GCC 5.4.1),cpp,Wrong Answer,2103,1280,501,
s598588076,p02791,u085746830,1579465350,C++,C++14 (GCC 5.4.1),cpp,Wrong Answer,78,2944,228,
s122015436,p02791,u654115954,1579465350,C++,C++14 (GCC 5.4.1),cpp,Accepted,60,1024,596,
s728202003,p02791,u159723084,1579465350,Python,Python (3.4.3),py,Accepted,152,17904,219,
s533168275,p02791,u682814923,1579465349,C,C (GCC 5.4.1),c,Accepted,22,896,310,
s606190629,p02791,u254205055,1579465347,Lisp,Common Lisp (SBCL 1.1.14),l,Time Limit Exceeded,2105,127264,646,
s241904276,p02791,u807394250,1579465347,C++,C++14 (GCC 5.4.1),cpp,Accepted,77,1024,352,
s029523610,p02791,u571152872,1579465346,C++,C++14 (GCC 5.4.1),cpp,Accepted,63,1024,224,
s323118882,p02791,u557147854,1579465345,Python,Python (3.4.3),py,Time Limit Exceeded,2104,26012,312,
s895142003,p02791,u682300136,1579465344,C++,C++14 (GCC 5.4.1),cpp,Accepted,77,1024,501,
s654499429,p02791,u414338455,1579465343,Java,Java8 (OpenJDK 1.8.0),java,Wrong Answer,2109,83332,665,
s781371044,p02791,u519452411,1579465343,Python,Python (3.4.3),py,Time Limit Exceeded,2104,24744,213,
s478871330,p02791,u286539644,1579465342,C++,C++14 (GCC 5.4.1),cpp,Accepted,60,1024,275,
s753286423,p02791,u918375724,1579465341,C++,C++14 (GCC 5.4.1),cpp,Accepted,66,1024,306,
s039069093,p02791,u674491576,1579465341,C++,C++14 (GCC 5.4.1),cpp,Time Limit Exceeded,2103,2420,709,
s290678766,p02791,u377939315,1579465340,C++,C++14 (GCC 5.4.1),cpp,Accepted,61,1024,942,
s718427580,p02791,u432699428,1579465339,Python,Python (3.4.3),py,Time Limit Exceeded,2104,24744,398,
s160838164,p02791,u685629265,1579465339,C,C (GCC 5.4.1),c,Time Limit Exceeded,2103,896,428,
s259493996,p02791,u491069832,1579465338,C++,C++14 (GCC 5.4.1),cpp,Time Limit Exceeded,2103,1792,413,
s457271451,p02791,u347034111,1579465338,Python,Python (3.4.3),py,Time Limit Exceeded,2104,24744,174,
s615272673,p02791,u979181068,1579465338,C++,C++14 (GCC 5.4.1),cpp,Accepted,79,1024,265,
s135381255,p02791,u945901686,1579465338,JavaScript,JavaScript (node.js v5.12),js,Accepted,90,21088,660,
s447558337,p02791,u871651073,1579465337,C++,C++14 (GCC 5.4.1),cpp,Accepted,60,1792,936,
s706358414,p02791,u379384041,1579465336,C#,C# (Mono 4.6.2.0),cs,Accepted,94,33116,447,
s212981338,p02791,u863190862,1579465336,C++,C++14 (GCC 5.4.1),cpp,Accepted,77,1024,552,
s704361528,p02791,u756030237,1579465335,Python,Python (3.4.3),py,Time Limit Exceeded,2104,26012,213,
s082422178,p02791,u645502573,1579465335,C++,C++14 (GCC 5.4.1),cpp,Compile Error,,,229,
s959261735,p02791,u110253606,1579465333,C++,C++14 (GCC 5.4.1),cpp,Time Limit Exceeded,2103,896,273,
s262332655,p02791,u067062087,1579465333,C,C (GCC 5.4.1),c,Wrong Answer,2103,896,517,
s709109293,p02791,u559994901,1579465332,C,C (GCC 5.4.1),c,Wrong Answer,22,2560,290,
s945720922,p02791,u864069774,1579465332,Python,Python (3.4.3),py,Time Limit Exceeded,2104,24744,177,
s779707816,p02791,u663438907,1579465332,Python,Python (3.4.3),py,Time Limit Exceeded,2109,34120,208,
s489366140,p02791,u032223772,1579465331,Perl,Perl6 (rakudo-star 2016.01),pl,Time Limit Exceeded,2111,108840,44,
s270700138,p02791,u684504044,1579465330,Java,Java8 (OpenJDK 1.8.0),java,Wrong Answer,444,51364,473,
s715149967,p02791,u085053899,1579465330,C,C (GCC 5.4.1),c,Time Limit Exceeded,2103,896,270,
s220200077,p02791,u894521144,1579465330,Python,Python (3.4.3),py,Time Limit Exceeded,2109,33016,190,
s549361409,p02791,u249218227,1579465329,C++,C++14 (GCC 5.4.1),cpp,Time Limit Exceeded,2103,1024,603,
s749845588,p02791,u745386505,1579465329,C++,C++14 (GCC 5.4.1),cpp,Time Limit Exceeded,2103,1024,726,
s791664322,p02791,u641804918,1579465329,Python,Python (3.4.3),py,Time Limit Exceeded,2104,26004,280,
s140261990,p02791,u103915901,1579465328,Python,Python (3.4.3),py,Time Limit Exceeded,2104,24744,385,
s060925781,p02791,u779655095,1579465328,C,C (GCC 5.4.1),c,Time Limit Exceeded,2103,896,325,
s464094188,p02791,u522185720,1579465328,Python,Python (3.4.3),py,Time Limit Exceeded,2104,25768,387,
s838948980,p02791,u481134321,1579465327,C++,C++14 (GCC 5.4.1),cpp,Wrong Answer,77,1024,366,
s199500511,p02791,u993658930,1579465326,C++,C++14 (GCC 5.4.1),cpp,Accepted,62,1024,347,
s787029560,p02791,u176826399,1579465326,C++,C++14 (GCC 5.4.1),cpp,Accepted,18,1792,842,
s518430055,p02791,u837070819,1579465324,C++,C++14 (GCC 5.4.1),cpp,Time Limit Exceeded,2103,2420,456,
s938338262,p02791,u497927632,1579465324,C++,C++14 (GCC 5.4.1),cpp,Time Limit Exceeded,2103,1024,547,
s799742853,p02791,u644516473,1579465323,Python,Python (3.4.3),py,Runtime Error,17,2940,208,
s940178615,p02791,u148551245,1579465323,Rust,Rust (1.15.1),rs,Runtime Error,14,10492,1508,
s385577099,p02791,u536450775,1579465322,Python,Python (3.4.3),py,Accepted,110,24744,185,
s157818296,p02791,u110087226,1579465322,Java,Java8 (OpenJDK 1.8.0),java,Accepted,548,62872,421,
s565315685,p02791,u498202416,1579465322,Python,Python (3.4.3),py,Accepted,107,24744,173,
s138714090,p02791,u191085802,1579465321,C++,C++14 (GCC 5.4.1),cpp,Accepted,60,1024,283,
s175253432,p02791,u019485078,1579465321,C++,C++14 (GCC 5.4.1),cpp,Accepted,59,256,358,
s278608772,p02791,u521323621,1579465320,Python,Python (3.4.3),py,Accepted,135,24744,130,
s401743702,p02791,u929520616,1579465320,Python,Python (3.4.3),py,Wrong Answer,133,24744,184,
s234298003,p02791,u607594286,1579465320,C++,C++14 (GCC 5.4.1),cpp,Accepted,60,1024,375,
s679243736,p02791,u339503988,1579465319,Python,Python (3.4.3),py,Accepted,146,24744,147,
s826803115,p02791,u247644012,1579465319,C,C (GCC 5.4.1),c,Runtime Error,99,128,280,
s403710467,p02791,u816070625,1579465319,Python,Python (3.4.3),py,Time Limit Exceeded,2104,24744,131,
s950514335,p02791,u895408600,1579465317,Python,Python (3.4.3),py,Accepted,110,24744,147,
s699588117,p02791,u171132311,1579465316,Python,Python (3.4.3),py,Time Limit Exceeded,2104,24744,218,
s278241100,p02791,u567252408,1579465316,C++,C++14 (GCC 5.4.1),cpp,Accepted,60,1024,286,
s086830257,p02791,u934788990,1579465315,Python,Python (3.4.3),py,Time Limit Exceeded,2104,24744,167,
s400557204,p02791,u760748346,1579465315,C++,C++14 (GCC 5.4.1),cpp,Accepted,78,1792,559,
s511266322,p02791,u667624765,1579465315,PHP,PHP (5.6.30),php,Wrong Answer,101,41984,237,
s476730833,p02791,u208187916,1579465315,Python,Python (3.4.3),py,Accepted,109,24744,166,
s845283638,p02791,u368516842,1579465315,Python,Python (3.4.3),py,Time Limit Exceeded,2104,25768,178,
s592777113,p02791,u555820985,1579465313,Visual Basic,Visual Basic (Mono 4.0.1),vb,Time Limit Exceeded,2108,34524,652,
s898124801,p02791,u130560508,1579465313,C,C (GCC 5.4.1),c,Wrong Answer,2103,896,267,
s269294535,p02791,u339658123,1579465313,C,C (GCC 5.4.1),c,Time Limit Exceeded,2103,896,397,
s655450955,p02791,u582629544,1579465312,C++,C++14 (GCC 5.4.1),cpp,Wrong Answer,59,1792,284,
s549500938,p02791,u123550573,1579465312,C++,C++14 (GCC 5.4.1),cpp,Time Limit Exceeded,2103,1792,709,
s025559095,p02791,u602869478,1579465311,Python,Python (2.7.6),py,Accepted,248,19964,210,
s572704613,p02791,u174463135,1579465310,C++,C++14 (GCC 5.4.1),cpp,Accepted,67,1024,254,
s068879325,p02791,u405975963,1579465309,C++,C++14 (GCC 5.4.1),cpp,Wrong Answer,61,1024,406,
s009114453,p02791,u583479721,1579465308,C++,C++14 (GCC 5.4.1),cpp,Accepted,78,1024,552,
s055739528,p02791,u032705373,1579465308,C++,C++14 (GCC 5.4.1),cpp,Accepted,22,1792,469,
s386208887,p02791,u512895485,1579465306,Python,Python (3.4.3),py,Time Limit Exceeded,2104,24744,208,
s409865201,p02791,u636157062,1579465306,Python,Python (3.4.3),py,Wrong Answer,117,25768,150,
s599639010,p02791,u413184068,1579465305,Ruby,Ruby (2.3.3),rb,Time Limit Exceeded,2108,17820,176,
s657347485,p02791,u583455650,1579465305,Python,Python (3.4.3),py,Time Limit Exceeded,2104,24744,225,
s681964657,p02791,u094619686,1579465304,C++,C++14 (GCC 5.4.1),cpp,Time Limit Exceeded,2103,1792,370,
s343780301,p02791,u015593272,1579465303,Python,Python (3.4.3),py,Time Limit Exceeded,2104,24744,238,
s557053076,p02791,u981332890,1579465303,Python,Python (3.4.3),py,Time Limit Exceeded,2104,25348,289,
s012204915,p02791,u405647930,1579465302,C,C (GCC 5.4.1),c,Wrong Answer,22,128,199,
s846762926,p02791,u636565374,1579465301,C,C (GCC 5.4.1),c,Time Limit Exceeded,2103,1664,481,
s916513748,p02791,u011438316,1579465301,C++,C++14 (GCC 5.4.1),cpp,Accepted,62,1024,431,
s073374401,p02791,u195355592,1579465299,Python,Python (3.4.3),py,Wrong Answer,120,18216,227,
s668165438,p02791,u692311686,1579465298,Python,Python (3.4.3),py,Accepted,116,24744,117,
s064195283,p02791,u950411977,1579465298,C++,C++14 (GCC 5.4.1),cpp,Wrong Answer,59,1792,326,
s712131542,p02791,u229429359,1579465297,Python,Python (3.4.3),py,Accepted,220,26012,238,
s936786525,p02791,u563595438,1579465297,Python,Python (3.4.3),py,Accepted,108,24744,136,
s910038406,p02791,u957843607,1579465296,Python,Python (3.4.3),py,Time Limit Exceeded,2104,18216,282,
s880045683,p02791,u962127640,1579465296,Python,Python (3.4.3),py,Time Limit Exceeded,2109,34156,180,
s144034065,p02791,u892002048,1579465295,C++,C++14 (GCC 5.4.1),cpp,Wrong Answer,65,15872,290,
s009811441,p02791,u218196883,1579465295,C++,C++14 (GCC 5.4.1),cpp,Accepted,18,1792,601,
s206912968,p02791,u113298224,1579465294,C++,C++14 (GCC 5.4.1),cpp,Wrong Answer,61,1792,303,
s947337114,p02791,u412914586,1579465294,C++,C++14 (GCC 5.4.1),cpp,Wrong Answer,19,1024,1361,
s525470970,p02791,u905974390,1579465294,Python,Python (3.4.3),py,Time Limit Exceeded,2104,24744,225,
s211882972,p02791,u148551245,1579465294,Rust,Rust (1.15.1),rs,Compile Error,,,283,
s408928667,p02791,u802924224,1579465293,C++,C++14 (GCC 5.4.1),cpp,Accepted,18,1792,1224,
s585477430,p02791,u796819311,1579465293,C++,C++14 (GCC 5.4.1),cpp,Accepted,77,1024,524,
s959370933,p02791,u057954075,1579465293,C++,C++14 (GCC 5.4.1),cpp,Time Limit Exceeded,2103,4736,3887,
s910868352,p02791,u159548042,1579465293,C++,C++14 (GCC 5.4.1),cpp,Wrong Answer,19,1024,589,
s128198778,p02791,u208102827,1579465292,C++,C++14 (GCC 5.4.1),cpp,Time Limit Exceeded,2103,1024,431,
s676483412,p02791,u085316991,1579465291,C++,C++14 (GCC 5.4.1),cpp,Time Limit Exceeded,2103,1400,466,
s827619065,p02791,u582333355,1579465291,Python,Python (3.4.3),py,Accepted,152,24744,170,
s686363177,p02791,u772625937,1579465290,Ruby,Ruby (2.3.3),rb,Wrong Answer,111,18564,233,
s825575264,p02791,u940342887,1579465290,Python,Python (3.4.3),py,Accepted,109,24744,161,
s697190427,p02791,u212337365,1579465290,C++,C++14 (GCC 5.4.1),cpp,Time Limit Exceeded,2107,1024,381,
s045981004,p02791,u276322776,1579465290,C++,C++ (GCC 5.4.1),cpp,Accepted,77,1024,313,
s169563794,p02791,u088552457,1579465288,Python,Python (3.4.3),py,Accepted,145,24872,198,
s289014208,p02791,u645502573,1579465288,C++,C++14 (GCC 5.4.1),cpp,Compile Error,,,229,
s896174687,p02791,u404629709,1579465287,Python,Python (3.4.3),py,Accepted,211,24872,272,
s619389298,p02791,u775507068,1579465287,C++,C++14 (GCC 5.4.1),cpp,Wrong Answer,2103,1792,1289,
s862543148,p02791,u405645682,1579465287,C++,C++14 (GCC 5.4.1),cpp,Accepted,80,1024,264,
s715757275,p02791,u308495541,1579465287,Ruby,Ruby (2.3.3),rb,Wrong Answer,109,18564,314,
s480525011,p02791,u960360090,1579465286,C++,C++14 (GCC 5.4.1),cpp,Accepted,19,1400,2710,
s901699308,p02791,u132687480,1579465282,C++,C++14 (GCC 5.4.1),cpp,Accepted,60,1024,804,
s434432474,p02791,u705857261,1579465282,Python,Python (3.4.3),py,Time Limit Exceeded,2104,24744,255,
s461308409,p02791,u652908807,1579465282,C++,C++14 (GCC 5.4.1),cpp,Time Limit Exceeded,2103,3712,281,
s319661506,p02791,u202550027,1579465281,C++,C++14 (GCC 5.4.1),cpp,Wrong Answer,20,1792,640,
s034048017,p02791,u287775083,1579465281,Python,Python (3.4.3),py,Time Limit Exceeded,2104,25768,422,
s934001392,p02791,u415400221,1579465279,Ruby,Ruby (2.3.3),rb,Time Limit Exceeded,2109,18692,259,
s762799676,p02791,u593081125,1579465279,C++,C++14 (GCC 5.4.1),cpp,Accepted,60,1792,1079,
s880193579,p02791,u552122040,1579465278,C++,C++14 (GCC 5.4.1),cpp,Accepted,63,1024,380,
s173740957,p02791,u679951803,1579465278,C,C (GCC 5.4.1),c,Accepted,22,896,737,
s911460770,p02791,u677600881,1579465276,C++,C++14 (GCC 5.4.1),cpp,Accepted,113,12032,802,
s712225205,p02791,u547728429,1579465274,Python,Python (3.4.3),py,Time Limit Exceeded,2104,24744,142,
s618867539,p02791,u958460645,1579465274,C++,C++14 (GCC 5.4.1),cpp,Runtime Error,99,256,346,
s426467407,p02791,u519655118,1579465273,C++,C++14 (GCC 5.4.1),cpp,Time Limit Exceeded,2103,1024,486,
s303886426,p02791,u086780113,1579465272,Java,Java8 (OpenJDK 1.8.0),java,Time Limit Exceeded,2109,64872,567,
s439368238,p02791,u314559067,1579465272,Java,Java8 (OpenJDK 1.8.0),java,Accepted,610,82972,889,
s591284463,p02791,u451012573,1579465271,Python,Python (3.4.3),py,Accepted,105,24744,183,
s271262400,p02791,u794910686,1579465271,Python,Python (3.4.3),py,Accepted,115,24744,181,
s870686936,p02791,u201246919,1579465271,Visual Basic,Visual Basic (Mono 4.0.1),vb,Time Limit Exceeded,2108,33116,1424,
s484286754,p02791,u881816188,1579465270,Python,Python (3.4.3),py,Time Limit Exceeded,2105,24744,219,
s804309427,p02791,u652275736,1579465270,Python,Python (3.4.3),py,Runtime Error,163,17940,144,
s315330777,p02791,u118789292,1579465269,C++,C++14 (GCC 5.4.1),cpp,Wrong Answer,77,256,177,
s903244875,p02791,u942160358,1579465268,C++,C++14 (GCC 5.4.1),cpp,Accepted,59,1024,626,
s151103534,p02791,u542474460,1579465267,C++,C++14 (GCC 5.4.1),cpp,Accepted,79,1024,677,
s293414903,p02791,u188486233,1579465267,C,C (GCC 5.4.1),c,Accepted,22,896,367,
s804845659,p02791,u967669872,1579465266,Go,Go (1.6),go,Accepted,39,3584,3843,
s054811427,p02791,u971096161,1579465265,Python,Python (3.4.3),py,Time Limit Exceeded,2109,35560,173,
s826081611,p02791,u286623856,1579465265,C++,C++14 (GCC 5.4.1),cpp,Time Limit Exceeded,2103,1024,1622,
s628213704,p02791,u200473040,1579465264,C++,C++14 (GCC 5.4.1),cpp,Wrong Answer,77,1024,245,
s917915425,p02791,u860790033,1579465264,Ruby,Ruby (2.3.3),rb,Time Limit Exceeded,2109,19332,134,
s564921362,p02791,u938051273,1579465264,Python,Python (3.4.3),py,Accepted,106,24744,171,
s614262964,p02791,u849739818,1579465264,C#,C# (Mono 4.6.2.0),cs,Accepted,114,34012,3024,
s817356831,p02791,u993658930,1579465263,C++,C++14 (GCC 5.4.1),cpp,Wrong Answer,1,256,334,
s745197472,p02791,u277312083,1579465263,Python,Python (3.4.3),py,Wrong Answer,150,24744,140,
s995894624,p02791,u017050982,1579465262,Python,Python (3.4.3),py,Wrong Answer,171,24616,204,
s024625791,p02791,u030642039,1579465261,C++,C++14 (GCC 5.4.1),cpp,Accepted,78,1024,217,
s393001123,p02791,u961135803,1579465259,C++,C++14 (GCC 5.4.1),cpp,Accepted,77,1024,393,
s539318487,p02791,u870915337,1579465258,C,C (GCC 5.4.1),c,Accepted,22,896,365,
s199766807,p02791,u852719059,1579465258,Python,Python (3.4.3),py,Time Limit Exceeded,2104,24744,186,
s565631643,p02791,u865119809,1579465258,Python,Python (3.4.3),py,Accepted,202,26012,217,
s404368969,p02791,u458429268,1579465258,Ruby,Ruby (2.3.3),rb,Accepted,100,15236,149,
s828654629,p02791,u469315559,1579465258,C++,C++14 (GCC 5.4.1),cpp,Runtime Error,132,256,376,
s294716961,p02791,u623953567,1579465258,Python,Python (3.4.3),py,Wrong Answer,178,24744,249,
s245986737,p02791,u189427183,1579465257,Python,Python (3.4.3),py,Time Limit Exceeded,2107,76688,156,
s214916769,p02791,u837070819,1579465256,C++,C++14 (GCC 5.4.1),cpp,Time Limit Exceeded,2103,1400,449,
s475721239,p02791,u166696759,1579465255,C++,C++14 (GCC 5.4.1),cpp,Accepted,19,1792,1437,
s793794081,p02791,u923659712,1579465253,Python,Python (3.4.3),py,Accepted,106,24744,121,
s953481868,p02791,u785155821,1579465253,C#,C# (Mono 4.6.2.0),cs,Time Limit Exceeded,2108,33116,1453,
s026514785,p02791,u405975963,1579465253,C++,C++14 (GCC 5.4.1),cpp,Wrong Answer,60,1024,377,
s243273277,p02791,u960531720,1579465252,Python,Python (3.4.3),py,Runtime Error,33,19336,254,
s122628193,p02791,u085053899,1579465252,C,C (GCC 5.4.1),c,Wrong Answer,2103,896,292,
s502721945,p02791,u432699428,1579465251,Python,Python (3.4.3),py,Time Limit Exceeded,2104,24744,403,
s424105185,p02791,u207097826,1579465251,Python,Python (3.4.3),py,Time Limit Exceeded,2104,24744,281,
s767170997,p02791,u509798570,1579465249,C#,C# (Mono 4.6.2.0),cs,Accepted,95,33116,994,
s958023481,p02791,u175846462,1579465249,Java,Java8 (OpenJDK 1.8.0),java,Wrong Answer,572,66748,329,
s747535497,p02791,u674491576,1579465249,C++,C++14 (GCC 5.4.1),cpp,Time Limit Exceeded,2103,2420,709,
s982293496,p02791,u072717685,1579465248,Python,Python (3.4.3),py,Accepted,90,17780,124,
s307144549,p02791,u618325650,1579465248,Java,Java8 (OpenJDK 1.8.0),java,Time Limit Exceeded,2109,85664,594,
s310993529,p02791,u233159251,1579465248,Python,Python (3.4.3),py,Accepted,131,24744,245,
s549311614,p02791,u375974699,1579465248,C#,C# (Mono 4.6.2.0),cs,Wrong Answer,115,31372,1966,
s329703548,p02791,u230621983,1579465246,Python,Python (3.4.3),py,Accepted,109,24744,151,
s182353209,p02791,u486466217,1579465246,Java,Java7 (OpenJDK 1.7.0),java,Time Limit Exceeded,2109,66116,612,
s771992537,p02791,u075689098,1579465245,C++,C++14 (GCC 5.4.1),cpp,Accepted,77,1024,607,
s688396798,p02791,u959225525,1579465245,Python,Python (3.4.3),py,Time Limit Exceeded,2104,25048,134,
s287044557,p02791,u387136983,1579465244,C++,C++14 (GCC 5.4.1),cpp,Accepted,18,1792,388,
s077157279,p02791,u652275736,1579465244,Python,Python (3.4.3),py,Runtime Error,312,17960,157,
s465948606,p02791,u149310865,1579465244,C++,C++14 (GCC 5.4.1),cpp,Accepted,60,1024,424,
s626997250,p02791,u412914586,1579465244,C++,C++14 (GCC 5.4.1),cpp,Wrong Answer,19,1024,1360,
s292798325,p02791,u521040115,1579465244,C++,C++14 (GCC 5.4.1),cpp,Time Limit Exceeded,2103,1792,447,
s369587885,p02791,u864888234,1579465243,C++,C++14 (GCC 5.4.1),cpp,Accepted,18,1792,343,
s141294086,p02791,u340781303,1579465243,Python,Python (3.4.3),py,Wrong Answer,126,25768,142,
s881107850,p02791,u419390395,1579465242,C++,C++14 (GCC 5.4.1),cpp,Wrong Answer,61,1024,1113,
s563571613,p02791,u288101512,1579465241,C++,C++14 (GCC 5.4.1),cpp,Accepted,62,1792,406,
s759806668,p02791,u332097983,1579465241,JavaScript,JavaScript (node.js v5.12),js,Time Limit Exceeded,2109,34980,354,
s880504311,p02791,u863190862,1579465241,C++,C++14 (GCC 5.4.1),cpp,Wrong Answer,77,1024,560,
s230925379,p02791,u334849051,1579465240,C++,C++ (GCC 5.4.1),cpp,Accepted,77,1024,268,
s246214748,p02791,u043443359,1579465240,C++,C++14 (GCC 5.4.1),cpp,Wrong Answer,59,256,6309,
s852890945,p02791,u455366471,1579465240,C++,C++14 (GCC 5.4.1),cpp,Accepted,62,1792,493,
s117908242,p02791,u231776587,1579465240,Python,Python (3.4.3),py,Accepted,108,24744,167,
s189753564,p02791,u153896700,1579465239,C++,C++14 (GCC 5.4.1),cpp,Accepted,18,1792,645,
s664812644,p02791,u480187631,1579465238,C++,C++14 (GCC 5.4.1),cpp,Accepted,61,2420,280,
s344572676,p02791,u973867069,1579465238,C++,C++14 (GCC 5.4.1),cpp,Time Limit Exceeded,2103,1400,527,
s842635279,p02791,u795976751,1579465237,C++,C++14 (GCC 5.4.1),cpp,Accepted,60,1400,522,
s356120590,p02791,u928784113,1579465237,Python,Python (3.4.3),py,Wrong Answer,107,27180,1841,
s452654034,p02791,u164161367,1579465237,Java,Java8 (OpenJDK 1.8.0),java,Accepted,596,64060,465,
s971282149,p02791,u748577909,1579465237,C++,C++14 (GCC 5.4.1),cpp,Accepted,60,1024,383,
s532758977,p02791,u032223772,1579465236,Perl,Perl6 (rakudo-star 2016.01),pl,Wrong Answer,2110,108368,42,
s433179054,p02791,u993949676,1579465235,C++,C++14 (GCC 5.4.1),cpp,Wrong Answer,19,1400,525,
s944663207,p02791,u290300767,1579465235,C++,C++14 (GCC 5.4.1),cpp,Wrong Answer,77,1024,6241,
s290310517,p02791,u627821211,1579465235,C++,C++14 (GCC 5.4.1),cpp,Time Limit Exceeded,2103,1024,360,
s065387384,p02791,u580844773,1579465234,C++,C++14 (GCC 5.4.1),cpp,Time Limit Exceeded,2103,1024,347,
s460249352,p02791,u558299650,1579465233,C++,C++14 (GCC 5.4.1),cpp,Accepted,19,1024,5638,
s776679494,p02791,u642892744,1579465233,Go,Go (1.6),go,Accepted,972,5120,337,
s896470459,p02791,u645502573,1579465233,C++,C++14 (GCC 5.4.1),cpp,Compile Error,,,231,
s293282501,p02791,u119167344,1579465232,C#,C# (Mono 4.6.2.0),cs,Time Limit Exceeded,2109,33668,757,
s901997047,p02791,u837286475,1579465231,Python,Python (3.4.3),py,Accepted,114,26516,244,
s993772314,p02791,u441213460,1579465231,C++,C++14 (GCC 5.4.1),cpp,Accepted,77,1024,311,
s774205375,p02791,u057996804,1579465229,Python,Python (3.4.3),py,Accepted,136,24744,331,
s700958615,p02791,u760256928,1579465229,Python,Python (3.4.3),py,Accepted,85,24744,255,
s814184246,p02791,u762476457,1579465228,C++,C++14 (GCC 5.4.1),cpp,Accepted,61,1024,281,
s255871564,p02791,u550708243,1579465228,Python,Python (3.4.3),py,Wrong Answer,122,25768,135,
s477314332,p02791,u635508156,1579465227,C,C (GCC 5.4.1),c,Time Limit Exceeded,2107,896,347,
s902197848,p02791,u617037231,1579465227,Python,Python (3.4.3),py,Time Limit Exceeded,2104,25768,274,
s795092630,p02791,u465246274,1579465227,Python,Python (3.4.3),py,Accepted,108,24744,174,
s712127741,p02791,u670898337,1579465227,C++,C++14 (GCC 5.4.1),cpp,Wrong Answer,88,1792,428,
s398478133,p02791,u905170328,1579465227,C++,C++14 (GCC 5.4.1),cpp,Accepted,79,1024,491,
s377829453,p02791,u910994303,1579465226,C++,C++14 (GCC 5.4.1),cpp,Wrong Answer,62,384,238,
s090408406,p02791,u070246438,1579465226,Python,Python (3.4.3),py,Time Limit Exceeded,2105,24744,223,
s461867789,p02791,u590927341,1579465225,C++,C++14 (GCC 5.4.1),cpp,Accepted,63,1024,1505,
s157312751,p02791,u075155299,1579465225,Python,Python (3.4.3),py,Accepted,108,24744,137,
s790539059,p02791,u575909439,1579465224,Java,Java8 (OpenJDK 1.8.0),java,Accepted,576,65388,438,
s100132858,p02791,u755801379,1579465224,Python,Python (3.4.3),py,Time Limit Exceeded,2104,24920,178,
s881680282,p02791,u750783400,1579465223,Python,PyPy3 (2.4.0),py,Accepted,243,75728,178,
s302499434,p02791,u945949346,1579465223,Haskell,Haskell (GHC 7.10.3),hs,Accepted,905,38268,229,
s635671871,p02791,u739259290,1579465222,Python,PyPy3 (2.4.0),py,Accepted,245,75600,261,
s751444368,p02791,u673058945,1579465222,C++,C++14 (GCC 5.4.1),cpp,Wrong Answer,79,256,332,
s868658102,p02791,u404290207,1579465222,Python,PyPy3 (2.4.0),py,Accepted,248,75472,202,
s820227812,p02791,u183284051,1579465222,Python,PyPy3 (2.4.0),py,Time Limit Exceeded,2108,76400,229,
s957947757,p02791,u784022244,1579465221,Python,PyPy3 (2.4.0),py,Time Limit Exceeded,2107,119292,266,
s644434726,p02791,u939979002,1579465221,C++,C++14 (GCC 5.4.1),cpp,Accepted,62,256,1598,
s483662435,p02791,u348051505,1579465220,C#,C# (Mono 4.6.2.0),cs,Accepted,95,31452,2870,
s385378182,p02791,u576927476,1579465220,C,C (GCC 5.4.1),c,Time Limit Exceeded,2103,896,367,
s739466834,p02791,u573082373,1579465220,C++,C++14 (GCC 5.4.1),cpp,Accepted,62,1024,252,
s593143468,p02791,u239917977,1579465220,Python,Python (3.4.3),py,Time Limit Exceeded,2108,24744,167,
s012315585,p02791,u708890186,1579465220,Python,Python (3.4.3),py,Time Limit Exceeded,2104,25768,123,
s253243793,p02791,u024191315,1579465219,C++,C++14 (GCC 5.4.1),cpp,Accepted,60,1024,361,
s811260752,p02791,u189427183,1579465219,Python,Python (3.4.3),py,Runtime Error,2107,81344,148,
s536010932,p02791,u357230322,1579465219,Python,Python (3.4.3),py,Time Limit Exceeded,2104,24744,114,
s549554057,p02791,u544021245,1579465219,C++,C++14 (GCC 5.4.1),cpp,Accepted,20,4992,3267,
s757027613,p02791,u740047492,1579465218,Python,Python (3.4.3),py,Runtime Error,197,24916,120,
s727067661,p02791,u982753571,1579465217,Rust,Rust (1.15.1),rs,Accepted,14,10492,530,
s475765920,p02791,u380501240,1579465217,C++,C++14 (GCC 5.4.1),cpp,Accepted,77,1024,317,
s431652149,p02791,u050801849,1579465216,C++,C++14 (GCC 5.4.1),cpp,Runtime Error,104,256,443,
s017152330,p02791,u756030237,1579465216,Python,Python (3.4.3),py,Time Limit Exceeded,2104,24744,162,
s129141664,p02791,u315483537,1579465216,C#,C# (Mono 4.6.2.0),cs,Accepted,112,35676,1267,
s031805981,p02791,u446261066,1579465215,Python,Python (3.4.3),py,Accepted,134,24744,147,
s026993296,p02791,u623759422,1579465214,C,C (GCC 5.4.1),c,Accepted,22,896,314,
s524768433,p02791,u018990794,1579465214,Python,Python (3.4.3),py,Time Limit Exceeded,2104,24744,182,
s783686874,p02791,u252733270,1579465213,C,C (GCC 5.4.1),c,Time Limit Exceeded,2103,512,426,
s352938775,p02791,u225813693,1579465213,C++,C++14 (GCC 5.4.1),cpp,Accepted,78,1024,271,
s816484276,p02791,u049930986,1579465213,Java,Java8 (OpenJDK 1.8.0),java,Accepted,580,84732,469,
s665804244,p02791,u527616458,1579465212,Python,Python (3.4.3),py,Time Limit Exceeded,2105,24744,183,
s275549905,p02791,u456671315,1579465212,C++,C++14 (GCC 5.4.1),cpp,Accepted,79,5120,1585,
s094151914,p02791,u030314915,1579465212,Python,Python (3.4.3),py,Accepted,114,24744,169,
s178566503,p02791,u027208253,1579465212,C++,C++14 (GCC 5.4.1),cpp,Time Limit Exceeded,2103,1024,377,
s945945896,p02791,u906062990,1579465212,C++,C++14 (GCC 5.4.1),cpp,Accepted,79,1024,693,
s677492650,p02791,u210398438,1579465211,C++,C++14 (GCC 5.4.1),cpp,Accepted,60,1024,334,
s032521462,p02791,u753736100,1579465209,C++,C++14 (GCC 5.4.1),cpp,Wrong Answer,2103,3328,1426,
s443675250,p02791,u589457506,1579465207,C++,C++14 (Clang 3.8.0),cpp,Time Limit Exceeded,2103,1152,403,
s907835265,p02791,u184219731,1579465207,C++,C++ (GCC 5.4.1),cpp,Wrong Answer,79,256,220,
s192071774,p02791,u644224332,1579465207,Python,Python (3.4.3),py,Accepted,90,24744,241,
s873847399,p02791,u426331823,1579465207,C++,C++14 (GCC 5.4.1),cpp,Wrong Answer,61,1024,282,
s096742439,p02791,u162326103,1579465206,Go,Go (1.6),go,Accepted,957,4992,359,
s148645547,p02791,u663116078,1579465206,Go,Go (1.6),go,Accepted,39,2048,2236,
s686176530,p02791,u066538689,1579465205,C++,C++14 (GCC 5.4.1),cpp,Time Limit Exceeded,2103,1024,358,
s758794671,p02791,u318024671,1579465205,Python,Python (3.4.3),py,Time Limit Exceeded,2104,24744,320,
s884511959,p02791,u212337365,1579465205,C++,C++14 (GCC 5.4.1),cpp,Compile Error,,,370,
s760222646,p02791,u985080627,1579465205,C++,C++14 (GCC 5.4.1),cpp,Time Limit Exceeded,2103,2168,1581,
s382225983,p02791,u039355749,1579465204,Python,Python (3.4.3),py,Time Limit Exceeded,2104,24744,136,
s866488605,p02791,u185935459,1579465204,C++,C++14 (GCC 5.4.1),cpp,Time Limit Exceeded,2103,1024,562,
s278236654,p02791,u892002048,1579465204,C++,C++14 (GCC 5.4.1),cpp,Wrong Answer,65,15872,290,
s328889251,p02791,u729294108,1579465204,Python,Python (3.4.3),py,Accepted,185,24744,262,
s316596864,p02791,u399527088,1579465203,C++,C++14 (GCC 5.4.1),cpp,Accepted,59,256,278,
s936807579,p02791,u744115306,1579465203,Python,Python (3.4.3),py,Time Limit Exceeded,2105,19512,300,
s514869531,p02791,u188486233,1579465203,C,C (GCC 5.4.1),c,Wrong Answer,22,896,367,
s223717007,p02791,u777394984,1579465202,Python,Python (3.4.3),py,Runtime Error,113,24744,192,
s711394539,p02791,u413963198,1579465202,C++,C++14 (GCC 5.4.1),cpp,Time Limit Exceeded,2103,1024,387,
s730017985,p02791,u129414147,1579465202,C++,C++14 (GCC 5.4.1),cpp,Wrong Answer,2103,256,759,
s767541418,p02791,u433048345,1579465201,C++,C++14 (GCC 5.4.1),cpp,Wrong Answer,2103,384,501,
s190903847,p02791,u091026689,1579465201,C++,C++14 (GCC 5.4.1),cpp,Accepted,63,1024,413,
s540999573,p02791,u758671789,1579465201,C,C (Clang 3.8.0),c,Time Limit Exceeded,2103,896,335,
s994268385,p02791,u066278022,1579465200,C++,C++14 (GCC 5.4.1),cpp,Wrong Answer,79,1024,245,
s129903829,p02791,u870915337,1579465200,C,C (GCC 5.4.1),c,Runtime Error,102,256,360,
s793089483,p02791,u224993839,1579465199,C++,C++14 (GCC 5.4.1),cpp,Time Limit Exceeded,2103,1024,363,
s576254312,p02791,u317486948,1579465199,C++,C++14 (GCC 5.4.1),cpp,Time Limit Exceeded,2103,1024,290,
s205208228,p02791,u600118696,1579465197,C++,C++14 (GCC 5.4.1),cpp,Accepted,80,1024,391,
s669274878,p02791,u343998185,1579465197,C++,C++14 (GCC 5.4.1),cpp,Accepted,79,256,220,
s398017656,p02791,u155436760,1579465197,C++,C++14 (GCC 5.4.1),cpp,Accepted,63,1024,285,
s775004334,p02791,u045368371,1579465197,C++,C++14 (GCC 5.4.1),cpp,Accepted,60,1024,663,
s803015313,p02791,u923152767,1579465196,C++,C++14 (GCC 5.4.1),cpp,Accepted,19,1792,484,
s965626665,p02791,u006949180,1579465196,C++,C++14 (GCC 5.4.1),cpp,Time Limit Exceeded,2103,1024,438,
s791622848,p02791,u200527996,1579465196,Python,Python (3.4.3),py,Wrong Answer,111,24744,150,
s922876426,p02791,u704629282,1579465196,C++,C++14 (GCC 5.4.1),cpp,Runtime Error,107,640,393,
s941614935,p02791,u033720817,1579465196,C++,C++14 (GCC 5.4.1),cpp,Wrong Answer,78,384,309,
s670618663,p02791,u866325115,1579465195,Ruby,Ruby (2.3.3),rb,Accepted,98,15236,183,
s546336563,p02791,u288500098,1579465194,C++,C++ (GCC 5.4.1),cpp,Wrong Answer,2103,1024,556,
s348533687,p02791,u606393507,1579465193,Python,PyPy3 (2.4.0),py,Time Limit Exceeded,2107,71900,420,
s945763217,p02791,u779655095,1579465192,C,C (GCC 5.4.1),c,Time Limit Exceeded,2103,896,324,
s845084029,p02791,u663279581,1579465192,C++,C++14 (GCC 5.4.1),cpp,Accepted,20,128,231,
s643011538,p02791,u932319885,1579465190,C++,C++14 (GCC 5.4.1),cpp,Time Limit Exceeded,2103,1024,715,
s483157435,p02791,u094103573,1579465189,Python,Python (3.4.3),py,Accepted,91,24744,280,
s521222616,p02791,u433852402,1579465189,C++,C++14 (GCC 5.4.1),cpp,Time Limit Exceeded,2103,1024,650,
s590140762,p02791,u159548042,1579465189,C++,C++14 (GCC 5.4.1),cpp,Time Limit Exceeded,2103,1024,663,
s417688834,p02791,u452900140,1579465188,Go,Go (1.6),go,Accepted,40,3712,1460,
s685744702,p02791,u613765770,1579465187,C++,C++14 (GCC 5.4.1),cpp,Time Limit Exceeded,2103,2048,1136,
s629151858,p02791,u481242983,1579465187,C++,C++14 (GCC 5.4.1),cpp,Accepted,18,1792,536,
s115877421,p02791,u583455650,1579465187,Python,Python (3.4.3),py,Time Limit Exceeded,2104,24744,230,
s469881447,p02791,u995323427,1579465187,Python,Python (3.4.3),py,Wrong Answer,93,26012,161,
s464157230,p02791,u458311335,1579465187,C,C (GCC 5.4.1),c,Accepted,22,128,317,
s965811428,p02791,u358689692,1579465187,C++,C++14 (GCC 5.4.1),cpp,Accepted,18,1024,373,
s037895633,p02791,u343977188,1579465186,Python,Python (3.4.3),py,Accepted,90,24744,124,
s036301483,p02791,u557494880,1579465186,Python,Python (3.4.3),py,Accepted,118,24744,165,
s833006874,p02791,u671211357,1579465186,Python,Python (3.4.3),py,Time Limit Exceeded,2104,24744,135,
s740146997,p02791,u153607901,1579465184,C++,C++14 (GCC 5.4.1),cpp,Wrong Answer,371,3072,772,
s012668502,p02791,u977661421,1579465184,Python,PyPy3 (2.4.0),py,Time Limit Exceeded,2108,78048,233,
s459029700,p02791,u191476275,1579465184,C++,C++14 (GCC 5.4.1),cpp,Wrong Answer,82,1024,1718,
s598655699,p02791,u704373596,1579465183,Java,Java8 (OpenJDK 1.8.0),java,Accepted,597,66864,543,
s144967939,p02791,u382189652,1579465182,C++,C++14 (GCC 5.4.1),cpp,Runtime Error,2103,640,294,
s184130038,p02791,u938766060,1579465181,C++,C++14 (GCC 5.4.1),cpp,Accepted,18,1792,911,
s032678725,p02791,u531523517,1579465181,C++,C++14 (GCC 5.4.1),cpp,Accepted,63,1152,408,
s909018992,p02791,u970197315,1579465181,Python,Python (3.4.3),py,Time Limit Exceeded,2104,25348,317,
s209148468,p02791,u341926204,1579465180,Python,PyPy3 (2.4.0),py,Accepted,252,75472,152,
s702658092,p02791,u910994303,1579465180,C++,C++14 (GCC 5.4.1),cpp,Wrong Answer,59,256,237,
s236151996,p02791,u763475246,1579465180,C,C (GCC 5.4.1),c,Runtime Error,104,384,1033,
s399310391,p02791,u082512804,1579465179,Java,Java8 (OpenJDK 1.8.0),java,Accepted,562,86448,509,
s919305640,p02791,u149915253,1579465179,C++,C++14 (GCC 5.4.1),cpp,Accepted,18,1792,467,
s752989758,p02791,u702786238,1579465178,Python,Python (3.4.3),py,Accepted,108,24744,166,
s729775267,p02791,u272166576,1579465177,C++,C++14 (GCC 5.4.1),cpp,Time Limit Exceeded,2103,1024,548,
s384330380,p02791,u118050510,1579465177,C++,C++14 (GCC 5.4.1),cpp,Accepted,64,1400,457,
s769265001,p02791,u732332220,1579465177,C++,C++14 (GCC 5.4.1),cpp,Wrong Answer,63,1024,308,
s159938364,p02791,u531790559,1579465176,C++,C++14 (GCC 5.4.1),cpp,Accepted,60,1024,307,
s238520544,p02791,u740047492,1579465175,Python,Python (3.4.3),py,Runtime Error,178,24872,120,
s032450296,p02791,u017050982,1579465175,Python,Python (3.4.3),py,Wrong Answer,159,24616,204,
s147322956,p02791,u391667116,1579465175,C,C (GCC 5.4.1),c,Wrong Answer,2103,1664,1142,
s889115845,p02791,u457644358,1579465174,C++,C++14 (GCC 5.4.1),cpp,Accepted,76,256,297,
s534906795,p02791,u900303768,1579465173,Python,Python (3.4.3),py,Wrong Answer,169,24744,259,
s912421075,p02791,u225652029,1579465172,C++,C++14 (GCC 5.4.1),cpp,Accepted,77,256,260,
s932521925,p02791,u802237789,1579465172,C++,C++14 (GCC 5.4.1),cpp,Accepted,18,256,3470,
s283841139,p02791,u889915625,1579465171,C++,C++14 (GCC 5.4.1),cpp,Accepted,64,1792,819,
s128560051,p02791,u239342230,1579465171,Python,Python (3.4.3),py,Accepted,153,24744,143,
s565423980,p02791,u164873417,1579465170,Python,Python (3.4.3),py,Time Limit Exceeded,2104,24744,265,
s633915925,p02791,u617987447,1579465170,C++,C++14 (GCC 5.4.1),cpp,Accepted,22,1024,434,
s165671403,p02791,u705857261,1579465169,Python,Python (3.4.3),py,Wrong Answer,2104,24744,253,
s292888184,p02791,u383713431,1579465169,Python,PyPy3 (2.4.0),py,Time Limit Exceeded,2107,77392,229,
s002495993,p02791,u982591663,1579465169,Python,Python (3.4.3),py,Time Limit Exceeded,2109,34116,206,
s521415087,p02791,u206522261,1579465168,C++,C++14 (GCC 5.4.1),cpp,Accepted,76,256,431,
s153502776,p02791,u054473438,1579465168,Python,Python (3.4.3),py,Accepted,114,24744,156,
s506527567,p02791,u258907785,1579465168,C++,C++14 (GCC 5.4.1),cpp,Time Limit Exceeded,2103,1908,614,
s055221890,p02791,u822064637,1579465168,C#,C# (Mono 4.6.2.0),cs,Accepted,106,31580,660,
s707873828,p02791,u407891541,1579465168,Python,Python (3.4.3),py,Time Limit Exceeded,2109,31384,286,
s979677016,p02791,u360626379,1579465166,C#,C# (Mono 4.6.2.0),cs,Time Limit Exceeded,2109,33372,749,
s171841837,p02791,u068177169,1579465166,Go,Go (1.6),go,Wrong Answer,942,6784,242,
s729749361,p02791,u833492079,1579465166,Python,Python (3.4.3),py,Accepted,113,24744,402,
s738693770,p02791,u411353821,1579465166,Python,Python (3.4.3),py,Accepted,108,24956,190,
s406449530,p02791,u906157186,1579465166,C,C (GCC 5.4.1),c,Time Limit Exceeded,2103,896,402,
s424954179,p02791,u159723084,1579465165,Python,Python (3.4.3),py,Wrong Answer,204,16916,229,
s833801052,p02791,u181373044,1579465165,C++,C++14 (GCC 5.4.1),cpp,Accepted,78,1024,320,
s034899514,p02791,u188745744,1579465164,Python,Python (3.4.3),py,Accepted,108,24744,183,
s765944265,p02791,u674736819,1579465164,Python,Python (3.4.3),py,Time Limit Exceeded,2104,24744,227,
s315029624,p02791,u287431190,1579465164,C++,C++14 (GCC 5.4.1),cpp,Time Limit Exceeded,2103,1024,348,
s141965366,p02791,u655683235,1579465163,C++,C++14 (GCC 5.4.1),cpp,Accepted,76,256,264,
s873818324,p02791,u383551754,1579465162,C++,C++14 (GCC 5.4.1),cpp,Accepted,61,1152,321,
s768149346,p02791,u657913472,1579465162,Awk,Awk (mawk 1.3.3),awk,Accepted,72,384,37,
s314554575,p02791,u045289115,1579465161,C++,C++14 (GCC 5.4.1),cpp,Time Limit Exceeded,2103,1024,340,
s146908271,p02791,u628597699,1579465161,C++,C++14 (GCC 5.4.1),cpp,Accepted,76,256,458,
s841643168,p02791,u130860911,1579465160,Python,Python (3.4.3),py,Accepted,134,24744,168,
s127858618,p02791,u457460736,1579465160,C++,C++14 (GCC 5.4.1),cpp,Accepted,19,3456,1291,
s806855175,p02791,u481134321,1579465160,C++,C++14 (GCC 5.4.1),cpp,Wrong Answer,77,1024,365,
s133451225,p02791,u709752172,1579465158,C++,C++14 (GCC 5.4.1),cpp,Time Limit Exceeded,2103,1024,320,
s931936797,p02791,u227426199,1579465158,C++,C++14 (GCC 5.4.1),cpp,Time Limit Exceeded,2103,1024,418,
s536422312,p02791,u830366840,1579465158,C++,C++14 (GCC 5.4.1),cpp,Time Limit Exceeded,2107,2420,517,
s826629619,p02791,u673355070,1579465158,C++,C++14 (GCC 5.4.1),cpp,Time Limit Exceeded,2103,3440,909,
s265240895,p02791,u972652761,1579465157,Python,Python (3.4.3),py,Time Limit Exceeded,2104,24744,247,
s069329660,p02791,u228372657,1579465156,C#,C# (Mono 4.6.2.0),cs,Accepted,109,32196,512,
s897170614,p02791,u532306617,1579465156,C#,C# (Mono 4.6.2.0),cs,Accepted,154,36828,1018,
s548064264,p02791,u818219039,1579465156,C++,C++14 (GCC 5.4.1),cpp,Time Limit Exceeded,2103,1024,574,
s414053543,p02791,u527977536,1579465155,Python,Python (3.4.3),py,Time Limit Exceeded,2109,34120,187,
s623864921,p02791,u414338455,1579465155,Java,Java8 (OpenJDK 1.8.0),java,Wrong Answer,2109,65232,604,
s934392607,p02791,u635070303,1579465154,Python,PyPy3 (2.4.0),py,Time Limit Exceeded,2108,77520,249,
s410587685,p02791,u745386505,1579465154,C++,C++14 (GCC 5.4.1),cpp,Time Limit Exceeded,2103,1024,615,
s696501726,p02791,u520276780,1579465153,Python,PyPy3 (2.4.0),py,Accepted,258,75472,180,
s166757358,p02791,u137938820,1579465153,Java,Java8 (OpenJDK 1.8.0),java,Wrong Answer,547,66140,370,
s997917045,p02791,u074488832,1579465152,C++,C++14 (GCC 5.4.1),cpp,Wrong Answer,63,1024,313,
s036921813,p02791,u947549244,1579465152,C,C (GCC 5.4.1),c,Accepted,22,896,340,
s361323979,p02791,u562166164,1579465152,Python,Python (3.4.3),py,Accepted,160,26012,252,
s717750487,p02791,u664253470,1579465151,C,C (GCC 5.4.1),c,Accepted,22,896,324,
s359135718,p02791,u515118747,1579465150,Java,Java8 (OpenJDK 1.8.0),java,Accepted,108,26284,5208,
s940470012,p02791,u108440141,1579465150,C++,C++14 (GCC 5.4.1),cpp,Accepted,76,256,173,
s490420161,p02791,u739431958,1579465150,C++,C++14 (GCC 5.4.1),cpp,Accepted,84,1792,676,
s460614645,p02791,u404244809,1579465150,C++,C++14 (GCC 5.4.1),cpp,Accepted,20,1792,1015,
s459384696,p02791,u364061715,1579465149,Python,Python (3.4.3),py,Time Limit Exceeded,2104,24744,246,
s403855278,p02791,u132360211,1579465149,Ruby,Ruby (2.3.3),rb,Accepted,183,20868,179,
s499180118,p02791,u292617411,1579465149,C++,C++14 (GCC 5.4.1),cpp,Accepted,76,256,441,
s049817296,p02791,u980869590,1579465148,C++,C++14 (GCC 5.4.1),cpp,Time Limit Exceeded,2103,1024,771,
s497103434,p02791,u548778623,1579465147,C++,C++14 (GCC 5.4.1),cpp,Time Limit Exceeded,2103,1792,396,
s276896757,p02791,u124686284,1579465147,C#,C# (Mono 4.6.2.0),cs,Accepted,98,29404,16955,
s494500565,p02791,u608585697,1579465146,Python,Python (3.4.3),py,Time Limit Exceeded,2105,25896,338,
s516091907,p02791,u845977087,1579465145,C++,C++14 (GCC 5.4.1),cpp,Accepted,18,1024,1884,
s352374509,p02791,u107079438,1579465144,C++,C++14 (GCC 5.4.1),cpp,Accepted,76,256,279,
s578578228,p02791,u685629265,1579465144,C,C (GCC 5.4.1),c,Time Limit Exceeded,2103,896,428,
s822553754,p02791,u109497000,1579465144,C++,C++14 (GCC 5.4.1),cpp,Accepted,61,1024,331,
s732515880,p02791,u466671756,1579465144,Rust,Rust (1.15.1),rs,Accepted,15,10492,761,
s157487714,p02791,u762275701,1579465143,Python,Python (3.4.3),py,Accepted,94,24744,171,
s875546539,p02791,u656731444,1579465143,C++,C++14 (GCC 5.4.1),cpp,Time Limit Exceeded,2103,1024,489,
s027635291,p02791,u325942975,1579465142,Java,Java8 (OpenJDK 1.8.0),java,Accepted,620,85960,429,
s891018953,p02791,u772495372,1579465141,C++,C++14 (GCC 5.4.1),cpp,Accepted,20,1400,726,
s499365276,p02791,u941578525,1579465140,C++,C++14 (GCC 5.4.1),cpp,Wrong Answer,2103,1792,4595,
s299629787,p02791,u254050469,1579465140,Python,Python (3.4.3),py,Time Limit Exceeded,2104,24744,141,
s319289132,p02791,u647974562,1579465140,C++,C++14 (GCC 5.4.1),cpp,Accepted,77,1024,361,
s384112707,p02791,u301087276,1579465137,Go,Go (1.6),go,Time Limit Exceeded,2108,6528,501,
s144099438,p02791,u785208802,1579465137,C++,C++14 (GCC 5.4.1),cpp,Accepted,77,256,208,
s906319334,p02791,u273010357,1579465137,Python,Python (3.4.3),py,Time Limit Exceeded,2104,24872,152,
s025675655,p02791,u504553345,1579465135,C++,C++14 (GCC 5.4.1),cpp,Accepted,78,256,237,
s457167503,p02791,u348051505,1579465135,C#,C# (Mono 4.6.2.0),cs,Wrong Answer,95,33116,2868,
s524593671,p02791,u680968127,1579465135,C++,C++14 (GCC 5.4.1),cpp,Accepted,22,1664,477,
s876232857,p02791,u756420602,1579465134,C++,C++14 (GCC 5.4.1),cpp,Accepted,18,1792,1066,
s764821528,p02791,u103686642,1579465133,C++,C++14 (GCC 5.4.1),cpp,Accepted,82,256,694,
s311773405,p02791,u464957469,1579465133,C++,C++14 (GCC 5.4.1),cpp,Accepted,62,1024,267,
s003194104,p02791,u798579567,1579465132,Python,PyPy3 (2.4.0),py,Time Limit Exceeded,2108,77420,234,
s240701009,p02791,u340011366,1579465132,C++,C++14 (GCC 5.4.1),cpp,Accepted,19,1024,1386,
s834353024,p02791,u786318703,1579465132,C++,C++14 (GCC 5.4.1),cpp,Accepted,59,1792,2973,
s205706510,p02791,u202570162,1579465129,Python,Python (3.4.3),py,Wrong Answer,177,25768,296,
s008747599,p02791,u067147461,1579465129,C++,C++14 (GCC 5.4.1),cpp,Accepted,60,1400,301,
s246724636,p02791,u863190862,1579465129,C++,C++14 (GCC 5.4.1),cpp,Wrong Answer,77,1024,561,
s354392900,p02791,u313578168,1579465129,C++,C++14 (GCC 5.4.1),cpp,Accepted,59,384,354,
s982143158,p02791,u476833465,1579465129,C++,C++14 (GCC 5.4.1),cpp,Accepted,67,1024,376,
s896714300,p02791,u212337365,1579465128,C++,C++14 (GCC 5.4.1),cpp,Compile Error,,,370,
s530904504,p02791,u652583512,1579465128,Python,Python (3.4.3),py,Accepted,114,25768,169,
s870138680,p02791,u917789482,1579465128,C++,C++14 (Clang 3.8.0),cpp,Accepted,169,1024,1039,
s642115219,p02791,u683769494,1579465127,C++,C++14 (GCC 5.4.1),cpp,Wrong Answer,30,3704,1376,
s666087882,p02791,u616461826,1579465127,C++,C++14 (GCC 5.4.1),cpp,Accepted,60,1024,354,
s434307146,p02791,u477915050,1579465126,Python,Python (3.4.3),py,Accepted,119,24744,142,
s857014016,p02791,u964944000,1579465126,C++,C++14 (GCC 5.4.1),cpp,Time Limit Exceeded,2103,1792,271,
s654699594,p02791,u352228045,1579465126,C++,C++14 (GCC 5.4.1),cpp,Accepted,77,1024,336,
s971615045,p02791,u422272120,1579465125,Python,Python (3.4.3),py,Time Limit Exceeded,2104,24744,240,
s984435340,p02791,u692531611,1579465125,C,C (GCC 5.4.1),c,Accepted,22,896,378,
s874039807,p02791,u945901686,1579465124,JavaScript,JavaScript (node.js v5.12),js,Time Limit Exceeded,2109,22328,756,
s003349409,p02791,u456910011,1579465123,C++,C++14 (GCC 5.4.1),cpp,Accepted,18,1792,1201,
s861145382,p02791,u374501720,1579465123,Python,Python (3.4.3),py,Time Limit Exceeded,2104,24744,202,
s988285547,p02791,u608493167,1579465123,Python,Python (3.4.3),py,Accepted,107,24744,145,
s448154471,p02791,u091026689,1579465123,C++,C++14 (GCC 5.4.1),cpp,Wrong Answer,63,1024,411,
s648608622,p02791,u214561383,1579465123,Python,Python (3.4.3),py,Accepted,108,24744,192,
s129969925,p02791,u063073794,1579465123,Python,PyPy3 (2.4.0),py,Accepted,259,75472,162,
s021614122,p02791,u232873434,1579465122,Python,Python (3.4.3),py,Wrong Answer,2104,18852,281,
s804267525,p02791,u879081367,1579465120,C++,C++14 (GCC 5.4.1),cpp,Accepted,20,128,220,
s961950006,p02791,u196176785,1579465119,C++,C++14 (GCC 5.4.1),cpp,Compile Error,,,663,
s278285954,p02791,u636157062,1579465119,Python,Python (3.4.3),py,Wrong Answer,116,25768,150,
s906037820,p02791,u575101291,1579465119,Python,Python (3.4.3),py,Wrong Answer,103,19368,166,
s206927949,p02791,u071513718,1579465117,Python,Python (3.4.3),py,Accepted,164,24744,230,
s295282803,p02791,u469117586,1579465117,C++,C++14 (GCC 5.4.1),cpp,Compile Error,,,153,
s866601578,p02791,u009885900,1579465117,Python,Python (3.4.3),py,Accepted,90,24744,157,
s804227666,p02791,u564060397,1579465117,C++,C++14 (GCC 5.4.1),cpp,Time Limit Exceeded,2103,1024,342,
s847963478,p02791,u798665594,1579465115,C++,C++14 (GCC 5.4.1),cpp,Accepted,77,1400,363,
s408596078,p02791,u411557858,1579465115,C++,C++14 (GCC 5.4.1),cpp,Accepted,61,1024,294,
s366979798,p02791,u305744669,1579465115,C#,C# (Mono 4.6.2.0),cs,Time Limit Exceeded,2109,35548,491,
s031740161,p02791,u950411977,1579465114,C++,C++14 (GCC 5.4.1),cpp,Wrong Answer,79,1024,306,
s998383020,p02791,u994990507,1579465114,C++,C++14 (GCC 5.4.1),cpp,Time Limit Exceeded,2104,26368,3482,
s977102106,p02791,u525350746,1579465114,C,C (GCC 5.4.1),c,Runtime Error,239,256,317,
s129248022,p02791,u159757108,1579465113,C++,C++14 (GCC 5.4.1),cpp,Accepted,76,256,408,
s264852444,p02791,u206522261,1579465113,C++,C++14 (GCC 5.4.1),cpp,Compile Error,,,430,
s786687626,p02791,u720447689,1579465112,C++,C++14 (GCC 5.4.1),cpp,Accepted,60,1024,648,
s655347229,p02791,u972652761,1579465112,Python,Python (3.4.3),py,Runtime Error,17,2940,243,
s615184618,p02791,u682814923,1579465112,C,C (GCC 5.4.1),c,Time Limit Exceeded,2103,896,372,
s148053683,p02791,u929520616,1579465112,Python,Python (3.4.3),py,Wrong Answer,131,25768,183,
s665047136,p02791,u644516473,1579465111,Python,Python (3.4.3),py,Time Limit Exceeded,2104,24744,325,
s192310197,p02791,u050801849,1579465111,Python,Python (3.4.3),py,Runtime Error,17,2940,443,
s640163387,p02791,u309141201,1579465111,Python,Python (3.4.3),py,Wrong Answer,104,24744,141,
s235292309,p02791,u936529286,1579465111,C++,C++14 (GCC 5.4.1),cpp,Accepted,18,256,751,
s205696616,p02791,u040016087,1579465111,Python,Python (3.4.3),py,Time Limit Exceeded,2104,26140,284,
s634106065,p02791,u791137689,1579465111,C++,C++14 (GCC 5.4.1),cpp,Accepted,78,1024,468,
s302297252,p02791,u417563928,1579465110,C++,C++14 (GCC 5.4.1),cpp,Accepted,77,1024,312,
s745546844,p02791,u214547877,1579465110,C++,C++14 (GCC 5.4.1),cpp,Accepted,21,1792,483,
s178474651,p02791,u885511572,1579465110,C++,C++14 (GCC 5.4.1),cpp,Accepted,78,256,432,
s005583119,p02791,u823044869,1579465110,Python,Python (3.4.3),py,Accepted,125,24744,214,
s070066010,p02791,u377939315,1579465110,C++,C++14 (GCC 5.4.1),cpp,Time Limit Exceeded,2103,1024,1026,
s041313893,p02791,u265679940,1579465109,Ruby,Ruby (2.3.3),rb,Time Limit Exceeded,2109,19844,153,
s098007141,p02791,u501353836,1579465109,C++,C++ (GCC 5.4.1),cpp,Time Limit Exceeded,2103,1792,581,
s465959319,p02791,u266250594,1579465109,Java,Java8 (OpenJDK 1.8.0),java,Accepted,477,48424,400,
s738124738,p02791,u567406270,1579465108,C++,C++14 (GCC 5.4.1),cpp,Time Limit Exceeded,2103,1280,1147,
s148389998,p02791,u516210981,1579465108,Rust,Rust (1.15.1),rs,Accepted,15,10492,2189,
s538333277,p02791,u772588522,1579465108,Python,Python (3.4.3),py,Accepted,97,25768,223,
s057333872,p02791,u759509597,1579465108,C++,C++14 (GCC 5.4.1),cpp,Accepted,34,3328,1112,
s952468918,p02791,u755801379,1579465107,Python,Python (3.4.3),py,Time Limit Exceeded,2104,24744,178,
s560132398,p02791,u923112423,1579465107,Java,Java8 (OpenJDK 1.8.0),java,Wrong Answer,577,70992,2416,
s635459210,p02791,u049892106,1579465107,C++,C++14 (GCC 5.4.1),cpp,Time Limit Exceeded,2103,1792,626,
s148719759,p02791,u585230981,1579465106,C++,C++14 (GCC 5.4.1),cpp,Accepted,77,1024,894,
s652042968,p02791,u836743234,1579465106,C++,C++14 (GCC 5.4.1),cpp,Accepted,76,1024,440,
s663717933,p02791,u204158532,1579465105,C++,C++14 (GCC 5.4.1),cpp,Accepted,79,1024,222,
s970055315,p02791,u482553257,1579465103,Java,Java8 (OpenJDK 1.8.0),java,Accepted,570,66880,640,
s971285764,p02791,u043125923,1579465103,C++,C++14 (GCC 5.4.1),cpp,Accepted,59,1792,439,
s237731385,p02791,u656929062,1579465103,C++,C++14 (GCC 5.4.1),cpp,Accepted,66,1024,889,
s057574913,p02791,u000893497,1579465102,C++,C++14 (GCC 5.4.1),cpp,Accepted,72,1024,331,
s893907444,p02791,u520276780,1579465102,Python,PyPy3 (2.4.0),py,Wrong Answer,274,77412,180,
s416490139,p02791,u460737328,1579465102,Python,Python (3.4.3),py,Accepted,269,25716,338,
s606176647,p02791,u853010060,1579465102,Python,Python (3.4.3),py,Accepted,182,25768,217,
s240978898,p02791,u711620077,1579465102,Java,Java8 (OpenJDK 1.8.0),java,Time Limit Exceeded,2109,65092,604,
s282939888,p02791,u137938820,1579465101,Java,Java8 (OpenJDK 1.8.0),java,Wrong Answer,592,65472,370,
s593332284,p02791,u286539644,1579465101,C++,C++14 (GCC 5.4.1),cpp,Wrong Answer,60,1152,275,
s175252047,p02791,u032865047,1579465101,C++,C++14 (Clang 3.8.0),cpp,Accepted,23,2688,361,
s052623597,p02791,u088552457,1579465099,Python,Python (3.4.3),py,Time Limit Exceeded,2104,24872,155,
s159422543,p02791,u789673251,1579465099,C++,C++14 (GCC 5.4.1),cpp,Time Limit Exceeded,2103,1024,366,
s213786341,p02791,u409306788,1579465097,C#,C# (Mono 4.6.2.0),cs,Wrong Answer,112,34012,767,
s222711320,p02791,u455067221,1579465097,C++,C++14 (GCC 5.4.1),cpp,Accepted,63,1152,950,
s107597905,p02791,u991462056,1579465097,C++,C++14 (GCC 5.4.1),cpp,Accepted,62,1792,266,
s742972907,p02791,u327687161,1579465097,C++,C++14 (Clang 3.8.0),cpp,Time Limit Exceeded,2103,1024,687,
s423091953,p02791,u907566687,1579465096,C++,C++14 (GCC 5.4.1),cpp,Time Limit Exceeded,2103,896,445,
s550218207,p02791,u726551055,1579465096,C#,C# (Mono 4.6.2.0),cs,Accepted,109,33628,669,
s078177596,p02791,u785155821,1579465095,C#,C# (Mono 4.6.2.0),cs,Time Limit Exceeded,2109,31068,1428,
s881243338,p02791,u552122040,1579465095,C++,C++14 (GCC 5.4.1),cpp,Wrong Answer,64,1152,380,
s356292846,p02791,u438313904,1579465094,C++,C++14 (GCC 5.4.1),cpp,Accepted,67,1024,317,
s418225519,p02791,u662613022,1579465094,Python,Python (3.4.3),py,Time Limit Exceeded,2104,24744,190,
s284352028,p02791,u265171101,1579465094,C++,C++14 (GCC 5.4.1),cpp,Time Limit Exceeded,2103,1024,347,
s791900570,p02791,u254066052,1579465092,Python,Python (3.4.3),py,Wrong Answer,135,25768,280,
s010858543,p02791,u811436126,1579465092,Python,Python (3.4.3),py,Accepted,113,24744,168,
s633378428,p02791,u887675488,1579465091,C++,C++14 (GCC 5.4.1),cpp,Accepted,21,1024,1643,
s964159619,p02791,u952669998,1579465090,Python,PyPy3 (2.4.0),py,Time Limit Exceeded,2107,75472,180,
s922367462,p02791,u440312135,1579465089,C++,C++14 (GCC 5.4.1),cpp,Accepted,61,1024,571,
s930344030,p02791,u462639463,1579465087,C++,C++14 (GCC 5.4.1),cpp,Accepted,67,1024,372,
s988407638,p02791,u708618797,1579465086,C++,C++14 (GCC 5.4.1),cpp,Accepted,63,1792,6342,
s835674584,p02791,u414699019,1579465086,Fortran,Fortran (gfortran v4.8.4),f,Wrong Answer,54,2304,481,
s801782825,p02791,u617987447,1579465086,C++,C++14 (GCC 5.4.1),cpp,Wrong Answer,22,1024,439,
s676280097,p02791,u596587955,1579465086,C#,C# (Mono 4.6.2.0),cs,Time Limit Exceeded,2109,31964,836,
s930962383,p02791,u652275736,1579465086,Python,Python (3.4.3),py,Wrong Answer,165,17940,142,
s469830359,p02791,u512624048,1579465086,C++,C++14 (GCC 5.4.1),cpp,Wrong Answer,2103,1792,348,
s815158281,p02791,u933497430,1579465086,C++,C++14 (GCC 5.4.1),cpp,Accepted,20,1792,980,
s943950443,p02791,u118789292,1579465083,C++,C++14 (GCC 5.4.1),cpp,Wrong Answer,78,256,178,
s830060431,p02791,u498564061,1579465082,C++,C++14 (GCC 5.4.1),cpp,Wrong Answer,81,8064,550,
s289136664,p02791,u267300160,1579465082,Python,Python (3.4.3),py,Wrong Answer,175,24744,227,
s349994755,p02791,u290886932,1579465082,Python,Python (3.4.3),py,Accepted,122,24744,189,
s503711531,p02791,u335664637,1579465082,Python,Python (3.4.3),py,Wrong Answer,2104,17492,157,
s688117976,p02791,u731057141,1579465080,C++,C++14 (GCC 5.4.1),cpp,Accepted,91,11264,1315,
s385704111,p02791,u196030116,1579465080,Go,Go (1.6),go,Accepted,39,3584,643,
s935901299,p02791,u863190862,1579465080,C++,C++14 (GCC 5.4.1),cpp,Wrong Answer,79,1024,541,
s997668458,p02791,u414338455,1579465079,Java,Java8 (OpenJDK 1.8.0),java,Time Limit Exceeded,2109,89404,604,
s569999755,p02791,u205672839,1579465078,C++,C++14 (GCC 5.4.1),cpp,Time Limit Exceeded,2103,1024,495,
s859241254,p02791,u727588078,1579465077,C++,C++14 (GCC 5.4.1),cpp,Accepted,62,1024,482,
s702407260,p02791,u027221514,1579465077,C++,C++14 (GCC 5.4.1),cpp,Accepted,77,1024,275,
s330994777,p02791,u084327817,1579465077,Python,Python (3.4.3),py,Wrong Answer,2104,24744,252,
s955453656,p02791,u064264248,1579465076,Python,Python (3.4.3),py,Accepted,155,24744,190,
s172538437,p02791,u745097373,1579465076,Python,PyPy3 (2.4.0),py,Accepted,326,98392,1235,
s333839201,p02791,u255880528,1579465076,C++,C++14 (GCC 5.4.1),cpp,Accepted,18,1792,777,
s475159021,p02791,u015418292,1579465076,Java,Java8 (OpenJDK 1.8.0),java,Wrong Answer,605,65288,749,
s168988444,p02791,u636157062,1579465075,Python,Python (3.4.3),py,Runtime Error,18,2940,146,
s323124932,p02791,u097182283,1579465074,C,C (GCC 5.4.1),c,Accepted,21,1664,276,
s979242977,p02791,u558115145,1579465074,C++,C++14 (GCC 5.4.1),cpp,Accepted,78,1024,325,
s321390022,p02791,u739259290,1579465074,Python,PyPy3 (2.4.0),py,Wrong Answer,263,75344,245,
s204975202,p02791,u405645682,1579465073,C++,C++14 (GCC 5.4.1),cpp,Time Limit Exceeded,2103,1024,316,
s391320196,p02791,u045881353,1579465073,C++,C++14 (GCC 5.4.1),cpp,Accepted,60,1920,531,
s910720569,p02791,u243631447,1579465073,C++,C++14 (GCC 5.4.1),cpp,Accepted,19,256,428,
s552297286,p02791,u455533363,1579465072,Python,Python (3.4.3),py,Time Limit Exceeded,2104,24744,240,
s868038098,p02791,u745434705,1579465072,Java,Java8 (OpenJDK 1.8.0),java,Accepted,581,63796,418,
s668076365,p02791,u052821962,1579465071,Python,Python (3.4.3),py,Accepted,106,26012,144,
s079814675,p02791,u663486635,1579465071,C++,C++14 (GCC 5.4.1),cpp,Time Limit Exceeded,2103,1400,470,
s014722384,p02791,u030314915,1579465071,Python,Python (3.4.3),py,Time Limit Exceeded,2104,24744,216,
s389130332,p02791,u918375724,1579465071,C++,C++14 (GCC 5.4.1),cpp,Wrong Answer,60,1024,298,
s220160368,p02791,u610706496,1579465071,C++,C++14 (GCC 5.4.1),cpp,Accepted,23,2420,1792,
s367584687,p02791,u080344444,1579465070,C++,C++14 (GCC 5.4.1),cpp,Accepted,18,256,485,
s915723133,p02791,u358254559,1579465070,Python,Python (3.4.3),py,Accepted,345,24744,237,
s398170581,p02791,u943057856,1579465070,Python,Python (3.4.3),py,Accepted,107,24744,140,
s685532226,p02791,u266763028,1579465070,C++,C++14 (GCC 5.4.1),cpp,Accepted,77,1024,2455,
s543919932,p02791,u576055491,1579465069,Python,Python (3.4.3),py,Accepted,110,24744,163,
s467619874,p02791,u314087694,1579465068,Java,Java8 (OpenJDK 1.8.0),java,Accepted,578,66184,419,
s723551636,p02791,u306060982,1579465068,Python,Python (3.4.3),py,Accepted,96,24744,137,
s447156460,p02791,u228943017,1579465067,C++,C++14 (GCC 5.4.1),cpp,Accepted,59,1024,323,
s559407477,p02791,u459447880,1579465067,C++,C++14 (GCC 5.4.1),cpp,Time Limit Exceeded,2103,1024,412,
s509222663,p02791,u509179239,1579465067,C,C (GCC 5.4.1),c,Time Limit Exceeded,2103,2816,422,
s558873226,p02791,u913309375,1579465066,JavaScript,JavaScript (node.js v5.12),js,Wrong Answer,103,21088,408,
s753182861,p02791,u657913472,1579465066,Awk,Awk (mawk 1.3.3),awk,Accepted,68,256,38,
s933925758,p02791,u073232808,1579465066,Kotlin,Kotlin (1.0.0),kt,Time Limit Exceeded,2111,55940,436,
s285545186,p02791,u731661595,1579465066,C,C (GCC 5.4.1),c,Time Limit Exceeded,2103,896,413,
s678901930,p02791,u273355214,1579465065,C++,C++14 (GCC 5.4.1),cpp,Accepted,77,1024,303,
s613810158,p02791,u599815685,1579465065,C++,C++14 (GCC 5.4.1),cpp,Time Limit Exceeded,2103,1024,351,
s125250468,p02791,u071868443,1579465064,Python,Python (3.4.3),py,Accepted,108,24744,163,
s722375258,p02791,u972911059,1579465063,C++,C++14 (GCC 5.4.1),cpp,Wrong Answer,2103,1792,496,
s719060149,p02791,u704629282,1579465063,C++,C++14 (GCC 5.4.1),cpp,Runtime Error,138,640,339,
s607156540,p02791,u255880528,1579465063,C++,C++14 (GCC 5.4.1),cpp,Runtime Error,106,384,765,
s975912768,p02791,u604068691,1579465062,Java,Java8 (OpenJDK 1.8.0),java,Accepted,567,81932,408,
s800275876,p02791,u145779315,1579465062,C++,C++14 (GCC 5.4.1),cpp,Accepted,78,1792,1411,
s791121977,p02791,u266113953,1579465061,Python,Python (3.4.3),py,Time Limit Exceeded,2104,24744,341,
s744999593,p02791,u950825280,1579465061,Python,Python (3.4.3),py,Time Limit Exceeded,2104,24744,169,
s918031912,p02791,u022979415,1579465060,Python,Python (3.4.3),py,Accepted,78,24744,258,
s499060531,p02791,u270467412,1579465060,Python,Python (3.4.3),py,Time Limit Exceeded,2104,24872,173,
s942197022,p02791,u931071094,1579465059,C++,C++14 (GCC 5.4.1),cpp,Accepted,60,1024,501,
s671434498,p02791,u520276780,1579465058,Python,PyPy3 (2.4.0),py,Wrong Answer,254,75984,177,
s854999859,p02791,u171217191,1579465057,C++,C++14 (GCC 5.4.1),cpp,Time Limit Exceeded,2103,1024,872,
s288191528,p02791,u461478706,1579465057,JavaScript,JavaScript (node.js v5.12),js,Accepted,217,22224,249,
s983549006,p02791,u485731913,1579465057,C++,C++14 (GCC 5.4.1),cpp,Accepted,19,1792,735,
s098988937,p02791,u738164318,1579465056,C++,C++14 (GCC 5.4.1),cpp,Time Limit Exceeded,2103,1024,439,
s471482741,p02791,u164368835,1579465056,Python,PyPy3 (2.4.0),py,Time Limit Exceeded,2111,136812,174,
s800752111,p02791,u217148004,1579465056,C++,C++14 (GCC 5.4.1),cpp,Accepted,77,384,466,
s880988290,p02791,u631299617,1579465056,Python,Python (3.4.3),py,Accepted,109,24744,131,
s883712559,p02791,u032222383,1579465055,Python,Python (3.4.3),py,Accepted,108,24744,139,
s810355251,p02791,u582629544,1579465054,C++,C++14 (GCC 5.4.1),cpp,Wrong Answer,59,1792,285,
s317301101,p02791,u118050510,1579465053,C++,C++14 (GCC 5.4.1),cpp,Wrong Answer,63,1400,458,
s959631516,p02791,u416223629,1579465053,Python,Python (3.4.3),py,Time Limit Exceeded,2104,24744,126,
s426286238,p02791,u776649162,1579465051,Ruby,Ruby (2.3.3),rb,Accepted,108,15236,228,
s802024283,p02791,u748757847,1579465050,C++,C++14 (GCC 5.4.1),cpp,Time Limit Exceeded,2103,1024,789,
s737125611,p02791,u499832992,1579465050,Python,Python (3.4.3),py,Accepted,106,24744,153,
s748667909,p02791,u038024401,1579465049,Python,Python (3.4.3),py,Time Limit Exceeded,2105,26012,195,
s851715719,p02791,u054471580,1579465048,C++,C++14 (GCC 5.4.1),cpp,Accepted,77,1024,302,
s759785420,p02791,u568453908,1579465048,C++,C++14 (GCC 5.4.1),cpp,Runtime Error,156,1024,710,
s897515621,p02791,u033272694,1579465047,C++,C++14 (GCC 5.4.1),cpp,Accepted,61,1024,358,
s351798356,p02791,u836622840,1579465047,C,C (GCC 5.4.1),c,Runtime Error,101,256,254,
s230284936,p02791,u597553490,1579465047,C++,C++14 (GCC 5.4.1),cpp,Accepted,79,256,575,
s722470816,p02791,u726187349,1579465046,C++,C++14 (GCC 5.4.1),cpp,Accepted,60,1792,1018,
s261091155,p02791,u090084494,1579465045,C++,C++14 (GCC 5.4.1),cpp,Accepted,61,1024,305,
s447217457,p02791,u252828980,1579465043,Python,Python (3.4.3),py,Accepted,155,24744,229,
s519867863,p02791,u271454647,1579465042,C++,C++14 (GCC 5.4.1),cpp,Accepted,17,256,2643,
s890059117,p02791,u498202416,1579465041,Python,Python (3.4.3),py,Time Limit Exceeded,2104,24744,234,
s564266654,p02791,u143903328,1579465041,Python,Python (3.4.3),py,Accepted,117,24744,160,
s243922152,p02791,u531718792,1579465041,C++,C++14 (GCC 5.4.1),cpp,Wrong Answer,60,1792,354,
s201467628,p02791,u072076407,1579465041,C++,C++14 (GCC 5.4.1),cpp,Accepted,19,1792,424,
s969014187,p02791,u498589373,1579465040,C++,C++14 (GCC 5.4.1),cpp,Wrong Answer,77,1024,328,
s042420527,p02791,u308463793,1579465040,C++,C++14 (GCC 5.4.1),cpp,Time Limit Exceeded,2103,1024,489,
s783294285,p02791,u814575783,1579465040,Go,Go (1.6),go,Accepted,960,6400,274,
s101036729,p02791,u876846619,1579465038,Ruby,Ruby (2.3.3),rb,Accepted,116,15236,178,
s681206987,p02791,u335381753,1579465038,Ruby,Ruby (2.3.3),rb,Accepted,109,15236,157,
s239304198,p02791,u596824563,1579465037,C++,C++14 (GCC 5.4.1),cpp,Accepted,21,1024,555,
s331894063,p02791,u799164835,1579465037,C++,C++14 (GCC 5.4.1),cpp,Time Limit Exceeded,2103,1024,457,
s390384900,p02791,u207097826,1579465037,Python,Python (3.4.3),py,Time Limit Exceeded,2104,24744,191,
s115103115,p02791,u395476105,1579465037,C++,C++14 (GCC 5.4.1),cpp,Wrong Answer,19,1024,553,
s811669014,p02791,u605284854,1579465036,C++,C++14 (GCC 5.4.1),cpp,Accepted,60,1792,464,
s787642132,p02791,u495386448,1579465036,C++,C++14 (GCC 5.4.1),cpp,Accepted,60,1024,611,
s528846284,p02791,u643706636,1579465036,C++,C++14 (GCC 5.4.1),cpp,Accepted,76,1792,294,
s301442469,p02791,u939893469,1579465035,C++,C++14 (GCC 5.4.1),cpp,Wrong Answer,19,1024,530,
s492600302,p02791,u481490614,1579465034,C++,C++14 (GCC 5.4.1),cpp,Accepted,20,896,279,
s580126397,p02791,u520276780,1579465033,Python,PyPy3 (2.4.0),py,Runtime Error,242,75568,177,
s845710249,p02791,u439030364,1579465033,C++,C++14 (GCC 5.4.1),cpp,Accepted,19,1792,1106,
s061896305,p02791,u003026289,1579465033,C++,C++14 (GCC 5.4.1),cpp,Accepted,79,3072,441,
s508132985,p02791,u317486948,1579465032,C++,C++14 (GCC 5.4.1),cpp,Time Limit Exceeded,2103,1024,280,
s365145227,p02791,u358254559,1579465032,Python,Python (3.4.3),py,Runtime Error,150,12516,219,
s199621388,p02791,u298620933,1579465032,C++,C++14 (GCC 5.4.1),cpp,Accepted,61,256,811,
s264560616,p02791,u860597287,1579465031,C++,C++14 (GCC 5.4.1),cpp,Accepted,62,1792,677,
s655370951,p02791,u577393547,1579465031,C++,C++14 (GCC 5.4.1),cpp,Accepted,61,1024,1120,
s643916002,p02791,u339503988,1579465031,Python,Python (3.4.3),py,Time Limit Exceeded,2104,24744,135,
s778382994,p02791,u834141834,1579465029,Ruby,Ruby (2.3.3),rb,Accepted,104,15236,147,
s209190840,p02791,u870998297,1579465029,C++,C++14 (GCC 5.4.1),cpp,Accepted,18,1792,1792,
s818852421,p02791,u779655095,1579465029,C,C (GCC 5.4.1),c,Runtime Error,100,256,325,
s674661544,p02791,u188396343,1579465028,Java,Java8 (OpenJDK 1.8.0),java,Time Limit Exceeded,2109,64464,569,
s218377652,p02791,u491069832,1579465026,C++,C++14 (GCC 5.4.1),cpp,Time Limit Exceeded,2103,1792,451,
s058187087,p02791,u852862907,1579465025,C++,C++14 (GCC 5.4.1),cpp,Time Limit Exceeded,2103,1024,591,
s979733199,p02791,u327642911,1579465025,C++,C++14 (GCC 5.4.1),cpp,Accepted,18,256,350,
s828054932,p02791,u257724718,1579465025,C++,C++14 (GCC 5.4.1),cpp,Accepted,60,1024,380,
s499514712,p02791,u582333355,1579465025,Python,Python (3.4.3),py,Wrong Answer,157,24744,189,
s416219811,p02791,u381394404,1579465023,C++,C++14 (GCC 5.4.1),cpp,Accepted,113,10368,1012,
s632051828,p02791,u749388872,1579465022,Haskell,Haskell (GHC 7.10.3),hs,Accepted,935,57852,258,
s665539510,p02791,u931297616,1579465022,Python,Python (3.4.3),py,Time Limit Exceeded,2104,24744,166,
s412860083,p02791,u512099209,1579465022,C++,C++14 (GCC 5.4.1),cpp,Accepted,77,1024,325,
s776330791,p02791,u425317134,1579465022,Lisp,Common Lisp (SBCL 1.1.14),l,Time Limit Exceeded,2105,65732,441,
s139612886,p02791,u370388551,1579465022,C++,C++14 (GCC 5.4.1),cpp,Wrong Answer,2103,3328,593,
s492050440,p02791,u101181042,1579465021,C++,C++14 (GCC 5.4.1),cpp,Accepted,60,1792,436,
s053025520,p02791,u861141787,1579465021,Python,Python (3.4.3),py,Accepted,115,24744,156,
s260619533,p02791,u397761475,1579465020,C++,C++14 (GCC 5.4.1),cpp,Accepted,77,1024,349,
s724463108,p02791,u849029577,1579465019,Python,PyPy3 (2.4.0),py,Accepted,243,75344,164,
s865973789,p02791,u654115954,1579465019,C++,C++14 (GCC 5.4.1),cpp,Time Limit Exceeded,2107,1024,780,
s851943687,p02791,u749089333,1579465019,C++,C++14 (GCC 5.4.1),cpp,Accepted,64,1792,504,
s832162062,p02791,u103915901,1579465019,Python,Python (3.4.3),py,Time Limit Exceeded,2105,24744,285,
s634130771,p02791,u927078824,1579465018,Python,Python (3.4.3),py,Accepted,144,24744,190,
s134096825,p02791,u298497862,1579465017,C++,C++14 (GCC 5.4.1),cpp,Accepted,22,1920,1613,
s900233304,p02791,u094103573,1579465017,Python,Python (3.4.3),py,Wrong Answer,277,25768,230,
s338925082,p02791,u059991481,1579465017,C++,C++14 (GCC 5.4.1),cpp,Accepted,77,256,344,
s229093615,p02791,u547757880,1579465016,C++,C++14 (GCC 5.4.1),cpp,Accepted,79,1024,863,
s601869500,p02791,u891504219,1579465016,Python,Python (3.4.3),py,Time Limit Exceeded,2104,24744,275,
s310044162,p02791,u557494880,1579465016,Python,PyPy3 (2.4.0),py,Time Limit Exceeded,2107,77428,173,
s388436682,p02791,u550226593,1579465015,C++,C++14 (GCC 5.4.1),cpp,Time Limit Exceeded,2103,1024,569,
s612434246,p02791,u961548025,1579465014,Python,Python (3.4.3),py,Wrong Answer,114,24744,132,
s981317038,p02791,u265187423,1579465012,C++,C++14 (GCC 5.4.1),cpp,Wrong Answer,38,1664,577,
s473802485,p02791,u861337693,1579465012,C++,C++14 (GCC 5.4.1),cpp,Accepted,62,1024,571,
s952733339,p02791,u739589123,1579465011,C,C (GCC 5.4.1),c,Accepted,22,896,233,
s122606999,p02791,u051928503,1579465010,Python,Python (3.4.3),py,Accepted,117,24744,120,
s205491687,p02791,u556660175,1579465010,C++,C++14 (GCC 5.4.1),cpp,Accepted,63,1024,800,
s601774403,p02791,u195355592,1579465010,Python,Python (3.4.3),py,Wrong Answer,69,18216,179,
s591826406,p02791,u875449556,1579465010,Python,Python (3.4.3),py,Time Limit Exceeded,2104,24744,157,
s477739685,p02791,u512895485,1579465010,Python,Python (3.4.3),py,Time Limit Exceeded,2104,24744,183,
s417496134,p02791,u939401127,1579465009,C++,C++14 (GCC 5.4.1),cpp,Time Limit Exceeded,2103,1792,1959,
s368359321,p02791,u645538982,1579465009,Python,Python (3.4.3),py,Time Limit Exceeded,2104,24744,225,
s656686861,p02791,u578953945,1579465009,Python,Python (3.4.3),py,Accepted,121,24744,214,
s413258470,p02791,u959448781,1579465009,C++,C++ (GCC 5.4.1),cpp,Accepted,77,1792,267,
s197015040,p02791,u521866787,1579465009,Python,PyPy3 (2.4.0),py,Accepted,246,75472,162,
s855660815,p02791,u357983348,1579465009,C++,C++14 (GCC 5.4.1),cpp,Accepted,83,1024,325,
s875559467,p02791,u980869590,1579465009,C++,C++14 (GCC 5.4.1),cpp,Time Limit Exceeded,2107,1024,560,
s664945918,p02791,u504553345,1579465008,C++,C++14 (GCC 5.4.1),cpp,Wrong Answer,77,384,246,
s384288300,p02791,u679951803,1579465008,C,C (GCC 5.4.1),c,Wrong Answer,23,896,676,
s989747897,p02791,u868122359,1579465008,C++,C++14 (GCC 5.4.1),cpp,Accepted,78,5120,363,
s103484720,p02791,u062189367,1579465008,Python,Python (3.4.3),py,Accepted,116,25768,158,
s754819181,p02791,u239342230,1579465006,Python,Python (3.4.3),py,Time Limit Exceeded,2104,24744,125,
s322507378,p02791,u493660870,1579465004,Java,Java8 (OpenJDK 1.8.0),java,Accepted,584,85308,438,
s900610896,p02791,u228882192,1579465004,C#,C# (Mono 4.6.2.0),cs,Time Limit Exceeded,2109,33372,781,
s620881049,p02791,u567406270,1579465002,C++,C++14 (GCC 5.4.1),cpp,Wrong Answer,78,1280,1168,
s378072604,p02791,u039189422,1579465002,Fortran,Fortran (gfortran v4.8.4),f,Accepted,52,1536,235,
s260385819,p02791,u554452996,1579465001,Python,Python (3.4.3),py,Wrong Answer,122,24744,209,
s794265314,p02791,u156723325,1579465000,C++,C++14 (GCC 5.4.1),cpp,Accepted,61,1792,827,
s998563584,p02791,u494353893,1579464999,C++,C++14 (GCC 5.4.1),cpp,Accepted,61,256,484,
s769601958,p02791,u882696550,1579464999,Python,Python (3.4.3),py,Time Limit Exceeded,2104,24744,151,
s321711663,p02791,u960531720,1579464999,Python,Python (3.4.3),py,Runtime Error,18,2940,246,
s212765644,p02791,u381839731,1579464998,C++,C++14 (GCC 5.4.1),cpp,Accepted,77,1024,372,
s951511660,p02791,u117534860,1579464998,C++,C++14 (GCC 5.4.1),cpp,Time Limit Exceeded,2103,1024,483,
s871540038,p02791,u802963389,1579464998,Python,Python (3.4.3),py,Accepted,94,24744,135,
s564829181,p02791,u607594286,1579464998,C++,C++14 (GCC 5.4.1),cpp,Time Limit Exceeded,2103,1024,567,
s467585524,p02791,u766576603,1579464997,C++,C++14 (GCC 5.4.1),cpp,Accepted,60,1792,3020,
s935587288,p02791,u752008961,1579464997,C#,C# (Mono 4.6.2.0),cs,Time Limit Exceeded,2109,31580,2937,
s530774371,p02791,u193815565,1579464996,C++,C++14 (GCC 5.4.1),cpp,Accepted,18,1792,1123,
s013345750,p02791,u341846697,1579464996,C++,C++14 (GCC 5.4.1),cpp,Accepted,60,1024,359,
s415369871,p02791,u509830642,1579464995,Python,Python (3.4.3),py,Accepted,122,24744,599,
s619351264,p02791,u200527996,1579464995,Python,Python (3.4.3),py,Wrong Answer,114,24744,152,
s267280572,p02791,u043150661,1579464995,Kotlin,Kotlin (1.0.0),kt,Time Limit Exceeded,2111,82732,439,
s104447809,p02791,u967669872,1579464995,Go,Go (1.6),go,Time Limit Exceeded,2107,3584,3834,
s160706761,p02791,u802191176,1579464994,C++,C++14 (Clang 3.8.0),cpp,Accepted,171,888,369,
s684489606,p02791,u970109776,1579464993,C++,C++14 (GCC 5.4.1),cpp,Accepted,63,1024,517,
s985380376,p02791,u718300386,1579464992,Python,Python (3.4.3),py,Time Limit Exceeded,2104,24744,219,
s936011982,p02791,u945412921,1579464992,Ruby,Ruby (2.3.3),rb,Accepted,105,15236,142,
s953530375,p02791,u952022797,1579464990,Python,PyPy3 (2.4.0),py,Accepted,242,71816,1732,
s833389984,p02791,u273928723,1579464989,C++,C++14 (GCC 5.4.1),cpp,Accepted,59,1792,781,
s169336294,p02791,u112934950,1579464989,C++,C++14 (GCC 5.4.1),cpp,Time Limit Exceeded,2103,1024,494,
s570294518,p02791,u851210483,1579464988,C++,C++14 (GCC 5.4.1),cpp,Accepted,60,1792,510,
s023239976,p02791,u821492083,1579464987,C++,C++14 (GCC 5.4.1),cpp,Accepted,60,1024,474,
s026706109,p02791,u086063386,1579464987,C++,C++14 (GCC 5.4.1),cpp,Accepted,62,2168,522,
s996501448,p02791,u032223772,1579464985,Perl,Perl6 (rakudo-star 2016.01),pl,Wrong Answer,537,80128,18,
s012611759,p02791,u778204640,1579464985,C#,C# (Mono 4.6.2.0),cs,Accepted,106,33756,6004,
s977828608,p02791,u636565374,1579464984,C,C (GCC 5.4.1),c,Time Limit Exceeded,2103,896,475,
s172647076,p02791,u339658123,1579464984,C,C (GCC 5.4.1),c,Time Limit Exceeded,2103,896,432,
s863301520,p02791,u679236042,1579464983,Python,Python (3.4.3),py,Accepted,109,24744,326,
s719989374,p02791,u324139341,1579464983,C++,C++14 (GCC 5.4.1),cpp,Accepted,62,1792,885,
s916635104,p02791,u228232845,1579464982,Python,Python (3.4.3),py,Time Limit Exceeded,2104,24744,190,
s253251246,p02791,u866555183,1579464982,Python,Python (3.4.3),py,Time Limit Exceeded,2104,24744,248,
s886973325,p02791,u003552316,1579464981,C++,C++14 (GCC 5.4.1),cpp,Time Limit Exceeded,2103,1792,903,
s250046198,p02791,u320211890,1579464979,C++,C++14 (GCC 5.4.1),cpp,Time Limit Exceeded,2103,1024,407,
s332543268,p02791,u018990794,1579464979,Python,Python (3.4.3),py,Time Limit Exceeded,2104,24744,269,
s821083411,p02791,u986947674,1579464978,C++,C++14 (GCC 5.4.1),cpp,Accepted,59,1024,274,
s118542751,p02791,u025394570,1579464978,C++,C++14 (GCC 5.4.1),cpp,Accepted,76,1024,270,
s582181014,p02791,u480187631,1579464978,C++,C++14 (GCC 5.4.1),cpp,Time Limit Exceeded,2103,640,280,
s165440458,p02791,u934099192,1579464978,Python,Python (3.4.3),py,Accepted,181,24744,211,
s371964909,p02791,u226233437,1579464978,C++,C++14 (GCC 5.4.1),cpp,Accepted,78,1920,340,
s407787368,p02791,u897799922,1579464978,C,C (GCC 5.4.1),c,Accepted,23,128,296,
s636568111,p02791,u692311686,1579464978,Python,Python (3.4.3),py,Wrong Answer,114,24744,121,
s578061083,p02791,u740900993,1579464977,Java,Java8 (OpenJDK 1.8.0),java,Time Limit Exceeded,2109,64888,773,
s750059361,p02791,u487455011,1579464977,C++,C++14 (GCC 5.4.1),cpp,Time Limit Exceeded,2103,1024,231,
s690348713,p02791,u605402887,1579464977,C,C (GCC 5.4.1),c,Accepted,22,896,326,
s122099795,p02791,u563914702,1579464975,C++,C++14 (GCC 5.4.1),cpp,Time Limit Exceeded,2103,1024,441,
s549970369,p02791,u321388049,1579464975,C++,C++14 (GCC 5.4.1),cpp,Time Limit Exceeded,2103,1024,370,
s398211340,p02791,u863190862,1579464975,C++,C++14 (GCC 5.4.1),cpp,Compile Error,,,507,
s974320594,p02791,u167205647,1579464975,Python,Python (3.4.3),py,Accepted,104,24744,152,
s200629649,p02791,u888881904,1579464973,Python,Python (3.4.3),py,Time Limit Exceeded,2104,24744,219,
s065003376,p02791,u432699428,1579464973,Python,Python (3.4.3),py,Time Limit Exceeded,2104,24744,403,
s334516473,p02791,u224843402,1579464972,C++,C++14 (GCC 5.4.1),cpp,Time Limit Exceeded,2103,1024,523,
s289067147,p02791,u076612723,1579464972,C++,C++14 (GCC 5.4.1),cpp,Accepted,30,1024,366,
s636133398,p02791,u539692012,1579464972,C++,C++14 (GCC 5.4.1),cpp,Accepted,80,1024,288,
s744882037,p02791,u064408584,1579464972,Python,Python (3.4.3),py,Accepted,145,24744,155,
s602008592,p02791,u757117214,1579464971,Python,Python (3.4.3),py,Time Limit Exceeded,2104,25116,174,
s446186261,p02791,u904943473,1579464971,Python,PyPy3 (2.4.0),py,Accepted,254,76624,155,
s312990600,p02791,u085053899,1579464970,C,C (GCC 5.4.1),c,Time Limit Exceeded,2103,896,266,
s997842924,p02791,u289110687,1579464970,C,C (GCC 5.4.1),c,Wrong Answer,2103,896,297,
s456876804,p02791,u854690176,1579464970,C++,C++14 (GCC 5.4.1),cpp,Accepted,61,1024,448,
s355810866,p02791,u689952197,1579464969,C++,C++ (GCC 5.4.1),cpp,Accepted,76,256,418,
s607385058,p02791,u901555384,1579464969,C++,C++14 (GCC 5.4.1),cpp,Time Limit Exceeded,2103,2420,712,
s606084468,p02791,u626113839,1579464968,Rust,Rust (1.15.1),rs,Accepted,14,10492,498,
s065423547,p02791,u222682687,1579464968,C++,C++14 (GCC 5.4.1),cpp,Accepted,60,1792,465,
s751660739,p02791,u946424121,1579464968,Python,Python (3.4.3),py,Time Limit Exceeded,2104,24744,190,
s282867671,p02791,u682860781,1579464966,Python,Python (3.4.3),py,Accepted,90,24744,162,
s223544340,p02791,u725712446,1579464966,C++,C++14 (GCC 5.4.1),cpp,Accepted,28,1792,549,
s810630766,p02791,u461478706,1579464966,JavaScript,JavaScript (node.js v5.12),js,Wrong Answer,204,21088,233,
s228209626,p02791,u816488327,1579464965,Python,Python (3.4.3),py,Accepted,90,24744,141,
s426923866,p02791,u945412921,1579464965,Ruby,Ruby (2.3.3),rb,Runtime Error,86,15236,138,
s757167970,p02791,u907668975,1579464965,Python,Python (3.4.3),py,Time Limit Exceeded,2104,24744,242,
s589835790,p02791,u249156825,1579464964,C++,C++14 (GCC 5.4.1),cpp,Accepted,60,1024,449,
s724020939,p02791,u945901686,1579464964,JavaScript,JavaScript (node.js v5.12),js,Time Limit Exceeded,2109,24132,797,
s950920826,p02791,u387774811,1579464963,Python,Python (3.4.3),py,Accepted,111,24744,119,
s535439711,p02791,u805898672,1579464963,Java,Java8 (OpenJDK 1.8.0),java,Time Limit Exceeded,2109,65196,344,
s441482565,p02791,u217148004,1579464963,C++,C++14 (GCC 5.4.1),cpp,Wrong Answer,78,256,484,
s878738076,p02791,u200887663,1579464962,Python,Python (3.4.3),py,Accepted,138,26012,248,
s946637266,p02791,u842747497,1579464962,C++,C++14 (GCC 5.4.1),cpp,Accepted,18,1792,797,
s427952547,p02791,u512624048,1579464962,C++,C++14 (GCC 5.4.1),cpp,Time Limit Exceeded,2103,1792,330,
s119353581,p02791,u448994613,1579464961,Python,PyPy3 (2.4.0),py,Accepted,272,72100,1732,
s196672639,p02791,u354567428,1579464961,C++,C++14 (GCC 5.4.1),cpp,Accepted,60,1792,2019,
s023720859,p02791,u059407991,1579464960,C++,C++14 (GCC 5.4.1),cpp,Accepted,60,1792,402,
s926023087,p02791,u679159704,1579464960,C++,C++14 (GCC 5.4.1),cpp,Accepted,77,1024,483,
s778696600,p02791,u992883138,1579464960,C++,C++14 (GCC 5.4.1),cpp,Accepted,62,1792,478,
s678122518,p02791,u827086165,1579464958,Python,Python (3.4.3),py,Accepted,175,17940,175,
s567608961,p02791,u758884263,1579464958,C++,C++14 (GCC 5.4.1),cpp,Time Limit Exceeded,2103,1024,493,
s298957464,p02791,u092460072,1579464957,Python,Python (3.4.3),py,Time Limit Exceeded,2104,25348,202,
s538824115,p02791,u049930986,1579464957,Java,Java8 (OpenJDK 1.8.0),java,Time Limit Exceeded,2109,64984,481,
s458028704,p02791,u411203878,1579464956,Ruby,Ruby (2.3.3),rb,Accepted,99,18564,161,
s355813286,p02791,u230078189,1579464955,C++,C++14 (GCC 5.4.1),cpp,Accepted,77,1024,220,
s723461461,p02791,u175846462,1579464954,Java,Java8 (OpenJDK 1.8.0),java,Wrong Answer,574,83096,330,
s774960942,p02791,u156918752,1579464953,C++,C++14 (GCC 5.4.1),cpp,Wrong Answer,65,384,319,
s137888485,p02791,u184148551,1579464952,Python,Python (3.4.3),py,Time Limit Exceeded,2104,25768,171,
s479728898,p02791,u181039779,1579464951,Java,Java8 (OpenJDK 1.8.0),java,Accepted,600,84672,2434,
s212194595,p02791,u434901320,1579464951,C++,C++14 (GCC 5.4.1),cpp,Time Limit Exceeded,2103,1024,314,
s117731301,p02791,u471828790,1579464951,Python,Python (3.4.3),py,Accepted,155,25768,176,
s857829142,p02791,u771577506,1579464951,Python,Python (3.4.3),py,Time Limit Exceeded,2104,24744,265,
s717311185,p02791,u185896732,1579464951,Python,Python (3.4.3),py,Accepted,182,25132,723,
s651218600,p02791,u284670453,1579464950,C++,C++14 (GCC 5.4.1),cpp,Wrong Answer,2103,1024,345,
s121423243,p02791,u618531621,1579464950,PHP,PHP7 (7.0.15),php,Time Limit Exceeded,2104,18932,427,
s697485985,p02791,u617152149,1579464949,C++,C++14 (GCC 5.4.1),cpp,Accepted,19,3456,650,
s489054094,p02791,u055459962,1579464949,C++,C++14 (GCC 5.4.1),cpp,Accepted,61,1400,1891,
s142524381,p02791,u923285281,1579464948,C++,C++14 (GCC 5.4.1),cpp,Accepted,20,128,233,
s692991449,p02791,u096768486,1579464948,C++,C++14 (GCC 5.4.1),cpp,Time Limit Exceeded,2103,1792,1688,
s094996568,p02791,u857428111,1579464947,C++,C++14 (GCC 5.4.1),cpp,Time Limit Exceeded,2103,1024,548,
s662103232,p02791,u824335998,1579464946,C++,C++14 (GCC 5.4.1),cpp,Accepted,66,1024,392,
s553512584,p02791,u630043039,1579464946,Ruby,Ruby (2.3.3),rb,Time Limit Exceeded,2108,21276,165,
s419100249,p02791,u720370866,1579464946,C++,C++14 (GCC 5.4.1),cpp,Accepted,77,1024,473,
s296525594,p02791,u679951803,1579464946,C,C (GCC 5.4.1),c,Wrong Answer,22,896,674,
s045428649,p02791,u391667116,1579464946,C,C (GCC 5.4.1),c,Time Limit Exceeded,2103,1664,1111,
s090139803,p02791,u113298224,1579464945,C++,C++14 (GCC 5.4.1),cpp,Wrong Answer,60,1920,290,
s276585518,p02791,u469315524,1579464945,Python,Python (3.4.3),py,Time Limit Exceeded,2104,24744,227,
s071643781,p02791,u044964932,1579464944,Python,PyPy3 (2.4.0),py,Accepted,245,75472,254,
s751089306,p02791,u298768617,1579464944,C++,C++14 (GCC 5.4.1),cpp,Accepted,77,1024,277,
s982551528,p02791,u001327021,1579464944,C,C (GCC 5.4.1),c,Accepted,22,896,356,
s240950842,p02791,u990037841,1579464944,C++,C++14 (GCC 5.4.1),cpp,Time Limit Exceeded,2103,1024,468,
s072658054,p02791,u124059719,1579464943,C++,C++14 (GCC 5.4.1),cpp,Accepted,18,1792,2244,
s354345194,p02791,u986947674,1579464943,C++,C++14 (GCC 5.4.1),cpp,Compile Error,,,273,
s569758418,p02791,u756415797,1579464942,C++,C++14 (Clang 3.8.0),cpp,Time Limit Exceeded,2103,1024,353,
s565844451,p02791,u702786238,1579464942,Python,Python (3.4.3),py,Time Limit Exceeded,2104,24744,167,
s355143663,p02791,u461913494,1579464942,C++,C++14 (GCC 5.4.1),cpp,Accepted,19,1024,886,
s053342397,p02791,u297439372,1579464941,C++,C++14 (GCC 5.4.1),cpp,Accepted,60,1792,347,
s811073904,p02791,u526365587,1579464940,Java,Java8 (OpenJDK 1.8.0),java,Time Limit Exceeded,2109,51408,1572,
s830626736,p02791,u467398838,1579464940,C++,C++14 (GCC 5.4.1),cpp,Accepted,19,1792,375,
s707590381,p02791,u101079650,1579464938,Java,Java8 (OpenJDK 1.8.0),java,Accepted,574,64628,595,
s794785554,p02791,u177388368,1579464938,Python,Python (3.4.3),py,Accepted,150,24744,155,
s986846957,p02791,u011438316,1579464938,C++,C++14 (GCC 5.4.1),cpp,Wrong Answer,21,1024,436,
s699753410,p02791,u635907490,1579464938,C++,C++14 (GCC 5.4.1),cpp,Accepted,61,1024,327,
s280543687,p02791,u889915625,1579464937,C++,C++14 (GCC 5.4.1),cpp,Wrong Answer,65,1792,816,
s423177099,p02791,u775507068,1579464937,C++,C++14 (GCC 5.4.1),cpp,Wrong Answer,2103,1792,1308,
s925423097,p02791,u454081619,1579464937,C++,C++14 (GCC 5.4.1),cpp,Accepted,60,1792,440,
s274896041,p02791,u413184068,1579464937,Ruby,Ruby (2.3.3),rb,Time Limit Exceeded,2108,19204,238,
s631304349,p02791,u781032151,1579464936,C++,C++14 (GCC 5.4.1),cpp,Accepted,12,256,648,
s676046205,p02791,u905170328,1579464936,C++,C++14 (GCC 5.4.1),cpp,Runtime Error,99,256,489,
s243897179,p02791,u976560086,1579464936,C++,C++14 (GCC 5.4.1),cpp,Accepted,19,1792,1239,
s542678718,p02791,u788068140,1579464936,Python,Python (3.4.3),py,Accepted,115,24616,304,
s626477296,p02791,u105124953,1579464935,Python,Python (3.4.3),py,Time Limit Exceeded,2104,24744,194,
s011357601,p02791,u274055316,1579464935,C++,C++14 (GCC 5.4.1),cpp,Wrong Answer,62,3328,1018,
s908667409,p02791,u606393507,1579464935,Python,Python (3.4.3),py,Time Limit Exceeded,2104,24436,469,
s257161094,p02791,u351012095,1579464934,C++,C++14 (GCC 5.4.1),cpp,Wrong Answer,19,1024,970,
s454252064,p02791,u130492706,1579464934,Python,Python (3.4.3),py,Wrong Answer,510,41700,259,
s843430172,p02791,u281745878,1579464933,Python,Python (3.4.3),py,Accepted,174,24744,195,
s768972443,p02791,u054473438,1579464933,Python,Python (3.4.3),py,Time Limit Exceeded,2104,24744,137,
s991280350,p02791,u289110687,1579464932,C,C (GCC 5.4.1),c,Compile Error,,,296,
s341051433,p02791,u172654033,1579464931,C++,C++14 (GCC 5.4.1),cpp,Accepted,19,1024,1339,
s081820536,p02791,u988661952,1579464931,Python,Python (3.4.3),py,Time Limit Exceeded,2105,26012,189,
s411258823,p02791,u761087127,1579464931,Python,PyPy3 (2.4.0),py,Time Limit Exceeded,2112,137156,134,
s270914379,p02791,u682946813,1579464931,C++,C++14 (GCC 5.4.1),cpp,Accepted,60,1024,436,
s523425719,p02791,u481134321,1579464931,C++,C++14 (GCC 5.4.1),cpp,Wrong Answer,77,1024,367,
s524798764,p02791,u932319885,1579464930,C++,C++14 (GCC 5.4.1),cpp,Time Limit Exceeded,2103,1024,798,
s798062287,p02791,u235122719,1579464930,Python,Python (3.4.3),py,Time Limit Exceeded,2104,24744,363,
s984348429,p02791,u848680818,1579464930,Python,Python (3.4.3),py,Wrong Answer,111,24744,127,
s626400102,p02791,u728467704,1579464930,C#,C# (Mono 4.6.2.0),cs,Time Limit Exceeded,2109,33628,530,
s407858342,p02791,u770199020,1579464929,Python,Python (3.4.3),py,Accepted,116,24744,161,
s640328071,p02791,u857428111,1579464929,Python,Python (3.4.3),py,Runtime Error,17,2940,545,
s625558608,p02791,u293991054,1579464928,C++,C++14 (GCC 5.4.1),cpp,Accepted,19,1792,3601,
s593837961,p02791,u916375081,1579464928,Python,Python (3.4.3),py,Time Limit Exceeded,2104,25768,160,
s614151662,p02791,u414458988,1579464928,Python,PyPy3 (2.4.0),py,Time Limit Exceeded,2111,137380,727,
s892622726,p02791,u918624145,1579464927,C#,C# (Mono 4.6.2.0),cs,Accepted,93,29404,634,
s023092356,p02791,u410714465,1579464927,C++,C++14 (GCC 5.4.1),cpp,Accepted,59,1792,1148,
s675090902,p02791,u520276780,1579464927,Python,PyPy3 (2.4.0),py,Wrong Answer,258,75344,179,
s780663542,p02791,u825262731,1579464927,Java,Java8 (OpenJDK 1.8.0),java,Accepted,555,65616,566,
s016032689,p02791,u369094007,1579464926,Python,Python (3.4.3),py,Accepted,183,24744,199,
s688294567,p02791,u886832246,1579464926,Python,Python (3.4.3),py,Accepted,107,24872,177,
s296509451,p02791,u398175819,1579464926,Python,Python (3.4.3),py,Accepted,107,24744,199,
s318846642,p02791,u283850313,1579464926,Python,Python (3.4.3),py,Time Limit Exceeded,2104,24744,187,
s219292049,p02791,u953351773,1579464925,C++,C++14 (GCC 5.4.1),cpp,Time Limit Exceeded,2103,1792,876,
s691500575,p02791,u075247675,1579464924,C++,C++14 (GCC 5.4.1),cpp,Accepted,141,7936,1032,
s805178714,p02791,u206522261,1579464924,C++,C++14 (GCC 5.4.1),cpp,Wrong Answer,76,256,432,
s008803228,p02791,u153902122,1579464924,Python,Python (3.4.3),py,Accepted,159,26012,278,
s029359260,p02791,u045909335,1579464921,Python,Python (3.4.3),py,Accepted,112,24744,263,
s622231482,p02791,u972658925,1579464921,Python,Python (3.4.3),py,Time Limit Exceeded,2109,93764,206,
s258203145,p02791,u619455726,1579464921,Python,Python (3.4.3),py,Accepted,117,24744,218,
s618790655,p02791,u657913472,1579464920,Bash,Bash (GNU bash v4.3.11),sh,Wrong Answer,72,736,37,
s655456133,p02791,u483502083,1579464919,Python,Python (3.4.3),py,Time Limit Exceeded,2104,24744,406,
s472083412,p02791,u381721359,1579464919,C++,C++14 (GCC 5.4.1),cpp,Runtime Error,127,256,280,
s076710477,p02791,u115838990,1579464919,C++,C++14 (GCC 5.4.1),cpp,Accepted,19,1024,778,
s114621998,p02791,u135400146,1579464919,Java,Java8 (OpenJDK 1.8.0),java,Wrong Answer,579,65464,479,
s904078498,p02791,u757919796,1579464918,Python,Python (3.4.3),py,Accepted,90,24744,166,
s331545181,p02791,u067062087,1579464917,C,C (GCC 5.4.1),c,Time Limit Exceeded,2103,896,497,
s093661191,p02791,u917558625,1579464917,Python,Python (3.4.3),py,Accepted,152,24744,127,
s865811151,p02791,u068177169,1579464917,Go,Go (1.6),go,Wrong Answer,946,4992,242,
s027358541,p02791,u544587633,1579464917,Python,PyPy3 (2.4.0),py,Accepted,265,76752,382,
s761430396,p02791,u412039195,1579464916,C++,C++14 (GCC 5.4.1),cpp,Time Limit Exceeded,2103,1024,588,
s748380290,p02791,u062865912,1579464916,C,C (GCC 5.4.1),c,Accepted,21,1664,287,
s265737071,p02791,u820451342,1579464915,Java,Java8 (OpenJDK 1.8.0),java,Accepted,556,65312,439,
s169393107,p02791,u717387812,1579464915,Python,PyPy3 (2.4.0),py,Accepted,265,71388,616,
s893587160,p02791,u853547292,1579464914,Python,Python (3.4.3),py,Wrong Answer,109,24744,126,
s779757681,p02791,u321755508,1579464913,C#,C# (Mono 4.6.2.0),cs,Time Limit Exceeded,2108,33116,510,
s583369476,p02791,u557494880,1579464913,Python,Python (3.4.3),py,Time Limit Exceeded,2104,24744,173,
s456955858,p02791,u636157062,1579464912,Python,Python (3.4.3),py,Wrong Answer,117,25768,130,
s088606620,p02791,u281610856,1579464912,Python,Python (3.4.3),py,Time Limit Exceeded,2104,24744,206,
s661795955,p02791,u890870565,1579464912,C++,C++14 (GCC 5.4.1),cpp,Accepted,714,1792,78401,
s264782524,p02791,u652275736,1579464911,Python,Python (3.4.3),py,Wrong Answer,79,17776,131,
s445748089,p02791,u815878613,1579464911,Python,PyPy3 (2.4.0),py,Accepted,228,69616,206,
s381932284,p02791,u092061507,1579464911,Python,Python (3.4.3),py,Accepted,102,24744,160,
s592422662,p02791,u731032776,1579464911,C++,C++14 (GCC 5.4.1),cpp,Accepted,63,1792,313,
s371105448,p02791,u450983668,1579464910,Python,PyPy3 (2.4.0),py,Time Limit Exceeded,2112,136964,148,
s685307824,p02791,u452913314,1579464910,Python,Python (3.4.3),py,Accepted,129,26012,245,
s392071320,p02791,u577393547,1579464910,C++,C++14 (GCC 5.4.1),cpp,Wrong Answer,63,1024,1090,
s740364748,p02791,u682814923,1579464910,C,C (GCC 5.4.1),c,Time Limit Exceeded,2103,896,474,
s026401217,p02791,u854402515,1579464909,C++,C++14 (GCC 5.4.1),cpp,Accepted,80,256,306,
s142892724,p02791,u071868443,1579464909,Python,Python (3.4.3),py,Time Limit Exceeded,2104,24744,145,
s655993144,p02791,u223355055,1579464909,C++,C++14 (GCC 5.4.1),cpp,Accepted,20,1920,622,
s896665169,p02791,u279835114,1579464908,JavaScript,JavaScript (node.js v5.12),js,Wrong Answer,127,34256,61737,
s833016223,p02791,u441197772,1579464908,Python,Python (3.4.3),py,Time Limit Exceeded,2104,24744,251,
s346939935,p02791,u356701928,1579464908,C++,C++14 (GCC 5.4.1),cpp,Accepted,77,1024,304,
s442074934,p02791,u853010060,1579464908,Python,Python (3.4.3),py,Wrong Answer,118,24744,135,
s764265787,p02791,u082171758,1579464908,C++,C++14 (Clang 3.8.0),cpp,Accepted,165,1792,454,
s198904980,p02791,u938051273,1579464907,Python,Python (3.4.3),py,Wrong Answer,2104,24744,196,
s661987074,p02791,u771458127,1579464907,Python,Python (3.4.3),py,Accepted,134,26584,251,
s492656424,p02791,u821869821,1579464907,Python,PyPy3 (2.4.0),py,Accepted,279,76752,189,
s205541304,p02791,u321035578,1579464905,Python,Python (3.4.3),py,Accepted,81,24744,251,
s868205825,p02791,u138766808,1579464905,C++,C++ (GCC 5.4.1),cpp,Accepted,78,256,237,
s837897794,p02791,u000113982,1579464905,C++,C++14 (GCC 5.4.1),cpp,Accepted,60,1024,815,
s124699625,p02791,u596587955,1579464905,C#,C# (Mono 4.6.2.0),cs,Wrong Answer,2109,31964,824,
s633757729,p02791,u814663076,1579464905,Python,Python (3.4.3),py,Accepted,183,25768,196,
s453100694,p02791,u787224158,1579464905,Go,Go (1.6),go,Time Limit Exceeded,2108,7040,323,
s369390741,p02791,u148378522,1579464904,C++,C++14 (GCC 5.4.1),cpp,Accepted,76,256,490,
s727253017,p02791,u438265890,1579464903,C++,C++14 (GCC 5.4.1),cpp,Accepted,19,1024,640,
s728796397,p02791,u193657135,1579464903,Python,Python (3.4.3),py,Accepted,116,24744,158,
s895487734,p02791,u679951803,1579464903,C,C (GCC 5.4.1),c,Wrong Answer,22,896,672,
s865165660,p02791,u695515016,1579464903,Python,Python (3.4.3),py,Wrong Answer,2104,24456,184,
s453588177,p02791,u689952197,1579464902,C++,C++ (GCC 5.4.1),cpp,Wrong Answer,1,256,294,
s743685767,p02791,u419854316,1579464902,C++,C++14 (GCC 5.4.1),cpp,Accepted,19,1024,2258,
s761621109,p02791,u440632112,1579464902,C++,C++14 (GCC 5.4.1),cpp,Time Limit Exceeded,2103,1152,473,
s932693123,p02791,u214080797,1579464902,C++,C++14 (GCC 5.4.1),cpp,Accepted,77,1024,452,
s592065480,p02791,u910994303,1579464902,C++,C++14 (GCC 5.4.1),cpp,Wrong Answer,2104,1908,591,
s642702735,p02791,u703442202,1579464901,Python,Python (3.4.3),py,Accepted,108,26012,184,
s332966924,p02791,u852862907,1579464901,C++,C++14 (GCC 5.4.1),cpp,Time Limit Exceeded,2103,1024,598,
s461895501,p02791,u661580140,1579464900,Python,Python (3.4.3),py,Accepted,89,24744,146,
s819473421,p02791,u914086391,1579464900,C++,C++14 (GCC 5.4.1),cpp,Accepted,77,256,374,
s881598875,p02791,u398355880,1579464899,Python,Python (3.4.3),py,Accepted,132,24872,164,
s319076299,p02791,u627821211,1579464899,C++,C++14 (GCC 5.4.1),cpp,Time Limit Exceeded,2103,1024,408,
s723801623,p02791,u775499932,1579464899,Python,Python (2.7.6),py,Accepted,136,19964,169,
s242182666,p02791,u458315482,1579464899,Python,Python (3.4.3),py,Accepted,106,24744,179,
s216007428,p02791,u241159583,1579464899,Python,Python (3.4.3),py,Wrong Answer,2105,26012,263,
s928841936,p02791,u127499732,1579464898,Python,PyPy3 (2.4.0),py,Time Limit Exceeded,2108,75472,177,
s981327884,p02791,u995932296,1579464898,Go,Go (1.6),go,Accepted,40,3584,678,
s725665439,p02791,u267300160,1579464897,Python,Python (3.4.3),py,Wrong Answer,181,26012,226,
s284604689,p02791,u247407965,1579464897,C++,C++14 (GCC 5.4.1),cpp,Accepted,63,1024,371,
s479145477,p02791,u621935300,1579464897,Python,PyPy2 (5.6.0),py,Accepted,82,51008,144,
s420615397,p02791,u945412921,1579464897,Ruby,Ruby (2.3.3),rb,Wrong Answer,105,17284,140,
s079911629,p02791,u376710949,1579464896,Python,Python (3.4.3),py,Wrong Answer,111,24744,130,
s182811932,p02791,u629650917,1579464895,C++,C++14 (GCC 5.4.1),cpp,Accepted,88,10368,991,
s913740293,p02791,u547099897,1579464894,C++,C++14 (GCC 5.4.1),cpp,Accepted,61,1024,324,
s859912656,p02791,u661580140,1579464894,Python,Python (3.4.3),py,Accepted,94,24744,146,
s418649684,p02791,u357983348,1579464894,C++,C++14 (GCC 5.4.1),cpp,Wrong Answer,79,1152,325,
s919953935,p02791,u644224332,1579464893,Python,Python (3.4.3),py,Time Limit Exceeded,2104,24744,385,
s718123983,p02791,u046592970,1579464892,Python,Python (3.4.3),py,Wrong Answer,135,24744,159,
s478115614,p02791,u873519963,1579464892,C++,C++14 (GCC 5.4.1),cpp,Accepted,59,1792,402,
s501842083,p02791,u756030237,1579464891,Python,Python (3.4.3),py,Wrong Answer,2104,24872,273,
s407122202,p02791,u066369439,1579464890,C++,C++14 (GCC 5.4.1),cpp,Accepted,6,1024,1232,
s278216843,p02791,u611571299,1579464889,C++,C++14 (GCC 5.4.1),cpp,Accepted,75,1792,545,
s040992170,p02791,u409962311,1579464889,Java,Java8 (OpenJDK 1.8.0),java,Accepted,490,64860,2450,
s152291734,p02791,u248447064,1579464888,C#,C# (Mono 4.6.2.0),cs,Accepted,107,34756,722,
s523343777,p02791,u420826062,1579464888,C++,C++14 (GCC 5.4.1),cpp,Accepted,18,1792,2314,
s142495397,p02791,u799164835,1579464888,C++,C++14 (GCC 5.4.1),cpp,Time Limit Exceeded,2103,1024,457,
s051255376,p02791,u347105948,1579464887,C++,C++14 (GCC 5.4.1),cpp,Accepted,77,1024,406,
s524631854,p02791,u761994361,1579464887,C++,C++14 (GCC 5.4.1),cpp,Accepted,60,1792,364,
s125048780,p02791,u251176313,1579464887,C++,C++14 (GCC 5.4.1),cpp,Accepted,77,1024,253,
s259274226,p02791,u184219731,1579464886,C++,C++ (GCC 5.4.1),cpp,Time Limit Exceeded,2103,1024,245,
s621449048,p02791,u188244611,1579464886,Python,Python (3.4.3),py,Accepted,152,24744,156,
s041702142,p02791,u230621983,1579464885,Python,Python (3.4.3),py,Time Limit Exceeded,2104,24744,158,
s964891964,p02791,u525350746,1579464883,C,C (GCC 5.4.1),c,Time Limit Exceeded,2103,896,346,
s896944626,p02791,u293317519,1579464883,C++,C++14 (GCC 5.4.1),cpp,Accepted,60,1792,282,
s118805940,p02791,u089147470,1579464882,C++,C++14 (GCC 5.4.1),cpp,Accepted,77,1024,277,
s603091824,p02791,u175846462,1579464882,Java,Java8 (OpenJDK 1.8.0),java,Wrong Answer,577,65276,329,
s885073393,p02791,u468206018,1579464882,Python,Python (3.4.3),py,Accepted,148,24744,185,
s002766150,p02791,u708890186,1579464881,Python,Python (3.4.3),py,Time Limit Exceeded,2104,26012,119,
s140702581,p02791,u808943968,1579464881,C++,C++14 (GCC 5.4.1),cpp,Wrong Answer,60,1400,408,
s834204627,p02791,u463864151,1579464880,Python,Python (3.4.3),py,Accepted,140,24744,340,
s872363787,p02791,u393512980,1579464880,Python,PyPy3 (2.4.0),py,Accepted,248,75984,623,
s119676464,p02791,u924935170,1579464879,C++,C++14 (GCC 5.4.1),cpp,Time Limit Exceeded,2103,1792,349,
s633936699,p02791,u716191775,1579464879,C++,C++14 (GCC 5.4.1),cpp,Accepted,61,3328,353,
s586230329,p02791,u872184182,1579464877,Python,Python (3.4.3),py,Runtime Error,112,24744,155,
s711789556,p02791,u900303768,1579464876,Python,Python (3.4.3),py,Wrong Answer,180,24744,258,
s063914452,p02791,u523698212,1579464875,C++,C++14 (GCC 5.4.1),cpp,Accepted,60,1024,207,
s113780859,p02791,u930957768,1579464875,C++,C++14 (GCC 5.4.1),cpp,Accepted,79,256,486,
s457267697,p02791,u877184069,1579464875,Python,PyPy3 (2.4.0),py,Time Limit Exceeded,2107,119420,152,
s621483430,p02791,u706567482,1579464874,C++,C++14 (GCC 5.4.1),cpp,Accepted,18,1792,2637,
s061446614,p02791,u154645927,1579464873,C++,C++14 (GCC 5.4.1),cpp,Accepted,18,1792,2367,
s917362892,p02791,u568855891,1579464873,Python,Python (3.4.3),py,Accepted,111,24744,172,
s418347352,p02791,u971113766,1579464872,C++,C++14 (GCC 5.4.1),cpp,Accepted,63,1792,463,
s859990903,p02791,u689403258,1579464871,C++,C++14 (GCC 5.4.1),cpp,Wrong Answer,2103,1024,524,
s354955458,p02791,u196459407,1579464871,C++,C++14 (GCC 5.4.1),cpp,Accepted,77,256,292,
s832467179,p02791,u116518875,1579464871,C++,C++14 (GCC 5.4.1),cpp,Accepted,76,256,669,
s465625560,p02791,u434901320,1579464871,C++,C++14 (GCC 5.4.1),cpp,Wrong Answer,2103,256,276,
s012167569,p02791,u442097733,1579464871,C++,C++14 (GCC 5.4.1),cpp,Time Limit Exceeded,2103,1024,497,
s245278223,p02791,u488763956,1579464870,C++,C++14 (GCC 5.4.1),cpp,Accepted,17,256,3368,
s349762524,p02791,u514401521,1579464870,Python,Python (3.4.3),py,Accepted,158,24872,169,
s372880409,p02791,u933717615,1579464869,Python,Python (3.4.3),py,Accepted,155,24744,174,
s406798714,p02791,u808160425,1579464868,Kotlin,Kotlin (1.0.0),kt,Time Limit Exceeded,2111,84920,318,
s257547586,p02791,u358254559,1579464868,Python,Python (3.4.3),py,Time Limit Exceeded,2109,26012,289,
s363216618,p02791,u879436400,1579464867,C++,C++14 (GCC 5.4.1),cpp,Accepted,93,1792,768,
s606031316,p02791,u521040115,1579464867,C++,C++14 (GCC 5.4.1),cpp,Wrong Answer,59,1792,586,
s267238678,p02791,u474551232,1579464866,C++,C++14 (GCC 5.4.1),cpp,Wrong Answer,67,1792,816,
s864177861,p02791,u600118696,1579464865,C++,C++14 (GCC 5.4.1),cpp,Time Limit Exceeded,2103,1408,472,
s000065313,p02791,u879584308,1579464864,Python,PyPy3 (2.4.0),py,Accepted,269,85428,289,
s743438193,p02791,u748449771,1579464864,C++,C++14 (GCC 5.4.1),cpp,Accepted,78,256,388,
s617041208,p02791,u202550027,1579464864,C++,C++14 (GCC 5.4.1),cpp,Time Limit Exceeded,2103,1024,691,
s797178062,p02791,u289850107,1579464863,C++,C++14 (GCC 5.4.1),cpp,Accepted,77,1024,322,
s396181618,p02791,u868205915,1579464863,C++,C++14 (GCC 5.4.1),cpp,Accepted,60,1024,405,
s504409016,p02791,u335173012,1579464863,C++,C++14 (GCC 5.4.1),cpp,Accepted,60,256,440,
s189601320,p02791,u456633003,1579464862,C++,C++14 (GCC 5.4.1),cpp,Time Limit Exceeded,2103,1024,404,
s783128074,p02791,u802237789,1579464862,C++,C++14 (GCC 5.4.1),cpp,Wrong Answer,114,10368,3720,
s053708589,p02791,u952669998,1579464861,Python,Python (3.4.3),py,Time Limit Exceeded,2104,24744,179,
s029384742,p02791,u232873434,1579464861,Python,Python (3.4.3),py,Wrong Answer,2104,17940,238,
s172859717,p02791,u181776165,1579464861,C++,C++14 (GCC 5.4.1),cpp,Accepted,21,256,345,
s517459120,p02791,u149915253,1579464861,C++,C++14 (GCC 5.4.1),cpp,Time Limit Exceeded,2103,1792,521,
s269772506,p02791,u663259726,1579464860,C#,C# (Mono 4.6.2.0),cs,Accepted,112,35676,516,
s288718628,p02791,u892002048,1579464860,C++,C++14 (GCC 5.4.1),cpp,Wrong Answer,78,4096,255,
s306119794,p02791,u893907405,1579464859,C++,C++14 (GCC 5.4.1),cpp,Time Limit Exceeded,2103,1792,444,
s777241329,p02791,u899084195,1579464858,C++,C++14 (GCC 5.4.1),cpp,Accepted,79,256,265,
s697322079,p02791,u056626722,1579464858,D,D (DMD64 v2.070.1),d,Accepted,39,11152,601,
s215605522,p02791,u890183245,1579464857,Python,PyPy3 (2.4.0),py,Time Limit Exceeded,2107,75472,173,
s098680056,p02791,u318042557,1579464856,C++,C++14 (GCC 5.4.1),cpp,Accepted,19,1024,557,
s199953508,p02791,u428229036,1579464855,C++,C++14 (GCC 5.4.1),cpp,Accepted,77,1024,275,
s626604147,p02791,u053360288,1579464855,C++,C++14 (GCC 5.4.1),cpp,Accepted,60,1024,375,
s075452655,p02791,u416223629,1579464854,Python,Python (3.4.3),py,Time Limit Exceeded,2104,24872,163,
s116922153,p02791,u599444495,1579464854,Nim,Nim (0.13.0),nim,Accepted,33,13820,341,
s962808119,p02791,u619455726,1579464854,Python,Python (3.4.3),py,Runtime Error,66,24872,202,
s800254174,p02791,u291028869,1579464853,Python,Python (3.4.3),py,Accepted,93,24744,138,
s594564326,p02791,u527261492,1579464852,Python,Python (3.4.3),py,Accepted,106,24744,128,
s468273947,p02791,u186206732,1579464852,Python,Python (3.4.3),py,Accepted,93,24744,186,
s869159426,p02791,u381721359,1579464851,C++,C++14 (GCC 5.4.1),cpp,Runtime Error,98,256,306,
s568830986,p02791,u450821483,1579464851,C++,C++14 (GCC 5.4.1),cpp,Accepted,61,1400,493,
s691352171,p02791,u596979123,1579464850,Python,PyPy3 (2.4.0),py,Accepted,248,75344,170,
s920446112,p02791,u813569174,1579464850,Python,PyPy3 (2.4.0),py,Accepted,262,75472,123,
s232194765,p02791,u760748346,1579464850,C++,C++14 (GCC 5.4.1),cpp,Time Limit Exceeded,2103,1024,568,
s830967135,p02791,u789673251,1579464850,C++,C++14 (GCC 5.4.1),cpp,Time Limit Exceeded,2107,896,413,
s960403985,p02791,u164727245,1579464849,Python,Python (3.4.3),py,Accepted,112,26012,347,
s920132162,p02791,u715268393,1579464848,Scala,Scala (2.11.7),scala,Accepted,856,80896,275,
s725558803,p02791,u635109814,1579464848,C++,C++14 (GCC 5.4.1),cpp,Accepted,59,1792,407,
s708370821,p02791,u979499235,1579464846,C++,C++14 (GCC 5.4.1),cpp,Accepted,55,1400,425,
s626957175,p02791,u500415792,1579464845,Python,Python (3.4.3),py,Accepted,114,24744,251,
s900956857,p02791,u826554341,1579464845,Python,Python (3.4.3),py,Wrong Answer,120,25768,137,
s776326326,p02791,u003209891,1579464845,C++,C++14 (GCC 5.4.1),cpp,Accepted,70,1792,662,
s334962464,p02791,u159757108,1579464844,C++,C++14 (GCC 5.4.1),cpp,Time Limit Exceeded,2103,1024,536,
s785511633,p02791,u547099897,1579464843,C++,C++14 (GCC 5.4.1),cpp,Compile Error,,,600,
s758612530,p02791,u448147261,1579464842,C++,C++14 (GCC 5.4.1),cpp,Accepted,18,1792,959,
s571696326,p02791,u159723084,1579464842,Python,Python (3.4.3),py,Time Limit Exceeded,2104,17940,282,
s130139980,p02791,u984276646,1579464842,Python,Python (3.4.3),py,Accepted,114,24744,141,
s320561351,p02791,u271454647,1579464841,C++,C++14 (GCC 5.4.1),cpp,Wrong Answer,1,256,2636,
s034914461,p02791,u725107050,1579464841,Python,Python (3.4.3),py,Accepted,104,24744,170,
s751813760,p02791,u195355592,1579464840,Python,Python (3.4.3),py,Wrong Answer,107,18216,191,
s924500933,p02791,u526365587,1579464840,Java,Java8 (OpenJDK 1.8.0),java,Time Limit Exceeded,2109,51200,1597,
s017253155,p02791,u174617349,1579464840,Rust,Rust (1.15.1),rs,Time Limit Exceeded,2103,6396,826,
s860449417,p02791,u031847680,1579464839,Python,Python (3.4.3),py,Accepted,94,24744,254,
s314221498,p02791,u871116581,1579464839,C,C (GCC 5.4.1),c,Accepted,24,1664,566,
s513249844,p02791,u667624765,1579464839,PHP,PHP (5.6.30),php,Wrong Answer,96,39940,233,
s609476232,p02791,u728303437,1579464837,Python,Python (3.4.3),py,Time Limit Exceeded,2104,18796,163,
s716465746,p02791,u108540384,1579464836,C++,C++14 (GCC 5.4.1),cpp,Accepted,66,2936,440,
s483747351,p02791,u340781303,1579464836,Python,Python (3.4.3),py,Wrong Answer,85,18056,115,
s264253653,p02791,u492495691,1579464834,C++,C++14 (GCC 5.4.1),cpp,Time Limit Exceeded,2103,1024,363,
s036944680,p02791,u593081125,1579464834,C++,C++14 (GCC 5.4.1),cpp,Time Limit Exceeded,2103,2936,1296,
s510813531,p02791,u747266415,1579464833,C++,C++14 (GCC 5.4.1),cpp,Accepted,20,3328,545,
s450569107,p02791,u596587955,1579464833,C#,C# (Mono 4.6.2.0),cs,Wrong Answer,2109,33628,823,
s104445395,p02791,u141574039,1579464833,Python,Python (3.4.3),py,Accepted,174,26012,172,
s745833183,p02791,u837677955,1579464833,Python,Python (3.4.3),py,Accepted,110,24744,243,
s470242890,p02791,u913309375,1579464832,JavaScript,JavaScript (node.js v5.12),js,Wrong Answer,217,21520,409,
s209984512,p02791,u305744669,1579464832,Python,Python (3.4.3),py,Time Limit Exceeded,2104,24872,219,
s065110660,p02791,u231776587,1579464831,Python,PyPy3 (2.4.0),py,Time Limit Exceeded,2111,136952,136,
s296639838,p02791,u518703962,1579464831,Java,Java8 (OpenJDK 1.8.0),java,Time Limit Exceeded,2109,85080,485,
s347981878,p02791,u379136995,1579464830,Go,Go (1.6),go,Time Limit Exceeded,2107,4992,289,
s568772601,p02791,u962383502,1579464830,C++,C++14 (GCC 5.4.1),cpp,Accepted,78,1792,396,
s144979838,p02791,u698598617,1579464830,C++,C++14 (GCC 5.4.1),cpp,Accepted,62,1024,440,
s234247743,p02791,u383551754,1579464829,C++,C++14 (GCC 5.4.1),cpp,Time Limit Exceeded,2103,1024,371,
s633349673,p02791,u259684121,1579464829,C++,C++14 (GCC 5.4.1),cpp,Time Limit Exceeded,2103,1024,539,
s682821384,p02791,u839224193,1579464829,Python,Python (3.4.3),py,Accepted,109,24744,158,
s730888847,p02791,u982591663,1579464828,Python,Python (3.4.3),py,Time Limit Exceeded,2104,24744,173,
s937738606,p02791,u300768980,1579464828,C++,C++14 (GCC 5.4.1),cpp,Accepted,22,1024,265,
s798496826,p02791,u737491054,1579464828,Python,Python (3.4.3),py,Time Limit Exceeded,2104,24744,145,
s084986303,p02791,u265679940,1579464827,Ruby,Ruby (2.3.3),rb,Time Limit Exceeded,2108,18564,217,
s069912258,p02791,u516210981,1579464827,Rust,Rust (1.15.1),rs,Wrong Answer,15,10492,2189,
s072654018,p02791,u023457099,1579464827,C++,C++14 (GCC 5.4.1),cpp,Wrong Answer,19,1792,323,
s452484793,p02791,u914460803,1579464827,C++,C++14 (GCC 5.4.1),cpp,Accepted,61,1792,341,
s392238819,p02791,u061892265,1579464826,C++,C++ (GCC 5.4.1),cpp,Wrong Answer,2103,1280,698,
s256401054,p02791,u776649162,1579464825,Ruby,Ruby (2.3.3),rb,Time Limit Exceeded,2108,17308,140,
s923702887,p02791,u163865296,1579464825,PHP,PHP (5.6.30),php,Accepted,103,39684,180,
s172181045,p02791,u481134321,1579464824,C++,C++14 (GCC 5.4.1),cpp,Runtime Error,136,640,367,
s187133507,p02791,u357230322,1579464823,Python,Python (3.4.3),py,Time Limit Exceeded,2104,24744,147,
s696850580,p02791,u837286475,1579464823,Python,Python (3.4.3),py,Wrong Answer,115,24744,188,
s615991822,p02791,u753615299,1579464822,C++,C++14 (GCC 5.4.1),cpp,Accepted,60,1792,438,
s360387255,p02791,u219157465,1579464822,Python,Python (3.4.3),py,Accepted,160,24872,291,
s934045493,p02791,u791013618,1579464821,Python,Python (3.4.3),py,Accepted,130,26012,189,
s877951784,p02791,u852862907,1579464820,C++,C++14 (GCC 5.4.1),cpp,Time Limit Exceeded,2103,1024,575,
s460559779,p02791,u451012573,1579464820,Python,Python (3.4.3),py,Time Limit Exceeded,2104,24744,185,
s423923739,p02791,u971096161,1579464820,Python,Python (3.4.3),py,Time Limit Exceeded,2104,24744,177,
s432867758,p02791,u537852947,1579464819,C++,C++14 (GCC 5.4.1),cpp,Accepted,77,1024,313,
s292977162,p02791,u232463689,1579464818,C++,C++14 (GCC 5.4.1),cpp,Wrong Answer,77,1024,340,
s116786367,p02791,u633303723,1579464818,C#,C# (Mono 4.6.2.0),cs,Time Limit Exceeded,2109,29916,4622,
s472248714,p02791,u848678027,1579464818,Python,Python (3.4.3),py,Accepted,123,25768,428,
s334234806,p02791,u492642747,1579464817,Java,Java8 (OpenJDK 1.8.0),java,Time Limit Exceeded,2109,57420,763,
s767454830,p02791,u683769494,1579464817,C++,C++14 (GCC 5.4.1),cpp,Wrong Answer,2103,3712,1198,
s586210966,p02791,u882696550,1579464816,Python,Python (3.4.3),py,Time Limit Exceeded,2104,26012,261,
s981365678,p02791,u290886932,1579464816,Python,Python (3.4.3),py,Time Limit Exceeded,2104,26012,135,
s075780659,p02791,u700805562,1579464816,Python,Python (3.4.3),py,Accepted,146,24744,162,
s838845104,p02791,u336381735,1579464815,C++,C++14 (GCC 5.4.1),cpp,Time Limit Exceeded,2103,1024,626,
s738306238,p02791,u477915050,1579464815,Python,Python (3.4.3),py,Time Limit Exceeded,2104,24744,221,
s515985326,p02791,u390901183,1579464815,Python,Python (3.4.3),py,Accepted,144,24744,178,
s196851261,p02791,u343523553,1579464814,Python,Python (3.4.3),py,Time Limit Exceeded,2104,24744,167,
s646605603,p02791,u003552316,1579464814,C++,C++14 (Clang 3.8.0),cpp,Time Limit Exceeded,2103,1792,1035,
s337066678,p02791,u870915337,1579464814,C,C (GCC 5.4.1),c,Time Limit Exceeded,2103,896,406,
s299875816,p02791,u955488057,1579464814,Python,Python (3.4.3),py,Accepted,102,24744,325,
s121081492,p02791,u554897099,1579464813,C++,C++14 (GCC 5.4.1),cpp,Accepted,18,1792,2095,
s101179146,p02791,u267717963,1579464813,C,C (GCC 5.4.1),c,Accepted,22,896,289,
s309585229,p02791,u000269548,1579464812,C++,C++14 (GCC 5.4.1),cpp,Accepted,123,9600,551,
s860395199,p02791,u740900993,1579464812,Java,Java8 (OpenJDK 1.8.0),java,Time Limit Exceeded,2110,349324,748,
s259432890,p02791,u690263481,1579464812,Lisp,Common Lisp (SBCL 1.1.14),l,Accepted,424,61800,414,
s076625193,p02791,u680968127,1579464811,C++,C++14 (GCC 5.4.1),cpp,Wrong Answer,2103,1280,373,
s031137889,p02791,u991462056,1579464811,C++,C++14 (GCC 5.4.1),cpp,Wrong Answer,62,1792,264,
s381005266,p02791,u663438907,1579464810,Python,Python (3.4.3),py,Time Limit Exceeded,2104,24744,204,
s002838479,p02791,u302000346,1579464810,C++,C++14 (GCC 5.4.1),cpp,Accepted,78,1024,583,
s879379327,p02791,u239917977,1579464809,Python,Python (3.4.3),py,Time Limit Exceeded,2104,24744,203,
s988795144,p02791,u848680818,1579464809,Python,Python (3.4.3),py,Wrong Answer,111,24744,128,
s906923499,p02791,u505830998,1579464809,Python,PyPy3 (2.4.0),py,Accepted,245,75216,475,
s945474636,p02791,u917789482,1579464808,C++,C++14 (Clang 3.8.0),cpp,Time Limit Exceeded,2103,1024,1038,
s477507239,p02791,u131443777,1579464808,C++,C++14 (Clang 3.8.0),cpp,Time Limit Exceeded,2103,1024,465,
s863097733,p02791,u438319362,1579464807,C++,C++14 (GCC 5.4.1),cpp,Accepted,60,1792,1060,
s779388120,p02791,u967669872,1579464807,Go,Go (1.6),go,Time Limit Exceeded,2108,8960,3826,
s962787202,p02791,u831822517,1579464806,C++,C++14 (GCC 5.4.1),cpp,Time Limit Exceeded,2103,1792,461,
s722008127,p02791,u358957649,1579464805,Python,Python (3.4.3),py,Accepted,110,24744,210,
s203149267,p02791,u872184182,1579464805,Python,Python (3.4.3),py,Wrong Answer,110,24744,153,
s531090672,p02791,u853185302,1579464805,Python,Python (3.4.3),py,Accepted,94,24744,137,
s421404363,p02791,u032222383,1579464805,Python,Python (3.4.3),py,Time Limit Exceeded,2104,24744,209,
s258834141,p02791,u771577506,1579464804,Python,PyPy3 (2.4.0),py,Time Limit Exceeded,2107,77548,245,
s188774314,p02791,u541294527,1579464804,Python,PyPy3 (2.4.0),py,Wrong Answer,243,75472,140,
s736512202,p02791,u783408650,1579464803,C++,C++14 (GCC 5.4.1),cpp,Time Limit Exceeded,2103,1792,415,
s154913063,p02791,u657913472,1579464803,Bash,Bash (GNU bash v4.3.11),sh,Wrong Answer,87,1568,37,
s302127765,p02791,u263564761,1579464803,C,C (GCC 5.4.1),c,Accepted,22,896,328,
s615881329,p02791,u387371565,1579464802,C++,C++14 (GCC 5.4.1),cpp,Time Limit Exceeded,2103,1024,338,
s163629542,p02791,u798579567,1579464802,Python,PyPy3 (2.4.0),py,Time Limit Exceeded,2107,85456,276,
s861756334,p02791,u230416699,1579464802,Python,Python (3.4.3),py,Accepted,149,24744,176,
s666999625,p02791,u375695365,1579464802,Python,Python (3.4.3),py,Accepted,114,24744,154,
s979758401,p02791,u184261931,1579464802,C++,C++ (GCC 5.4.1),cpp,Accepted,79,1024,306,
s516288341,p02791,u214080797,1579464801,C++,C++14 (GCC 5.4.1),cpp,Runtime Error,187,640,431,
s421159204,p02791,u389766217,1579464801,C++,C++14 (GCC 5.4.1),cpp,Time Limit Exceeded,2103,1024,550,
s093854045,p02791,u839188633,1579464800,Python,Python (3.4.3),py,Accepted,104,24744,179,
s158748183,p02791,u109266345,1579464800,Python,Python (3.4.3),py,Accepted,159,24744,181,
s002033542,p02791,u157433024,1579464800,C++,C++14 (GCC 5.4.1),cpp,Time Limit Exceeded,2103,1024,785,
s575381138,p02791,u103686642,1579464799,C++,C++14 (GCC 5.4.1),cpp,Wrong Answer,77,256,690,
s672837524,p02791,u821383426,1579464799,C++,C++14 (GCC 5.4.1),cpp,Accepted,77,1024,275,
s532222816,p02791,u538296524,1579464798,Python,Python (3.4.3),py,Accepted,90,24744,231,
s281929317,p02791,u868122359,1579464798,C++,C++14 (GCC 5.4.1),cpp,Runtime Error,173,1024,358,
s847727413,p02791,u003209891,1579464798,C++,C++14 (GCC 5.4.1),cpp,Runtime Error,100,256,662,
s411496370,p02791,u063703408,1579464797,Python,Python (3.4.3),py,Accepted,111,24744,201,
s272034675,p02791,u203383537,1579464797,Python,Python (3.4.3),py,Time Limit Exceeded,2108,24744,131,
s532730438,p02791,u257724718,1579464797,C++,C++14 (GCC 5.4.1),cpp,Time Limit Exceeded,2103,1024,432,
s935288662,p02791,u585070471,1579464796,Python,Python (3.4.3),py,Time Limit Exceeded,2104,24744,275,
s457988626,p02791,u355371431,1579464796,Python,PyPy3 (2.4.0),py,Time Limit Exceeded,2111,136788,158,
s080830217,p02791,u530195688,1579464795,C++,C++14 (GCC 5.4.1),cpp,Accepted,79,1024,356,
s944919542,p02791,u866325115,1579464795,Ruby,Ruby (2.3.3),rb,Time Limit Exceeded,2108,19588,305,
s169440439,p02791,u376002838,1579464795,C++,C++14 (GCC 5.4.1),cpp,Accepted,59,256,356,
s983188196,p02791,u886832246,1579464794,Python,Python (3.4.3),py,Wrong Answer,111,24744,174,
s859879213,p02791,u872899896,1579464793,C++,C++14 (GCC 5.4.1),cpp,Accepted,77,1024,324,
s293011021,p02791,u823044869,1579464793,Python,PyPy3 (2.4.0),py,Time Limit Exceeded,2111,136704,227,
s995275264,p02791,u190616335,1579464792,Python,Python (3.4.3),py,Accepted,126,24744,271,
s921593381,p02791,u037675241,1579464792,C++,C++14 (GCC 5.4.1),cpp,Accepted,79,1024,626,
s080943901,p02791,u340011366,1579464792,C++,C++14 (GCC 5.4.1),cpp,Wrong Answer,19,1024,1336,
s219115740,p02791,u620290065,1579464792,C++,C++14 (GCC 5.4.1),cpp,Wrong Answer,59,256,314,
s953980294,p02791,u270220186,1579464792,C++,C++14 (GCC 5.4.1),cpp,Time Limit Exceeded,2103,1024,536,
s274637905,p02791,u976162616,1579464791,Rust,Rust (1.15.1),rs,Accepted,61,12668,3048,
s482278138,p02791,u370388551,1579464791,C++,C++14 (GCC 5.4.1),cpp,Wrong Answer,78,4864,1207,
s706435658,p02791,u598554142,1579464790,Kotlin,Kotlin (1.0.0),kt,Accepted,579,71332,333,
s004357863,p02791,u326609687,1579464789,Python,Python (3.4.3),py,Accepted,88,16916,149,
s828332910,p02791,u945949346,1579464788,Haskell,Haskell (GHC 7.10.3),hs,Time Limit Exceeded,2107,70140,312,
s848902082,p02791,u450983668,1579464788,Python,Python (3.4.3),py,Time Limit Exceeded,2104,25116,148,
s064560922,p02791,u836737505,1579464788,Python,Python (3.4.3),py,Accepted,144,24744,155,
s198758435,p02791,u030314915,1579464787,Python,Python (3.4.3),py,Time Limit Exceeded,2108,24744,203,
s930517082,p02791,u142444033,1579464787,C++,C++14 (GCC 5.4.1),cpp,Accepted,80,1024,594,
s576973248,p02791,u381721359,1579464787,C++,C++14 (GCC 5.4.1),cpp,Runtime Error,125,256,356,
s793360573,p02791,u337657882,1579464786,C,C (GCC 5.4.1),c,Accepted,22,1024,238,
s204991478,p02791,u644166691,1579464785,C++,C++14 (GCC 5.4.1),cpp,Accepted,77,1024,335,
s442886762,p02791,u565692645,1579464785,C++,C++14 (GCC 5.4.1),cpp,Accepted,60,1792,361,
s247315271,p02791,u871543332,1579464785,C++,C++14 (GCC 5.4.1),cpp,Accepted,62,1024,313,
s092233962,p02791,u134381136,1579464784,C#,C# (Mono 4.6.2.0),cs,Accepted,107,33884,2184,
s025804709,p02791,u231776587,1579464784,Python,Python (3.4.3),py,Time Limit Exceeded,2104,24744,136,
s608241939,p02791,u184817817,1579464784,Python,Python (3.4.3),py,Accepted,343,24872,237,
s508916511,p02791,u714851895,1579464783,C,C (GCC 5.4.1),c,Accepted,24,896,289,
s555252639,p02791,u685019390,1579464783,Java,Java8 (OpenJDK 1.8.0),java,Time Limit Exceeded,2112,58284,551,
s404648812,p02791,u891346638,1579464783,C++,C++14 (GCC 5.4.1),cpp,Accepted,63,1024,378,
s057430222,p02791,u136342563,1579464783,C++,C++14 (GCC 5.4.1),cpp,Accepted,64,1024,619,
s552383835,p02791,u506846578,1579464783,C++,C++14 (GCC 5.4.1),cpp,Accepted,77,1024,346,
s624460556,p02791,u167245594,1579464782,C++,C++14 (GCC 5.4.1),cpp,Accepted,77,1024,263,
s047908790,p02791,u856362477,1579464781,Python,Python (3.4.3),py,Accepted,110,24744,197,
s454609633,p02791,u692691139,1579464779,Python,Python (3.4.3),py,Wrong Answer,281,25768,174,
s951389767,p02791,u259046272,1579464779,C++,C++14 (Clang 3.8.0),cpp,Accepted,259,9600,442,
s432872240,p02791,u446895139,1579464779,C++,C++14 (GCC 5.4.1),cpp,Accepted,61,1024,326,
s182246110,p02791,u950825280,1579464778,Python,Python (3.4.3),py,Time Limit Exceeded,2104,24744,151,
s136227582,p02791,u294531924,1579464778,C++,C++14 (GCC 5.4.1),cpp,Accepted,19,1024,2544,
s373920689,p02791,u494353893,1579464777,C++,C++14 (GCC 5.4.1),cpp,Wrong Answer,59,256,484,
s863519090,p02791,u369190981,1579464776,Java,Java8 (OpenJDK 1.8.0),java,Accepted,137,81176,4118,
s639487197,p02791,u554990639,1579464776,C++,C++14 (Clang 3.8.0),cpp,Time Limit Exceeded,2103,1024,1174,
s523729596,p02791,u214561383,1579464776,Python,Python (3.4.3),py,Time Limit Exceeded,2104,24744,169,
s699110064,p02791,u290886932,1579464774,Python,Python (3.4.3),py,Wrong Answer,2104,24872,135,
s197297784,p02791,u280517956,1579464774,C++,C++14 (GCC 5.4.1),cpp,Wrong Answer,28,2168,569,
s898508933,p02791,u737877067,1579464773,C++,C++14 (GCC 5.4.1),cpp,Time Limit Exceeded,2103,1024,657,
s965753843,p02791,u058809975,1579464773,Python,Python (3.4.3),py,Accepted,109,24744,133,
s975933916,p02791,u057996804,1579464773,Python,Python (3.4.3),py,Time Limit Exceeded,2104,24744,337,
s951368540,p02791,u711620077,1579464772,Java,Java8 (OpenJDK 1.8.0),java,Wrong Answer,573,65276,499,
s588716721,p02791,u607953633,1579464772,Java,Java8 (OpenJDK 1.8.0),java,Accepted,584,64816,424,
s282734450,p02791,u463655976,1579464772,Go,Go (1.6),go,Accepted,43,9344,2848,
s964310236,p02791,u780842576,1579464771,C++,C++14 (GCC 5.4.1),cpp,Accepted,78,256,303,
s208497392,p02791,u192159607,1579464771,C++,C++14 (GCC 5.4.1),cpp,Accepted,18,256,429,
s686667291,p02791,u175752990,1579464771,Java,Java8 (OpenJDK 1.8.0),java,Accepted,439,50556,516,
s049989641,p02791,u135400146,1579464771,Java,Java8 (OpenJDK 1.8.0),java,Wrong Answer,579,64148,476,
s625199009,p02791,u181373044,1579464770,C++,C++14 (GCC 5.4.1),cpp,Time Limit Exceeded,2103,1024,386,
s690566177,p02791,u518703962,1579464770,Java,Java8 (OpenJDK 1.8.0),java,Time Limit Exceeded,2109,83348,473,
s054102388,p02791,u759509597,1579464770,C++,C++14 (GCC 5.4.1),cpp,Time Limit Exceeded,2103,11136,1124,
s015334708,p02791,u977890326,1579464770,C++,C++14 (GCC 5.4.1),cpp,Accepted,76,256,443,
s561488593,p02791,u674491576,1579464770,C++,C++14 (GCC 5.4.1),cpp,Time Limit Exceeded,2103,2420,625,
s400656697,p02791,u176590289,1579464769,Java,Java8 (OpenJDK 1.8.0),java,Time Limit Exceeded,2109,65860,424,
s193654493,p02791,u080374274,1579464768,C++,C++14 (GCC 5.4.1),cpp,Accepted,21,1024,366,
s040335755,p02791,u779655095,1579464768,C,C (GCC 5.4.1),c,Runtime Error,99,256,328,
s214812169,p02791,u392433152,1579464768,Python,Python (3.4.3),py,Accepted,97,24744,116,
s286079855,p02791,u602672972,1579464767,C++,C++14 (GCC 5.4.1),cpp,Wrong Answer,2107,1792,365,
s352932454,p02791,u716591375,1579464767,C++,C++14 (GCC 5.4.1),cpp,Accepted,22,1792,374,
s018405122,p02791,u510336555,1579464767,C++,C++14 (GCC 5.4.1),cpp,Accepted,77,1024,435,
s445212495,p02791,u673361376,1579464767,Python,PyPy3 (2.4.0),py,Accepted,258,85584,268,
s914669028,p02791,u601129993,1579464766,C++,C++14 (GCC 5.4.1),cpp,Time Limit Exceeded,2103,1024,337,
s090199263,p02791,u593938737,1579464765,C++,C++14 (GCC 5.4.1),cpp,Accepted,61,1024,367,
s876534521,p02791,u477848816,1579464765,C++,C++14 (GCC 5.4.1),cpp,Accepted,77,1024,282,
s568306849,p02791,u880763919,1579464765,C++,C++14 (GCC 5.4.1),cpp,Time Limit Exceeded,2103,1024,490,
s979600533,p02791,u412035967,1579464764,Python,PyPy3 (2.4.0),py,Time Limit Exceeded,2107,77392,176,
s778359248,p02791,u437860615,1579464764,Python,Python (3.4.3),py,Accepted,89,24744,158,
s944276473,p02791,u829737781,1579464764,C++,C++14 (GCC 5.4.1),cpp,Accepted,19,1792,831,
s293569814,p02791,u093219895,1579464764,C++,C++14 (GCC 5.4.1),cpp,Accepted,19,1024,9093,
s393532453,p02791,u954587078,1579464763,Fortran,Fortran (gfortran v4.8.4),f,Accepted,53,1536,426,
s827658338,p02791,u163829702,1579464763,Python,Python (3.4.3),py,Accepted,111,24744,163,
s369228214,p02791,u291028869,1579464763,Python,Python (3.4.3),py,Wrong Answer,223,24744,153,
s302026174,p02791,u873904588,1579464763,Python,PyPy3 (2.4.0),py,Accepted,262,75728,244,
s111547427,p02791,u745386505,1579464762,C++,C++14 (GCC 5.4.1),cpp,Time Limit Exceeded,2103,1152,485,
s337036925,p02791,u393845791,1579464762,C++,C++14 (GCC 5.4.1),cpp,Time Limit Exceeded,2103,1400,441,
s041845418,p02791,u515638999,1579464761,C++,C++14 (GCC 5.4.1),cpp,Accepted,63,1024,458,
s944674330,p02791,u389009751,1579464760,C++,C++14 (Clang 3.8.0),cpp,Accepted,166,888,527,
s537098899,p02791,u183422236,1579464760,Python,PyPy3 (2.4.0),py,Time Limit Exceeded,2109,137080,154,
s727433123,p02791,u438265890,1579464760,C++,C++14 (GCC 5.4.1),cpp,Time Limit Exceeded,2103,1024,645,
s843717912,p02791,u644224332,1579464760,Python,Python (3.4.3),py,Time Limit Exceeded,2104,26012,359,
s571156786,p02791,u976560086,1579464760,C++,C++14 (GCC 5.4.1),cpp,Time Limit Exceeded,2103,1792,1329,
s391406189,p02791,u796757329,1579464760,C++,C++14 (GCC 5.4.1),cpp,Accepted,59,1792,441,
s542866587,p02791,u799752754,1579464760,C++,C++14 (GCC 5.4.1),cpp,Accepted,60,1792,441,
s986008119,p02791,u310042769,1579464759,C++,C++14 (GCC 5.4.1),cpp,Accepted,12,256,636,
s815707626,p02791,u931118906,1579464757,Python,Python (3.4.3),py,Accepted,95,24744,157,
s569410126,p02791,u405975963,1579464757,C++,C++14 (GCC 5.4.1),cpp,Time Limit Exceeded,2103,1024,305,
s938465908,p02791,u761087127,1579464756,Python,Python (3.4.3),py,Time Limit Exceeded,2104,25768,134,
s947484971,p02791,u850516963,1579464755,C++,C++14 (GCC 5.4.1),cpp,Accepted,60,1024,1575,
s401914882,p02791,u453725440,1579464755,C++,C++14 (GCC 5.4.1),cpp,Wrong Answer,18,1024,1398,
s305329775,p02791,u665893287,1579464755,Go,Go (1.6),go,Accepted,943,4992,284,
s524658254,p02791,u153902122,1579464755,Python,Python (3.4.3),py,Time Limit Exceeded,2104,24744,267,
s489491130,p02791,u742960659,1579464754,C#,C# (Mono 4.6.2.0),cs,Accepted,112,31580,638,
s022527088,p02791,u458306277,1579464753,C++,C++14 (GCC 5.4.1),cpp,Time Limit Exceeded,2103,1024,264,
s122555733,p02791,u906227026,1579464753,C++,C++14 (GCC 5.4.1),cpp,Accepted,94,9600,1668,
s888896872,p02791,u232873434,1579464753,Python,Python (3.4.3),py,Wrong Answer,2105,17940,197,
s905266405,p02791,u696198557,1579464753,C++,C++14 (GCC 5.4.1),cpp,Accepted,60,1152,332,
s522861567,p02791,u026172075,1579464752,C++,C++14 (GCC 5.4.1),cpp,Time Limit Exceeded,2103,1792,1085,
s128190519,p02791,u595375942,1579464752,Python,Python (3.4.3),py,Accepted,145,24744,185,
s937848798,p02791,u575101291,1579464752,Python,Python (3.4.3),py,Wrong Answer,89,19368,137,
s115872240,p02791,u009885900,1579464752,Python,Python (3.4.3),py,Time Limit Exceeded,2104,26012,237,
s839270752,p02791,u816070625,1579464752,Python,Python (3.4.3),py,Time Limit Exceeded,2104,24744,161,
s670908091,p02791,u503834656,1579464752,C,C (GCC 5.4.1),c,Runtime Error,98,128,388,
s412812403,p02791,u075155299,1579464752,Python,Python (3.4.3),py,Time Limit Exceeded,2104,24744,137,
s401464168,p02791,u053412885,1579464751,C++,C++14 (GCC 5.4.1),cpp,Accepted,68,1792,1051,
s080291826,p02791,u553461888,1579464750,C++,C++14 (GCC 5.4.1),cpp,Accepted,63,1792,950,
s681854301,p02791,u188486233,1579464749,C,C (GCC 5.4.1),c,Time Limit Exceeded,2103,896,358,
s075582616,p02791,u207867075,1579464749,C++,C++14 (GCC 5.4.1),cpp,Accepted,19,1024,551,
s577640589,p02791,u636290142,1579464749,Python,PyPy3 (2.4.0),py,Accepted,264,76496,199,
s400666814,p02791,u270467412,1579464748,Python,Python (3.4.3),py,Time Limit Exceeded,2104,24744,249,
s127272586,p02791,u974292946,1579464748,Python,Python (3.4.3),py,Accepted,119,24744,220,
s027292036,p02791,u802712220,1579464748,C++,C++14 (GCC 5.4.1),cpp,Wrong Answer,19,1024,2207,
s127805577,p02791,u775507068,1579464748,C++,C++14 (GCC 5.4.1),cpp,Wrong Answer,2103,1792,1327,
s846505769,p02791,u722211380,1579464748,C++,C++14 (GCC 5.4.1),cpp,Accepted,22,1024,382,
s370152312,p02791,u794250528,1579464747,Go,Go (1.6),go,Accepted,45,7040,1295,
s488857311,p02791,u673058945,1579464747,C++,C++14 (GCC 5.4.1),cpp,Wrong Answer,79,384,332,
s404302218,p02791,u506765399,1579464745,C++,C++14 (GCC 5.4.1),cpp,Accepted,60,1024,439,
s024519738,p02791,u488087935,1579464745,C++,C++14 (GCC 5.4.1),cpp,Accepted,18,256,1715,
s902450451,p02791,u654240084,1579464745,C++,C++14 (GCC 5.4.1),cpp,Accepted,62,1024,394,
s991229614,p02791,u349081333,1579464745,Haskell,Haskell (GHC 7.10.3),hs,Accepted,52,15740,833,
s002906098,p02791,u118535110,1579464745,C#,C# (Mono 4.6.2.0),cs,Accepted,130,35676,729,
s761593769,p02791,u577393547,1579464744,C++,C++14 (GCC 5.4.1),cpp,Wrong Answer,60,1024,1089,
s741957752,p02791,u544587633,1579464744,Python,PyPy3 (2.4.0),py,Time Limit Exceeded,2107,77520,343,
s245899024,p02791,u763410402,1579464744,C++,C++14 (GCC 5.4.1),cpp,Accepted,59,1792,831,
s383350766,p02791,u500494303,1579464743,C++,C++14 (GCC 5.4.1),cpp,Time Limit Exceeded,2103,1024,353,
s045808915,p02791,u794729709,1579464743,Java,Java8 (OpenJDK 1.8.0),java,Accepted,214,48408,7868,
s315628988,p02791,u649858850,1579464742,C++,C++14 (GCC 5.4.1),cpp,Accepted,18,1792,413,
s947463187,p02791,u307452818,1579464742,Ruby,Ruby (2.3.3),rb,Wrong Answer,106,15236,163,
s372769540,p02791,u768135881,1579464741,Go,Go (1.6),go,Accepted,39,3584,516,
s671786507,p02791,u017050982,1579464741,Python,Python (3.4.3),py,Time Limit Exceeded,2105,25712,287,
s958460648,p02791,u187995923,1579464740,Python,Python (3.4.3),py,Accepted,113,25768,162,
s318881965,p02791,u658096542,1579464740,C++,C++14 (GCC 5.4.1),cpp,Accepted,76,256,472,
s307870023,p02791,u660106942,1579464740,Python,PyPy3 (2.4.0),py,Accepted,248,68828,230,
s450682029,p02791,u542220989,1579464740,C++,C++14 (GCC 5.4.1),cpp,Wrong Answer,31,1792,425,
s025747754,p02791,u908039151,1579464740,Java,Java8 (OpenJDK 1.8.0),java,Accepted,484,51160,1109,
s123535547,p02791,u273355214,1579464740,C++,C++14 (GCC 5.4.1),cpp,Time Limit Exceeded,2103,1152,500,
s845849831,p02791,u339658123,1579464739,C,C (GCC 5.4.1),c,Time Limit Exceeded,2103,896,438,
s488555020,p02791,u105533331,1579464738,C++,C++14 (GCC 5.4.1),cpp,Accepted,65,1152,259,
s334286124,p02791,u975768774,1579464738,C++,C++14 (GCC 5.4.1),cpp,Time Limit Exceeded,2103,1024,410,
s384519564,p02791,u032865047,1579464738,C++,C++14 (Clang 3.8.0),cpp,Runtime Error,137,640,361,
s070647320,p02791,u079785612,1579464736,Python,Python (3.4.3),py,Time Limit Exceeded,2109,34016,337,
s106627278,p02791,u632577291,1579464735,C++,C++14 (GCC 5.4.1),cpp,Wrong Answer,77,1024,251,
s045073922,p02791,u584787460,1579464735,C++,C++14 (GCC 5.4.1),cpp,Accepted,77,1024,316,
s821048022,p02791,u185935459,1579464734,C++,C++14 (GCC 5.4.1),cpp,Time Limit Exceeded,2103,1024,460,
s640527104,p02791,u387775763,1579464734,Java,Java8 (OpenJDK 1.8.0),java,Time Limit Exceeded,2109,80304,559,
s795054841,p02791,u964726243,1579464734,C++,C++14 (GCC 5.4.1),cpp,Wrong Answer,61,1792,385,
s898601325,p02791,u526894223,1579464733,C++,C++14 (GCC 5.4.1),cpp,Accepted,18,256,1213,
s945795792,p02791,u500415792,1579464733,Python,Python (3.4.3),py,Time Limit Exceeded,2104,24744,214,
s014171915,p02791,u696272993,1579464733,Go,Go (1.6),go,Accepted,41,3584,1523,
s540334663,p02791,u497509248,1579464733,Java,Java8 (OpenJDK 1.8.0),java,Accepted,223,50132,6857,
s746171797,p02791,u572026348,1579464733,C++,C++14 (GCC 5.4.1),cpp,Time Limit Exceeded,2103,1024,362,
s761296020,p02791,u861071267,1579464733,Python,PyPy3 (2.4.0),py,Time Limit Exceeded,2107,77532,215,
s183204438,p02791,u056626722,1579464732,D,D (DMD64 v2.070.1),d,Wrong Answer,38,10768,600,
s461846914,p02791,u623759422,1579464732,C,C (GCC 5.4.1),c,Wrong Answer,22,896,288,
s963672596,p02791,u643747754,1579464732,C++,C++14 (GCC 5.4.1),cpp,Accepted,20,3328,2209,
s803165939,p02791,u700036366,1579464731,C++,C++14 (GCC 5.4.1),cpp,Accepted,61,3456,446,
s040529376,p02791,u141938981,1579464731,C++,C++14 (GCC 5.4.1),cpp,Accepted,86,2548,777,
s105604737,p02791,u326111900,1579464731,C++,C++14 (GCC 5.4.1),cpp,Accepted,78,256,443,
s303563423,p02791,u023457099,1579464730,C++,C++14 (GCC 5.4.1),cpp,Wrong Answer,19,1792,322,
s456506792,p02791,u068944955,1579464730,Python,Python (3.4.3),py,Accepted,154,24744,175,
s363730015,p02791,u146546125,1579464729,Java,Java8 (OpenJDK 1.8.0),java,Accepted,593,79404,1393,
s616990241,p02791,u051928503,1579464729,Python,Python (3.4.3),py,Time Limit Exceeded,2104,24744,114,
s348858700,p02791,u047858101,1579464728,C++,C++14 (GCC 5.4.1),cpp,Accepted,18,1792,1146,
s011308938,p02791,u654115954,1579464728,C++,C++14 (GCC 5.4.1),cpp,Time Limit Exceeded,2103,1024,778,
s391383431,p02791,u636157062,1579464728,Python,Python (3.4.3),py,Wrong Answer,119,25768,129,
s114625983,p02791,u621509924,1579464727,Python,Python (3.4.3),py,Accepted,178,26012,270,
s807559700,p02791,u794910686,1579464727,Python,Python (3.4.3),py,Time Limit Exceeded,2110,24744,135,
s498348338,p02791,u631307974,1579464727,Python,PyPy2 (5.6.0),py,Accepted,83,50624,205,
s870736856,p02791,u595984176,1579464727,C++,C++14 (GCC 5.4.1),cpp,Accepted,66,1792,334,
s384996063,p02791,u800591358,1579464726,C#,C# (Mono 4.6.2.0),cs,Accepted,113,35804,8149,
s543284501,p02791,u466503296,1579464726,C,C (GCC 5.4.1),c,Accepted,22,896,254,
s960289633,p02791,u937745164,1579464725,Python,Python (3.4.3),py,Time Limit Exceeded,2105,28032,303,
s212273890,p02791,u495721259,1579464724,C++,C++14 (GCC 5.4.1),cpp,Accepted,160,10368,674,
s376083399,p02791,u649858850,1579464723,C++,C++14 (GCC 5.4.1),cpp,Runtime Error,134,384,523,
s533812663,p02791,u510015767,1579464723,Python,PyPy3 (2.4.0),py,Accepted,252,75728,179,
s484729386,p02791,u625729943,1579464722,Python,Python (3.4.3),py,Wrong Answer,197,25132,459,
s030766695,p02791,u950046716,1579464721,C++,C++14 (GCC 5.4.1),cpp,Accepted,19,1024,389,
s294480322,p02791,u113298224,1579464721,C++,C++14 (GCC 5.4.1),cpp,Wrong Answer,60,1792,243,
s696869077,p02791,u731291894,1579464721,C++,C++14 (GCC 5.4.1),cpp,Accepted,59,1792,1831,
s252609311,p02791,u945233433,1579464721,Python,Python (3.4.3),py,Time Limit Exceeded,2104,24744,143,
s546255322,p02791,u640248738,1579464720,C++,C++14 (GCC 5.4.1),cpp,Accepted,18,1024,2001,
s749909577,p02791,u586212264,1579464720,Python,PyPy3 (2.4.0),py,Accepted,258,76624,167,
s899302158,p02791,u512448262,1579464720,C++,C++14 (GCC 5.4.1),cpp,Accepted,22,1792,369,
s272803503,p02791,u171217191,1579464719,C++,C++14 (GCC 5.4.1),cpp,Wrong Answer,19,1024,815,
s387737425,p02791,u083960235,1579464718,Python,Python (3.4.3),py,Accepted,240,27196,1211,
s050350305,p02791,u506858457,1579464717,Python,Python (3.4.3),py,Accepted,114,24744,134,
s182016512,p02791,u513434790,1579464717,Python,Python (3.4.3),py,Accepted,111,24744,164,
s744023828,p02791,u242709950,1579464717,C++,C++14 (GCC 5.4.1),cpp,Accepted,77,1024,480,
s137354136,p02791,u879294842,1579464717,Julia,Julia (0.5.0),jl,Time Limit Exceeded,2112,169016,426,
s069644370,p02791,u909802005,1579464717,Python,Python (3.4.3),py,Accepted,152,24744,185,
s471999482,p02791,u910994303,1579464716,C++,C++14 (GCC 5.4.1),cpp,Time Limit Exceeded,2107,15616,391,
s118320487,p02791,u340011366,1579464716,C++,C++14 (GCC 5.4.1),cpp,Wrong Answer,19,1024,1335,
s071856490,p02791,u551374420,1579464716,C++,C++14 (GCC 5.4.1),cpp,Accepted,19,1024,1260,
s654849061,p02791,u113375133,1579464716,Python,Python (3.4.3),py,Accepted,90,24744,259,
s724050569,p02791,u238956837,1579464715,Python,Python (3.4.3),py,Accepted,115,25768,182,
s787128852,p02791,u798579567,1579464715,Python,Python (3.4.3),py,Time Limit Exceeded,2104,24744,276,
s050835256,p02791,u147305315,1579464715,C++,C++14 (GCC 5.4.1),cpp,Accepted,27,1792,1415,
s536092823,p02791,u230621983,1579464715,Python,Python (3.4.3),py,Time Limit Exceeded,2104,24744,130,
s503254587,p02791,u107091170,1579464715,Python,Python (3.4.3),py,Accepted,109,24744,146,
s246680583,p02791,u314920173,1579464715,C++,C++14 (Clang 3.8.0),cpp,Time Limit Exceeded,2103,1024,930,
s359095035,p02791,u309141201,1579464714,Python,Python (3.4.3),py,Time Limit Exceeded,2104,24744,268,
s692358456,p02791,u639732129,1579464714,C++,C++14 (GCC 5.4.1),cpp,Accepted,63,1024,1409,
s010702720,p02791,u063073794,1579464713,Python,Python (3.4.3),py,Time Limit Exceeded,2104,24744,142,
s492190978,p02791,u859860926,1579464713,C++,C++14 (GCC 5.4.1),cpp,Accepted,79,1024,319,
s106585932,p02791,u342700492,1579464713,Java,Java8 (OpenJDK 1.8.0),java,Accepted,570,64756,569,
s456354874,p02791,u423143252,1579464713,C++,C++14 (GCC 5.4.1),cpp,Accepted,19,1792,1006,
s478638934,p02791,u101079650,1579464712,Java,Java8 (OpenJDK 1.8.0),java,Time Limit Exceeded,2109,87716,617,
s194358776,p02791,u829932632,1579464712,C++,C++14 (GCC 5.4.1),cpp,Accepted,78,256,365,
s117709870,p02791,u845977087,1579464712,C++,C++14 (GCC 5.4.1),cpp,Time Limit Exceeded,2103,1024,1913,
s380811474,p02791,u160321725,1579464711,C++,C++14 (GCC 5.4.1),cpp,Accepted,77,1024,804,
s384268127,p02791,u690263481,1579464710,Lisp,Common Lisp (SBCL 1.1.14),l,Wrong Answer,757,75368,431,
s562882443,p02791,u265187423,1579464710,C++,C++14 (GCC 5.4.1),cpp,Runtime Error,179,1024,413,
s329964587,p02791,u732061897,1579464710,Python,Python (3.4.3),py,Accepted,109,24744,284,
s221409431,p02791,u765270691,1579464709,Python,Python (3.4.3),py,Accepted,113,24872,142,
s340820913,p02791,u983681697,1579464709,C++,C++14 (GCC 5.4.1),cpp,Accepted,76,1024,264,
s512930790,p02791,u504142483,1579464709,C++,C++14 (GCC 5.4.1),cpp,Accepted,48,3188,2691,
s923836045,p02791,u668352391,1579464708,Python,Python (3.4.3),py,Time Limit Exceeded,2104,24744,187,
s654816322,p02791,u851210483,1579464708,C++,C++14 (GCC 5.4.1),cpp,Wrong Answer,61,1792,525,
s481073318,p02791,u962634966,1579464707,C++,C++14 (GCC 5.4.1),cpp,Accepted,77,1024,324,
s361599303,p02791,u329799519,1579464707,Python,Python (3.4.3),py,Accepted,106,24744,172,
s725407324,p02791,u346307762,1579464707,Java,Java8 (OpenJDK 1.8.0),java,Accepted,323,49876,3408,
s913078856,p02791,u617037231,1579464706,Python,Python (3.4.3),py,Time Limit Exceeded,2108,25768,195,
s277555088,p02791,u310042769,1579464706,C++,C++14 (GCC 5.4.1),cpp,Runtime Error,99,512,627,
s365442448,p02791,u105533331,1579464706,C++,C++14 (GCC 5.4.1),cpp,Compile Error,,,258,
s832624698,p02791,u878838754,1579464705,C++,C++14 (GCC 5.4.1),cpp,Accepted,77,1024,280,
s037648280,p02791,u679159704,1579464705,C++,C++14 (GCC 5.4.1),cpp,Time Limit Exceeded,2111,1024,617,
s046854081,p02791,u411353821,1579464704,Python,Python (3.4.3),py,Wrong Answer,2104,24956,290,
s140862050,p02791,u588369531,1579464704,C++,C++14 (GCC 5.4.1),cpp,Accepted,61,1792,2754,
s341678085,p02791,u814319489,1579464703,C++,C++14 (GCC 5.4.1),cpp,Accepted,79,1024,255,
s622749211,p02791,u620290065,1579464703,C++,C++14 (GCC 5.4.1),cpp,Wrong Answer,77,384,295,
s703669921,p02791,u258907785,1579464703,C++,C++14 (GCC 5.4.1),cpp,Time Limit Exceeded,2103,1400,504,
s602496377,p02791,u734579210,1579464703,C,C (GCC 5.4.1),c,Accepted,22,896,382,
s965301465,p02791,u255673886,1579464703,Python,Python (3.4.3),py,Accepted,141,24744,288,
s511882324,p02791,u883921263,1579464701,C++,C++14 (GCC 5.4.1),cpp,Accepted,78,256,289,
s895362160,p02791,u757603285,1579464701,C++,C++14 (GCC 5.4.1),cpp,Accepted,19,1024,294,
s082277322,p02791,u216433536,1579464701,C++,C++14 (GCC 5.4.1),cpp,Accepted,77,1024,474,
s087903511,p02791,u636565374,1579464701,C,C (GCC 5.4.1),c,Time Limit Exceeded,2103,896,431,
s492767869,p02791,u917152735,1579464701,C++,C++14 (GCC 5.4.1),cpp,Accepted,22,1792,656,
s683658741,p02791,u684305751,1579464700,Python,Python (3.4.3),py,Accepted,152,24744,142,
s539814504,p02791,u183422236,1579464700,Python,Python (3.4.3),py,Time Limit Exceeded,2104,24744,154,
s072321633,p02791,u214724132,1579464700,C++,C++14 (GCC 5.4.1),cpp,Accepted,20,128,277,
s504147261,p02791,u544587633,1579464700,Python,Python (3.4.3),py,Time Limit Exceeded,2104,24744,338,
s845585311,p02791,u134520518,1579464699,Python,Python (3.4.3),py,Accepted,96,24744,154,
s971541660,p02791,u071019032,1579464698,C++,C++14 (GCC 5.4.1),cpp,Accepted,61,1792,653,
s622020666,p02791,u697090185,1579464698,C++,C++14 (GCC 5.4.1),cpp,Accepted,62,1792,594,
s150738217,p02791,u562166164,1579464698,Python,Python (3.4.3),py,Time Limit Exceeded,2104,24744,237,
s499902446,p02791,u269409189,1579464697,C++,C++14 (GCC 5.4.1),cpp,Accepted,21,256,2904,
s816226135,p02791,u991462056,1579464697,C++,C++14 (GCC 5.4.1),cpp,Wrong Answer,62,1792,263,
s620214301,p02791,u895408600,1579464697,Python,Python (3.4.3),py,Time Limit Exceeded,2104,24744,125,
s246255571,p02791,u560481052,1579464697,C++,C++14 (GCC 5.4.1),cpp,Accepted,62,1024,314,
s614001446,p02791,u995109095,1579464696,Python,PyPy3 (2.4.0),py,Time Limit Exceeded,2108,97360,254,
s356461341,p02791,u362094329,1579464696,C#,C# (Mono 4.6.2.0),cs,Accepted,97,33116,2883,
s238800544,p02791,u790272146,1579464696,C++,C++14 (GCC 5.4.1),cpp,Accepted,78,1024,319,
s504765306,p02791,u532306617,1579464695,C#,C# (Mono 4.6.2.0),cs,Time Limit Exceeded,2109,33796,1062,
s763558619,p02791,u608493167,1579464694,Python,Python (3.4.3),py,Wrong Answer,101,24744,146,
s283568850,p02791,u232463689,1579464693,C++,C++14 (GCC 5.4.1),cpp,Wrong Answer,77,1024,280,
s581037804,p02791,u290886932,1579464693,Python,Python (3.4.3),py,Runtime Error,17,2940,147,
s434952735,p02791,u877283726,1579464692,Python,Python (3.4.3),py,Accepted,111,24744,168,
s976765100,p02791,u620626180,1579464692,C++,C++14 (GCC 5.4.1),cpp,Time Limit Exceeded,2103,1792,416,
s083691725,p02791,u173515518,1579464692,Ruby,Ruby (2.3.3),rb,Time Limit Exceeded,2109,19836,123,
s207555723,p02791,u384737962,1579464692,C++,C++14 (GCC 5.4.1),cpp,Accepted,18,1792,1775,
s241867828,p02791,u484946725,1579464691,C++,C++14 (GCC 5.4.1),cpp,Accepted,60,1792,366,
s328485770,p02791,u078349616,1579464690,Python,Python (3.4.3),py,Accepted,132,24744,229,
s236287921,p02791,u199299168,1579464690,C++,C++14 (GCC 5.4.1),cpp,Wrong Answer,62,1792,405,
s836224940,p02791,u713319703,1579464689,C++,C++14 (GCC 5.4.1),cpp,Accepted,79,1792,345,
s634003127,p02791,u185424824,1579464688,Python,Python (3.4.3),py,Time Limit Exceeded,2104,24744,126,
s177137100,p02791,u747703115,1579464688,Python,Python (3.4.3),py,Accepted,112,24744,145,
s866850077,p02791,u817760251,1579464688,C++,C++14 (GCC 5.4.1),cpp,Accepted,27,1024,1208,
s144267367,p02791,u130492706,1579464687,Python,Python (3.4.3),py,Wrong Answer,443,41616,260,
s625408599,p02791,u999989620,1579464687,C++,C++14 (GCC 5.4.1),cpp,Accepted,60,1024,1578,
s019227427,p02791,u397596606,1579464687,C++,C++14 (GCC 5.4.1),cpp,Accepted,77,256,267,
s572040774,p02791,u316253636,1579464687,Java,Java8 (OpenJDK 1.8.0),java,Accepted,115,22484,6895,
s796044621,p02791,u562016607,1579464686,Python,PyPy3 (2.4.0),py,Accepted,256,75984,141,
s642169554,p02791,u966065309,1579464686,C++,C++14 (GCC 5.4.1),cpp,Time Limit Exceeded,2103,1024,462,
s871140670,p02791,u760718569,1579464686,Java,Java8 (OpenJDK 1.8.0),java,Accepted,549,66828,417,
s808725549,p02791,u018916376,1579464686,C++,C++14 (GCC 5.4.1),cpp,Accepted,76,256,261,
s561018727,p02791,u167205647,1579464686,Python,Python (3.4.3),py,Time Limit Exceeded,2104,24744,138,
s215285097,p02791,u836939578,1579464685,Python,Python (3.4.3),py,Accepted,165,24744,193,
s907984273,p02791,u177388368,1579464685,Python,Python (3.4.3),py,Time Limit Exceeded,2104,24744,194,
s234233897,p02791,u248897784,1579464685,Java,Java8 (OpenJDK 1.8.0),java,Accepted,114,23124,4080,
s012749879,p02791,u188745744,1579464684,Python,Python (3.4.3),py,Time Limit Exceeded,2104,24744,157,
s741824141,p02791,u916565298,1579464684,Java,Java8 (OpenJDK 1.8.0),java,Accepted,580,82952,573,
s768871463,p02791,u048791623,1579464683,C++,C++14 (GCC 5.4.1),cpp,Time Limit Exceeded,2103,2548,742,
s559863097,p02791,u366029725,1579464683,C++,C++14 (GCC 5.4.1),cpp,Accepted,60,3328,1974,
s014264191,p02791,u027675217,1579464683,Python,Python (3.4.3),py,Wrong Answer,112,24744,112,
s339067610,p02791,u105124953,1579464682,Python,Python (3.4.3),py,Time Limit Exceeded,2104,24872,185,
s432231867,p02791,u038854253,1579464682,Python,Python (3.4.3),py,Accepted,146,24744,182,
s532001886,p02791,u774818650,1579464682,C++,C++14 (GCC 5.4.1),cpp,Accepted,78,1792,522,
s529910362,p02791,u274883254,1579464681,C++,C++14 (GCC 5.4.1),cpp,Accepted,19,1024,477,
s763483760,p02791,u006883624,1579464681,Python,Python (3.4.3),py,Accepted,97,25768,155,
s284274528,p02791,u280517956,1579464681,C++,C++14 (GCC 5.4.1),cpp,Wrong Answer,2103,1408,542,
s046213974,p02791,u789673251,1579464681,C++,C++14 (GCC 5.4.1),cpp,Time Limit Exceeded,2103,896,367,
s919999798,p02791,u350498965,1579464680,C,C (GCC 5.4.1),c,Accepted,22,128,284,
s718345058,p02791,u934099192,1579464680,Python,Python (3.4.3),py,Wrong Answer,126,24744,149,
s615081768,p02791,u109892481,1579464680,C++,C++14 (GCC 5.4.1),cpp,Accepted,27,1792,752,
s730005304,p02791,u224993839,1579464680,Python,Python (3.4.3),py,Time Limit Exceeded,2104,24744,184,
s046657594,p02791,u527616458,1579464677,Java,Java8 (OpenJDK 1.8.0),java,Wrong Answer,2109,65872,443,
s877497891,p02791,u366644013,1579464676,C++,C++14 (GCC 5.4.1),cpp,Accepted,18,1792,693,
s319618072,p02791,u433254839,1579464676,Scala,Scala (2.11.7),scala,Accepted,767,70764,520,
s143713227,p02791,u250757552,1579464675,C++,C++14 (GCC 5.4.1),cpp,Time Limit Exceeded,2103,1792,1650,
s550522867,p02791,u692054751,1579464675,Python,Python (3.4.3),py,Accepted,118,25768,196,
s647153968,p02791,u949097771,1579464675,C++,C++14 (GCC 5.4.1),cpp,Accepted,77,1024,492,
s948661667,p02791,u378545912,1579464674,Java,Java8 (OpenJDK 1.8.0),java,Accepted,213,46932,1886,
s248768765,p02791,u389506115,1579464674,C++,C++14 (GCC 5.4.1),cpp,Accepted,60,1024,387,
s408047222,p02791,u657913472,1579464674,Awk,Awk (mawk 1.3.3),awk,Accepted,62,380,39,
s171755532,p02791,u821251381,1579464673,Python,PyPy3 (2.4.0),py,Accepted,245,75344,153,
s403361115,p02791,u743567041,1579464673,C++,C++14 (GCC 5.4.1),cpp,Time Limit Exceeded,2103,1024,443,
s210277597,p02791,u623659526,1579464673,Python,Python (3.4.3),py,Accepted,88,26012,425,
s115665743,p02791,u477848816,1579464673,C++,C++14 (GCC 5.4.1),cpp,Runtime Error,136,256,280,
s617686439,p02791,u829932632,1579464672,C++,C++14 (GCC 5.4.1),cpp,Compile Error,,,380,
s040850122,p02791,u568787360,1579464672,Java,Java8 (OpenJDK 1.8.0),java,Accepted,620,68900,486,
s476139738,p02791,u393845791,1579464672,C++,C++14 (GCC 5.4.1),cpp,Time Limit Exceeded,2103,1400,408,
s448313620,p02791,u502813058,1579464671,Go,Go (1.6),go,Accepted,40,3712,678,
s273043260,p02791,u757628628,1579464671,C++,C++14 (GCC 5.4.1),cpp,Accepted,62,1792,1520,
s489204862,p02791,u527420996,1579464671,C++,C++14 (GCC 5.4.1),cpp,Accepted,77,6576,3760,
s969891207,p02791,u041845863,1579464670,Python,Python (3.4.3),py,Accepted,110,25348,184,
s352765170,p02791,u536685012,1579464670,Python,PyPy3 (2.4.0),py,Time Limit Exceeded,2112,138104,157,
s203801632,p02791,u226873514,1579464670,Python,PyPy3 (2.4.0),py,Accepted,245,75344,171,
s379979848,p02791,u771577506,1579464670,Python,PyPy3 (2.4.0),py,Time Limit Exceeded,2111,77548,231,
s835801090,p02791,u395944336,1579464670,Python,Python (3.4.3),py,Time Limit Exceeded,2104,24744,265,
s784716846,p02791,u224435863,1579464670,C++,C++14 (GCC 5.4.1),cpp,Accepted,77,1024,312,
s517391264,p02791,u704284486,1579464670,Python,Python (3.4.3),py,Accepted,166,17940,133,
s047946724,p02791,u247769252,1579464669,Python,Python (3.4.3),py,Accepted,136,24436,281,
s112738911,p02791,u988661952,1579464669,Python,Python (3.4.3),py,Time Limit Exceeded,2104,24744,235,
s452258101,p02791,u155436760,1579464669,C++,C++14 (GCC 5.4.1),cpp,Time Limit Exceeded,2103,1024,334,
s754656771,p02791,u172111219,1579464667,Python,PyPy3 (2.4.0),py,Accepted,269,80464,324,
s366121072,p02791,u239375815,1579464667,C++,C++14 (GCC 5.4.1),cpp,Accepted,60,1792,849,
s784361397,p02791,u983681697,1579464667,C++,C++14 (GCC 5.4.1),cpp,Compile Error,,,262,
s401167210,p02791,u495386448,1579464666,C++,C++14 (GCC 5.4.1),cpp,Time Limit Exceeded,2107,1024,598,
s945367507,p02791,u723394740,1579464666,C++,C++14 (GCC 5.4.1),cpp,Accepted,60,1024,394,
s242363846,p02791,u568453908,1579464666,C++,C++14 (GCC 5.4.1),cpp,Runtime Error,163,640,703,
s888170809,p02791,u054871430,1579464666,Python,PyPy3 (2.4.0),py,Accepted,282,84996,142,
s409338245,p02791,u943057856,1579464666,Python,Python (3.4.3),py,Time Limit Exceeded,2104,24744,125,
s086937055,p02791,u920236432,1579464666,C++,C++14 (GCC 5.4.1),cpp,Time Limit Exceeded,2103,1024,511,
s937355612,p02791,u827086165,1579464666,Python,Python (3.4.3),py,Wrong Answer,115,17940,202,
s435269856,p02791,u451625046,1579464665,Python,Python (3.4.3),py,Runtime Error,25,6492,140,
s758394674,p02791,u412039195,1579464665,C++,C++14 (GCC 5.4.1),cpp,Time Limit Exceeded,2103,1024,530,
s979077377,p02791,u317715099,1579464664,C++,C++14 (GCC 5.4.1),cpp,Accepted,61,1400,475,
s064908874,p02791,u113298224,1579464664,C++,C++14 (GCC 5.4.1),cpp,Wrong Answer,61,1024,225,
s256273506,p02791,u729294108,1579464664,Python,Python (3.4.3),py,Wrong Answer,203,24872,295,
s769939594,p02791,u485731913,1579464664,C++,C++14 (GCC 5.4.1),cpp,Time Limit Exceeded,2103,1792,950,
s598396728,p02791,u047393579,1579464664,Python,Python (3.4.3),py,Accepted,103,24744,168,
s628276024,p02791,u870915337,1579464664,C,C (GCC 5.4.1),c,Runtime Error,372,256,421,
s223660009,p02791,u600195339,1579464663,Python,PyPy3 (2.4.0),py,Accepted,247,85712,183,
s408278299,p02791,u144432905,1579464663,C++,C++14 (GCC 5.4.1),cpp,Accepted,88,11264,1238,
s786349219,p02791,u049126433,1579464663,C++,C++14 (GCC 5.4.1),cpp,Accepted,59,1792,327,
s728494160,p02791,u756030237,1579464662,Python,Python (3.4.3),py,Time Limit Exceeded,2104,24744,243,
s376639198,p02791,u564375731,1579464662,C++,C++14 (GCC 5.4.1),cpp,Accepted,18,256,1190,
s486092667,p02791,u284539389,1579464662,C++,C++14 (GCC 5.4.1),cpp,Accepted,20,256,1018,
s560328537,p02791,u976162616,1579464660,Rust,Rust (1.15.1),rs,Compile Error,,,3861,
s515798774,p02791,u919730120,1579464659,Python,PyPy3 (2.4.0),py,Accepted,267,75472,143,
s427949428,p02791,u606146341,1579464659,Python,Python (3.4.3),py,Time Limit Exceeded,2104,24744,183,
s548928565,p02791,u971256474,1579464659,C++,C++14 (GCC 5.4.1),cpp,Accepted,59,1792,2793,
s126349632,p02791,u717265305,1579464659,Python,Python (3.4.3),py,Time Limit Exceeded,2104,24744,213,
s964467091,p02791,u829737781,1579464659,C++,C++14 (GCC 5.4.1),cpp,Compile Error,,,849,
s288999673,p02791,u112934950,1579464658,C++,C++14 (GCC 5.4.1),cpp,Wrong Answer,2103,1024,478,
s800818027,p02791,u282835662,1579464658,C++,C++14 (GCC 5.4.1),cpp,Accepted,67,2420,317,
s075739585,p02791,u312695001,1579464658,Python,Python (2.7.6),py,Accepted,119,19964,168,
s687100807,p02791,u999868846,1579464657,Ruby,Ruby (2.3.3),rb,Accepted,103,15260,158,
s883909505,p02791,u693933222,1579464657,Python,Python (3.4.3),py,Accepted,106,24744,165,
s017120362,p02791,u848978558,1579464655,C++,C++14 (GCC 5.4.1),cpp,Accepted,77,1024,273,
s746727096,p02791,u780465569,1579464655,Python,PyPy3 (2.4.0),py,Accepted,246,70480,198,
s417934238,p02791,u853185302,1579464654,Python,Python (3.4.3),py,Time Limit Exceeded,2104,25348,176,
s670612124,p02791,u118868154,1579464653,C++,C++14 (GCC 5.4.1),cpp,Accepted,19,1024,883,
s214987067,p02791,u499009346,1579464653,C++,C++14 (GCC 5.4.1),cpp,Accepted,62,1792,565,
s685415074,p02791,u207206895,1579464653,C++,C++14 (GCC 5.4.1),cpp,Accepted,13,1024,721,
s181660265,p02791,u496385761,1579464652,C++,C++14 (GCC 5.4.1),cpp,Accepted,82,256,225,
s748525069,p02791,u745434705,1579464652,Java,Java8 (OpenJDK 1.8.0),java,Time Limit Exceeded,2109,66300,582,
s758680739,p02791,u269408023,1579464651,C++,C++14 (GCC 5.4.1),cpp,Accepted,63,1024,293,
s456315136,p02791,u118211443,1579464651,Python,Python (3.4.3),py,Accepted,111,26012,156,
s492038180,p02791,u416650504,1579464651,C#,C# (Mono 4.6.2.0),cs,Accepted,109,35676,671,
s522475524,p02791,u942530341,1579464650,C++,C++14 (GCC 5.4.1),cpp,Accepted,229,9600,582,
s269134537,p02791,u965377001,1579464650,C++,C++14 (GCC 5.4.1),cpp,Accepted,22,1024,369,
s374915973,p02791,u562166164,1579464650,Java,Java8 (OpenJDK 1.8.0),java,Compile Error,,,237,
s138682830,p02791,u444197237,1579464649,C#,C# (Mono 4.6.2.0),cs,Accepted,117,36236,2179,
s586130511,p02791,u865119809,1579464648,Python,Python (3.4.3),py,Time Limit Exceeded,2104,24744,166,
s480689680,p02791,u371993312,1579464648,Java,Java8 (OpenJDK 1.8.0),java,Accepted,594,87432,1713,
s407907841,p02791,u933082607,1579464648,C++,C++14 (GCC 5.4.1),cpp,Accepted,77,1024,284,
s152583270,p02791,u854402515,1579464648,C++,C++14 (GCC 5.4.1),cpp,Wrong Answer,78,256,319,
s767311990,p02791,u829932632,1579464648,C++,C++14 (GCC 5.4.1),cpp,Compile Error,,,363,
s052692713,p02791,u354805691,1579464647,C++,C++14 (GCC 5.4.1),cpp,Time Limit Exceeded,2103,1024,254,
s261526948,p02791,u380772254,1579464647,Python,PyPy3 (2.4.0),py,Accepted,253,75472,157,
s966998086,p02791,u292849987,1579464646,Python,Python (3.4.3),py,Accepted,99,24744,179,
s824429563,p02791,u940139461,1579464645,Python,PyPy3 (2.4.0),py,Time Limit Exceeded,2107,77920,222,
s316324015,p02791,u622748505,1579464645,C++,C++14 (GCC 5.4.1),cpp,Accepted,21,9600,1958,
s357445096,p02791,u610387229,1579464644,Python,Python (3.4.3),py,Accepted,99,24744,273,
s536580509,p02791,u329712128,1579464643,C++,C++14 (GCC 5.4.1),cpp,Accepted,21,1024,360,
s531986843,p02791,u596824563,1579464643,C++,C++14 (GCC 5.4.1),cpp,Time Limit Exceeded,2103,1024,493,
s785869415,p02791,u457448610,1579464643,C++,C++14 (GCC 5.4.1),cpp,Accepted,59,1792,1268,
s229955138,p02791,u725618305,1579464643,C++,C++14 (GCC 5.4.1),cpp,Accepted,60,1792,266,
s910147441,p02791,u281745878,1579464642,Python,Python (3.4.3),py,Wrong Answer,110,24744,135,
s199527151,p02791,u981388291,1579464642,C++,C++14 (GCC 5.4.1),cpp,Accepted,19,1024,1292,
s628448282,p02791,u064408584,1579464642,Python,Python (3.4.3),py,Wrong Answer,189,24744,255,
s209129550,p02791,u673058945,1579464642,C++,C++14 (GCC 5.4.1),cpp,Wrong Answer,78,256,327,
s560535088,p02791,u078816252,1579464642,Python,Python (3.4.3),py,Accepted,113,24744,152,
s651068809,p02791,u493660870,1579464640,Java,Java8 (OpenJDK 1.8.0),java,Time Limit Exceeded,2109,74344,547,
s854757353,p02791,u441575327,1579464640,Python,Python (3.4.3),py,Accepted,181,26012,215,
s073396976,p02791,u897060163,1579464640,Haskell,Haskell (GHC 7.10.3),hs,Accepted,53,15228,559,
s098778686,p02791,u755801379,1579464640,Python,PyPy3 (2.4.0),py,Time Limit Exceeded,2108,75472,138,
s890273316,p02791,u123756661,1579464639,Python,PyPy3 (2.4.0),py,Accepted,280,77008,148,
s371714806,p02791,u298497862,1579464639,C++,C++14 (GCC 5.4.1),cpp,Time Limit Exceeded,2103,1792,1710,
s971962785,p02791,u265341684,1579464639,C++,C++14 (GCC 5.4.1),cpp,Time Limit Exceeded,2103,1024,469,
s347388780,p02791,u281610856,1579464638,Python,PyPy3 (2.4.0),py,Time Limit Exceeded,2112,138244,201,
s899180083,p02791,u596587955,1579464638,C#,C# (Mono 4.6.2.0),cs,Time Limit Exceeded,2109,35676,823,
s074552546,p02791,u072959714,1579464638,C++,C++14 (GCC 5.4.1),cpp,Wrong Answer,2103,1792,433,
s862845224,p02791,u683769494,1579464637,C++,C++14 (GCC 5.4.1),cpp,Wrong Answer,2103,2944,1198,
s889125426,p02791,u079427319,1579464636,Python,Python (3.4.3),py,Accepted,122,24744,194,
s146590752,p02791,u173526432,1579464636,C++,C++14 (GCC 5.4.1),cpp,Wrong Answer,59,256,228,
s893948301,p02791,u861071267,1579464636,Python,Python (3.4.3),py,Time Limit Exceeded,2104,24872,215,
s153123592,p02791,u918624145,1579464635,C#,C# (Mono 4.6.2.0),cs,Time Limit Exceeded,2108,31068,773,
s585907539,p02791,u706984643,1579464635,Python,PyPy3 (2.4.0),py,Accepted,248,76112,152,
s985440533,p02791,u886832246,1579464635,Python,Python (3.4.3),py,Wrong Answer,112,24744,173,
s050940945,p02791,u764773675,1579464635,Python,Python (3.4.3),py,Accepted,103,24744,239,
s246595759,p02791,u824144553,1579464634,Python,Python (3.4.3),py,Accepted,88,24872,278,
s628441751,p02791,u049931175,1579464633,C++,C++14 (GCC 5.4.1),cpp,Accepted,21,1024,270,
s969003894,p02791,u332946309,1579464632,C++,C++14 (GCC 5.4.1),cpp,Accepted,63,1024,303,
s237331613,p02791,u743438759,1579464632,C++,C++14 (GCC 5.4.1),cpp,Accepted,63,1152,655,
s405162352,p02791,u044964932,1579464632,Python,PyPy3 (2.4.0),py,Time Limit Exceeded,2112,136964,244,
s807822193,p02791,u496222146,1579464631,C++,C++14 (GCC 5.4.1),cpp,Accepted,63,1024,458,
s076066468,p02791,u630554891,1579464631,Python,Python (3.4.3),py,Wrong Answer,81,17940,216,
s402248548,p02791,u037276799,1579464631,C++,C++14 (GCC 5.4.1),cpp,Accepted,67,2168,390,
s522597388,p02791,u294721290,1579464631,C++,C++14 (GCC 5.4.1),cpp,Accepted,77,1920,274,
s117462945,p02791,u915689660,1579464631,C++,C++14 (GCC 5.4.1),cpp,Accepted,62,1024,339,
s630286655,p02791,u807394250,1579464630,C++,C++14 (GCC 5.4.1),cpp,Time Limit Exceeded,2103,1024,358,
s273415307,p02791,u724428568,1579464630,Python,Python (3.4.3),py,Time Limit Exceeded,2104,26012,224,
s134405733,p02791,u053980422,1579464630,C++,C++14 (GCC 5.4.1),cpp,Accepted,21,256,264,
s017921314,p02791,u802963389,1579464628,Python,Python (3.4.3),py,Wrong Answer,178,24744,298,
s514336943,p02791,u468206018,1579464627,Python,Python (3.4.3),py,Time Limit Exceeded,2104,24744,159,
s377016618,p02791,u432088501,1579464627,C++,C++14 (GCC 5.4.1),cpp,Accepted,63,1024,395,
s056583896,p02791,u046961553,1579464627,Python,Python (3.4.3),py,Time Limit Exceeded,2107,24744,171,
s565383069,p02791,u221372861,1579464626,C++,C++14 (GCC 5.4.1),cpp,Accepted,18,1792,326,
s441111721,p02791,u326245870,1579464626,Python,PyPy3 (2.4.0),py,Accepted,250,76368,208,
s511120637,p02791,u772495372,1579464626,C++,C++14 (GCC 5.4.1),cpp,Time Limit Exceeded,2103,2420,731,
s089237393,p02791,u667300358,1579464625,Python,Python (3.4.3),py,Wrong Answer,113,24744,172,
s774721568,p02791,u090091127,1579464625,C++,C++14 (Clang 3.8.0),cpp,Accepted,167,1024,589,
s649943709,p02791,u433175605,1579464624,Python,Python (3.4.3),py,Accepted,101,24872,170,
s721556071,p02791,u083858683,1579464624,PHP,PHP (5.6.30),php,Wrong Answer,2104,4852,290,
s785673218,p02791,u536685012,1579464624,Python,Python (3.4.3),py,Time Limit Exceeded,2104,24744,156,
s286860619,p02791,u907566687,1579464623,Python,Python (3.4.3),py,Time Limit Exceeded,2104,17940,362,
s907638808,p02791,u903215911,1579464623,C++,C++14 (GCC 5.4.1),cpp,Accepted,63,1792,401,
s605313116,p02791,u291028869,1579464622,Python,Python (3.4.3),py,Wrong Answer,91,24744,145,
s383754581,p02791,u776649162,1579464622,Ruby,Ruby (2.3.3),rb,Time Limit Exceeded,2108,21252,212,
s440410605,p02791,u196876001,1579464620,C#,C# (Mono 4.6.2.0),cs,Accepted,116,32092,2543,
s992410227,p02791,u094746828,1579464620,C++,C++14 (GCC 5.4.1),cpp,Time Limit Exceeded,2103,1024,553,
s103209154,p02791,u458315482,1579464620,Python,Python (3.4.3),py,Time Limit Exceeded,2104,24744,158,
s762299080,p02791,u819208902,1579464620,C++,C++14 (Clang 3.8.0),cpp,Accepted,167,1400,441,
s257304089,p02791,u071282706,1579464620,C++,C++14 (GCC 5.4.1),cpp,Accepted,59,256,233,
s598857377,p02791,u417563928,1579464619,C++,C++14 (GCC 5.4.1),cpp,Time Limit Exceeded,2103,1024,385,
s630112373,p02791,u370331385,1579464619,Python,Python (3.4.3),py,Accepted,113,24744,212,
s335930907,p02791,u791013618,1579464619,Python,Python (3.4.3),py,Wrong Answer,124,24744,170,
s888128890,p02791,u304121198,1579464618,C++,C++14 (GCC 5.4.1),cpp,Accepted,18,1792,15223,
s427861932,p02791,u169696482,1579464617,Python,Python (3.4.3),py,Accepted,115,24744,164,
s231386596,p02791,u585070471,1579464617,Python,Python (3.4.3),py,Time Limit Exceeded,2104,24744,308,
s983642957,p02791,u369190981,1579464617,Java,Java8 (OpenJDK 1.8.0),java,Time Limit Exceeded,2109,84116,4239,
s303449077,p02791,u596979123,1579464617,Python,PyPy3 (2.4.0),py,Time Limit Exceeded,2112,138616,151,
s972665794,p02791,u265768297,1579464617,C++,C++14 (GCC 5.4.1),cpp,Accepted,59,2560,1575,
s611507873,p02791,u771577506,1579464617,Python,PyPy3 (2.4.0),py,Wrong Answer,2110,131964,250,
s859891205,p02791,u658801777,1579464616,Python,Python (3.4.3),py,Accepted,137,17780,202,
s451995322,p02791,u896543512,1579464616,C++,C++14 (GCC 5.4.1),cpp,Accepted,22,1024,413,
s653847724,p02791,u033494964,1579464616,C++,C++14 (GCC 5.4.1),cpp,Wrong Answer,2103,1024,440,
s472955392,p02791,u429918430,1579464616,Java,Java8 (OpenJDK 1.8.0),java,Wrong Answer,2109,82440,1128,
s676712334,p02791,u975485663,1579464616,Python,Python (3.4.3),py,Accepted,95,24744,141,
s868140747,p02791,u341008039,1579464615,C,C (GCC 5.4.1),c,Time Limit Exceeded,2103,896,422,
s260876379,p02791,u882607414,1579464615,C++,C++14 (GCC 5.4.1),cpp,Accepted,19,1400,489,
s013942019,p02791,u522784682,1579464615,C++,C++14 (GCC 5.4.1),cpp,Accepted,78,1024,390,
s213745115,p02791,u957843607,1579464613,Python,Python (3.4.3),py,Wrong Answer,2105,19500,197,
s866566469,p02791,u703528810,1579464613,Python,Python (3.4.3),py,Accepted,110,24744,137,
s080174029,p02791,u579644164,1579464613,C,C (GCC 5.4.1),c,Time Limit Exceeded,2103,1024,305,
s993274913,p02791,u121655988,1579464612,Java,Java8 (OpenJDK 1.8.0),java,Accepted,216,47828,2768,
s157442709,p02791,u869239987,1579464611,C++,C++14 (GCC 5.4.1),cpp,Accepted,12,256,865,
s305247105,p02791,u963915126,1579464611,Python,Python (3.4.3),py,Accepted,110,24744,156,
s012639400,p02791,u224435863,1579464611,C++,C++14 (GCC 5.4.1),cpp,Runtime Error,165,640,312,
s094900935,p02791,u024764559,1579464611,C++,C++14 (Clang 3.8.0),cpp,Accepted,168,1792,1812,
s477042480,p02791,u657913472,1579464611,Perl,Perl (v5.18.2),pl,Accepted,700,41636,38,
s311323514,p02791,u717907888,1579464611,C++,C++14 (GCC 5.4.1),cpp,Accepted,153,9600,753,
s046316302,p02791,u959225525,1579464610,Python,Python (3.4.3),py,Time Limit Exceeded,2104,24744,174,
s522000823,p02791,u468663659,1579464609,C,C (GCC 5.4.1),c,Accepted,22,896,384,
s313681023,p02791,u853547292,1579464609,Python,Python (3.4.3),py,Runtime Error,37,17940,120,
s087576884,p02791,u492447501,1579464607,Python,Python (3.4.3),py,Accepted,107,24744,171,
s106755701,p02791,u850516963,1579464607,C++,C++14 (GCC 5.4.1),cpp,Wrong Answer,63,1024,1559,
s844544182,p02791,u762502257,1579464606,C++,C++14 (GCC 5.4.1),cpp,Accepted,63,1024,339,
s602409264,p02791,u506716952,1579464606,C++,C++14 (GCC 5.4.1),cpp,Accepted,22,1792,657,
s065294063,p02791,u927912636,1579464606,C++,C++14 (GCC 5.4.1),cpp,Accepted,28,1792,522,
s445181790,p02791,u145779315,1579464605,C++,C++14 (GCC 5.4.1),cpp,Time Limit Exceeded,2103,1024,1426,
s138874874,p02791,u768204022,1579464605,C++,C++14 (GCC 5.4.1),cpp,Accepted,60,1792,1669,
s997027728,p02791,u346180161,1579464605,C++,C++14 (GCC 5.4.1),cpp,Accepted,19,1792,727,
s591161008,p02791,u723843066,1579464604,C++,C++14 (GCC 5.4.1),cpp,Accepted,66,1024,1296,
s464826615,p02791,u387136983,1579464604,C++,C++14 (GCC 5.4.1),cpp,Time Limit Exceeded,2103,1792,456,
s918858181,p02791,u665893287,1579464604,Go,Go (1.6),go,Wrong Answer,947,6016,284,
s690938816,p02791,u174603263,1579464604,Python,Python (3.4.3),py,Accepted,100,27208,802,
s623186595,p02791,u015418292,1579464603,Java,Java8 (OpenJDK 1.8.0),java,Time Limit Exceeded,2109,78676,581,
s474842905,p02791,u825769322,1579464603,Python,Python (3.4.3),py,Accepted,114,25768,165,
s507614399,p02791,u501842214,1579464603,Python,Python (3.4.3),py,Accepted,108,24744,275,
s390820499,p02791,u917917206,1579464603,Ruby,Ruby (2.3.3),rb,Accepted,105,16516,224,
s998795159,p02791,u489959379,1579464603,Python,PyPy3 (2.4.0),py,Accepted,244,75540,165,
s022889010,p02791,u088330160,1579464602,Java,Java8 (OpenJDK 1.8.0),java,Accepted,558,63336,310,
s826295895,p02791,u965336480,1579464602,C++,C++14 (GCC 5.4.1),cpp,Accepted,63,1024,465,
s507952116,p02791,u051181337,1579464602,Python,PyPy3 (2.4.0),py,Accepted,280,87504,187,
s933839617,p02791,u879081367,1579464601,C++,C++14 (GCC 5.4.1),cpp,Time Limit Exceeded,2103,896,278,
s139759737,p02791,u649529164,1579464601,Python,Python (3.4.3),py,Accepted,111,24744,137,
s929373068,p02791,u918817732,1579464600,Python,Python (3.4.3),py,Accepted,108,24744,175,
s234282913,p02791,u500092662,1579464600,C++,C++14 (GCC 5.4.1),cpp,Accepted,176,1024,657,
s797912367,p02791,u874921280,1579464599,C++,C++14 (GCC 5.4.1),cpp,Accepted,77,1024,380,
s858267226,p02791,u353855427,1579464599,Python,Python (3.4.3),py,Time Limit Exceeded,2104,24744,213,
s532671665,p02791,u640888913,1579464599,C++,C++14 (GCC 5.4.1),cpp,Accepted,79,1792,565,
s724074012,p02791,u044442911,1579464598,Python,Python (3.4.3),py,Accepted,83,24744,324,
s644192875,p02791,u923659712,1579464598,Python,Python (3.4.3),py,Wrong Answer,110,24744,109,
s190454663,p02791,u966257731,1579464598,C++,C++14 (GCC 5.4.1),cpp,Accepted,61,1024,254,
s194314377,p02791,u464957469,1579464598,C++,C++14 (GCC 5.4.1),cpp,Wrong Answer,60,1024,352,
s527198433,p02791,u465699806,1579464597,C++,C++14 (GCC 5.4.1),cpp,Accepted,60,3456,7719,
s217041435,p02791,u583119986,1579464597,Python,PyPy3 (2.4.0),py,Accepted,268,65664,209,
s697648060,p02791,u595375942,1579464597,Python,Python (3.4.3),py,Time Limit Exceeded,2104,24744,161,
s170305571,p02791,u284670453,1579464596,C++,C++14 (GCC 5.4.1),cpp,Time Limit Exceeded,2103,1024,314,
s016034652,p02791,u537747009,1579464596,Java,Java8 (OpenJDK 1.8.0),java,Accepted,110,22996,2794,
s304875712,p02791,u841621946,1579464595,Python,Python (3.4.3),py,Accepted,150,24744,161,
s334244094,p02791,u705037238,1579464594,Rust,Rust (1.15.1),rs,Accepted,54,4352,687,
s031369204,p02791,u919017918,1579464593,Python,Python (3.4.3),py,Wrong Answer,116,24744,170,
s165252215,p02791,u943993935,1579464593,C++,C++14 (GCC 5.4.1),cpp,Accepted,61,3444,768,
s253295754,p02791,u523698212,1579464592,C++,C++14 (GCC 5.4.1),cpp,Wrong Answer,78,256,181,
s460317713,p02791,u663438907,1579464591,Python,Python (3.4.3),py,Time Limit Exceeded,2104,24744,193,
s250237669,p02791,u715727430,1579464591,C++,C++14 (GCC 5.4.1),cpp,Time Limit Exceeded,2103,1024,431,
s664762663,p02791,u657913472,1579464591,Perl,Perl (v5.18.2),pl,Accepted,692,41636,39,
s501315386,p02791,u605402887,1579464591,C,C (GCC 5.4.1),c,Time Limit Exceeded,2103,896,363,
s618163584,p02791,u281610856,1579464591,Python,Python (3.4.3),py,Time Limit Exceeded,2104,26012,201,
s663219661,p02791,u636157062,1579464590,Python,Python (3.4.3),py,Runtime Error,119,24744,129,
s547756036,p02791,u235169423,1579464589,Java,Java8 (OpenJDK 1.8.0),java,Accepted,551,89144,532,
s490224173,p02791,u435480265,1579464589,Python,Python (3.4.3),py,Accepted,89,17940,132,
s838206201,p02791,u211203739,1579464589,Python,Python (3.4.3),py,Accepted,107,24900,187,
s871222267,p02791,u089147470,1579464588,C++,C++14 (GCC 5.4.1),cpp,Wrong Answer,78,1024,248,
s577531633,p02791,u823920817,1579464588,C++,C++14 (GCC 5.4.1),cpp,Accepted,62,1920,327,
s120959170,p02791,u867848444,1579464588,Python,Python (3.4.3),py,Accepted,105,24744,146,
s836446816,p02791,u654115954,1579464588,C++,C++14 (GCC 5.4.1),cpp,Time Limit Exceeded,2103,1024,778,
s000176423,p02791,u860789370,1579464587,Kotlin,Kotlin (1.0.0),kt,Accepted,647,80820,277,
s555659666,p02791,u973991908,1579464587,C++,C++14 (GCC 5.4.1),cpp,Wrong Answer,2103,1408,941,
s095698452,p02791,u828506439,1579464587,Python,Python (3.4.3),py,Accepted,114,24744,271,
s329168993,p02791,u370388551,1579464587,C++,C++14 (GCC 5.4.1),cpp,Wrong Answer,81,4992,1209,
s388309936,p02791,u573754721,1579464586,Python,Python (3.4.3),py,Accepted,105,26012,181,
s674874713,p02791,u009183599,1579464586,Java,Java8 (OpenJDK 1.8.0),java,Accepted,401,57164,609,
s117289077,p02791,u874414087,1579464585,Ruby,Ruby (2.3.3),rb,Accepted,508,28004,212,
s936718261,p02791,u131625544,1579464583,C++,C++14 (GCC 5.4.1),cpp,Accepted,60,1792,370,
s032125982,p02791,u079802746,1579464583,C++,C++14 (GCC 5.4.1),cpp,Accepted,60,1792,286,
s083800428,p02791,u208187916,1579464583,Python,Python (3.4.3),py,Wrong Answer,108,24744,152,
s143314525,p02791,u481050822,1579464583,Python,Python (2.7.6),py,Accepted,111,19988,134,
s430161216,p02791,u227764848,1579464583,C++,C++14 (GCC 5.4.1),cpp,Accepted,61,2420,713,
s889763708,p02791,u434872492,1579464583,Python,Python (3.4.3),py,Accepted,107,24744,159,
s069776466,p02791,u190875453,1579464581,C++,C++14 (GCC 5.4.1),cpp,Accepted,60,1024,340,
s198879638,p02791,u083858683,1579464580,PHP,PHP (5.6.30),php,Runtime Error,9,3704,290,
s415641725,p02791,u828036666,1579464580,Python,Python (3.4.3),py,Accepted,87,24744,287,
s618717423,p02791,u676474080,1579464580,C++,C++14 (GCC 5.4.1),cpp,Accepted,18,1024,1359,
s395766957,p02791,u494070244,1579464580,C++,C++14 (GCC 5.4.1),cpp,Accepted,18,256,958,
s514145396,p02791,u806999568,1579464580,C++,C++14 (GCC 5.4.1),cpp,Accepted,19,1792,1124,
s768458451,p02791,u853010060,1579464580,Python,Python (3.4.3),py,Time Limit Exceeded,2104,25768,212,
s343587827,p02791,u947549244,1579464579,C,C (GCC 5.4.1),c,Time Limit Exceeded,2103,896,426,
s342925612,p02791,u563845123,1579464579,C++,C++14 (GCC 5.4.1),cpp,Wrong Answer,80,1024,278,
s215952567,p02791,u027929618,1579464579,Python,Python (3.4.3),py,Accepted,109,24744,130,
s616260451,p02791,u781091740,1579464578,C++,C++14 (GCC 5.4.1),cpp,Accepted,22,1024,394,
s348136080,p02791,u885986895,1579464577,Python,Python (3.4.3),py,Accepted,143,24744,191,
s550929386,p02791,u371555975,1579464577,C++,C++14 (GCC 5.4.1),cpp,Accepted,19,3328,506,
s633712148,p02791,u486307811,1579464576,C++,C++14 (GCC 5.4.1),cpp,Accepted,66,1152,320,
s001125436,p02791,u854161810,1579464576,C++,C++14 (GCC 5.4.1),cpp,Accepted,60,1792,470,
s004613719,p02791,u552122040,1579464576,C++,C++14 (GCC 5.4.1),cpp,Time Limit Exceeded,2103,1024,343,
s215554525,p02791,u685662874,1579464576,Python,Python (3.4.3),py,Accepted,191,25476,376,
s134361475,p02791,u906062990,1579464575,C++,C++14 (GCC 5.4.1),cpp,Time Limit Exceeded,2103,1024,660,
s027315454,p02791,u273762429,1579464575,Ruby,Ruby (2.3.3),rb,Accepted,108,16516,188,
s679456550,p02791,u798665594,1579464575,C++,C++14 (GCC 5.4.1),cpp,Time Limit Exceeded,2103,1024,495,
s848121792,p02791,u182321487,1579464574,C++,C++14 (GCC 5.4.1),cpp,Accepted,62,1792,683,
s529077323,p02791,u772625937,1579464574,Ruby,Ruby (2.3.3),rb,Time Limit Exceeded,2108,19460,263,
s958964048,p02791,u324303263,1579464574,C++,C++14 (GCC 5.4.1),cpp,Accepted,19,1024,2311,
s806140715,p02791,u250436918,1579464573,C++,C++14 (GCC 5.4.1),cpp,Wrong Answer,2103,1280,527,
s123850191,p02791,u411203878,1579464573,Ruby,Ruby (2.3.3),rb,Time Limit Exceeded,2108,19612,167,
s842147559,p02791,u567406270,1579464573,C++,C++14 (GCC 5.4.1),cpp,Time Limit Exceeded,2103,1024,1030,
s262448208,p02791,u314920173,1579464573,C++,C++14 (Clang 3.8.0),cpp,Wrong Answer,2103,1024,895,
s432764730,p02791,u113310313,1579464573,Python,Python (3.4.3),py,Accepted,109,24744,164,
s332859589,p02791,u542220989,1579464573,C++,C++14 (GCC 5.4.1),cpp,Wrong Answer,37,1792,425,
s397565677,p02791,u971237642,1579464572,Python,Python (3.4.3),py,Accepted,105,24744,202,
s912362637,p02791,u455809703,1579464572,Python,PyPy3 (2.4.0),py,Accepted,252,76752,160,
s543245719,p02791,u476124554,1579464572,Python,Python (3.4.3),py,Accepted,121,24744,203,
s101429296,p02791,u474212789,1579464572,C++,C++14 (GCC 5.4.1),cpp,Wrong Answer,2103,1024,558,
s919231247,p02791,u540724932,1579464572,C++,C++14 (GCC 5.4.1),cpp,Accepted,78,256,291,
s245181690,p02791,u993310962,1579464572,Python,Python (3.4.3),py,Time Limit Exceeded,2105,24744,193,
s487390994,p02791,u148551245,1579464572,Python,Python (3.4.3),py,Runtime Error,2105,43576,283,
s555231200,p02791,u397596606,1579464572,C++,C++14 (GCC 5.4.1),cpp,Wrong Answer,77,256,267,
s038000668,p02791,u602740328,1579464571,Python,Python (3.4.3),py,Accepted,94,24744,142,
s057231636,p02791,u150296067,1579464570,C++,C++14 (GCC 5.4.1),cpp,Accepted,29,1024,400,
s598235541,p02791,u952094438,1579464570,C++,C++14 (GCC 5.4.1),cpp,Accepted,63,1024,680,
s520369065,p02791,u840958781,1579464569,Python,Python (3.4.3),py,Time Limit Exceeded,2104,24744,143,
s538835037,p02791,u532086793,1579464569,C++,C++14 (GCC 5.4.1),cpp,Accepted,77,256,437,
s566833787,p02791,u356331749,1579464569,Java,Java8 (OpenJDK 1.8.0),java,Accepted,208,46428,879,
s583421817,p02791,u473116917,1579464569,C++,C++14 (GCC 5.4.1),cpp,Accepted,63,1400,1524,
s866513691,p02791,u194208056,1579464568,C++,C++14 (GCC 5.4.1),cpp,Accepted,90,11264,567,
s461151761,p02791,u152509702,1579464567,Python,PyPy3 (2.4.0),py,Accepted,291,76104,171,
s364477601,p02791,u933717615,1579464567,Python,Python (3.4.3),py,Time Limit Exceeded,2104,24744,176,
s836497335,p02791,u823044869,1579464567,Python,PyPy3 (2.4.0),py,Time Limit Exceeded,2112,136936,261,
s417729185,p02791,u987039629,1579464567,C++,C++14 (GCC 5.4.1),cpp,Accepted,62,1024,290,
s959504474,p02791,u071282706,1579464567,C++,C++14 (GCC 5.4.1),cpp,Wrong Answer,65,256,231,
s262799014,p02791,u114838227,1579464566,C++,C++14 (GCC 5.4.1),cpp,Accepted,61,1400,514,
s232869732,p02791,u259684121,1579464566,C++,C++14 (GCC 5.4.1),cpp,Time Limit Exceeded,2103,1024,420,
s068658784,p02791,u232873434,1579464565,Python,Python (3.4.3),py,Wrong Answer,2104,17704,160,
s279169882,p02791,u956298021,1579464565,C++,C++14 (GCC 5.4.1),cpp,Accepted,80,1792,446,
s011808989,p02791,u251779460,1579464565,C++,C++14 (GCC 5.4.1),cpp,Accepted,63,1024,650,
s604822623,p02791,u527977536,1579464565,Python,Python (3.4.3),py,Time Limit Exceeded,2104,24744,230,
s356810261,p02791,u434208140,1579464564,C++,C++14 (GCC 5.4.1),cpp,Accepted,19,1024,536,
s691964491,p02791,u265065462,1579464564,C++,C++14 (GCC 5.4.1),cpp,Accepted,66,1792,1137,
s283060068,p02791,u349225213,1579464564,C++,C++14 (GCC 5.4.1),cpp,Accepted,59,1024,306,
s662320967,p02791,u819208902,1579464563,C++,C++14 (GCC 5.4.1),cpp,Compile Error,,,441,
s936090730,p02791,u196176785,1579464562,C++,C++14 (GCC 5.4.1),cpp,Wrong Answer,2103,6528,420,
s516305539,p02791,u397533457,1579464562,Ruby,Ruby (2.3.3),rb,Wrong Answer,107,15236,191,
s302927455,p02791,u624678037,1579464562,C++,C++14 (GCC 5.4.1),cpp,Accepted,68,1908,817,
s437992008,p02791,u715912777,1579464562,Python,Python (3.4.3),py,Accepted,91,25768,288,
s723792078,p02791,u049931175,1579464562,C++,C++14 (GCC 5.4.1),cpp,Runtime Error,130,256,269,
s091834250,p02791,u234365185,1579464561,C,C (GCC 5.4.1),c,Accepted,22,896,310,
s787947984,p02791,u008078348,1579464561,C++,C++14 (GCC 5.4.1),cpp,Accepted,61,1152,624,
s532075700,p02791,u663259726,1579464561,C#,C# (Mono 4.6.2.0),cs,Wrong Answer,106,33628,381,
s494504371,p02791,u131406572,1579464561,Python,Python (3.4.3),py,Accepted,181,26012,186,
s379541193,p02791,u655761560,1579464561,C#,C# (Mono 4.6.2.0),cs,Accepted,110,32452,504,
s823350854,p02791,u974292946,1579464560,Python,Python (3.4.3),py,Wrong Answer,111,24744,182,
s651548989,p02791,u910994303,1579464560,C++,C++14 (GCC 5.4.1),cpp,Wrong Answer,2103,1920,455,
s180126766,p02791,u188486233,1579464560,C,C (GCC 5.4.1),c,Wrong Answer,22,896,255,
s077145363,p02791,u729417323,1579464560,Python,Python (3.4.3),py,Accepted,91,24744,185,
s178457623,p02791,u267727566,1579464560,C++,C++14 (GCC 5.4.1),cpp,Accepted,77,256,195,
s106097421,p02791,u170350182,1579464559,Python,PyPy3 (2.4.0),py,Accepted,282,76496,217,
s955028616,p02791,u389008487,1579464558,C,C (Clang 3.8.0),c,Accepted,22,128,280,
s295034904,p02791,u815879390,1579464558,C++,C++ (GCC 5.4.1),cpp,Accepted,78,384,485,
s780472219,p02791,u587669944,1579464555,C++,C++14 (GCC 5.4.1),cpp,Time Limit Exceeded,2103,1024,426,
s177037608,p02791,u195822478,1579464555,C++,C++14 (GCC 5.4.1),cpp,Accepted,61,1792,452,
s216502376,p02791,u211109468,1579464555,C++,C++14 (GCC 5.4.1),cpp,Accepted,77,256,267,
s796581046,p02791,u055775081,1579464555,C++,C++14 (GCC 5.4.1),cpp,Wrong Answer,65,256,253,
s566212580,p02791,u782930273,1579464554,Python,Python (3.4.3),py,Accepted,96,24744,147,
s914379948,p02791,u470560351,1579464554,Python,Python (3.4.3),py,Accepted,152,24436,228,
s559682376,p02791,u642874916,1579464554,Python,PyPy3 (2.4.0),py,Accepted,258,71500,1453,
s116793208,p02791,u659957498,1579464552,C++,C++14 (GCC 5.4.1),cpp,Accepted,20,384,251,
s823750744,p02791,u422768114,1579464551,C++,C++14 (GCC 5.4.1),cpp,Accepted,21,1024,365,
s663482191,p02791,u529781102,1579464551,C++,C++14 (GCC 5.4.1),cpp,Accepted,19,1792,949,
s232352527,p02791,u984276646,1579464550,Python,Python (3.4.3),py,Time Limit Exceeded,2104,24744,202,
s620061243,p02791,u103686642,1579464550,C++,C++14 (GCC 5.4.1),cpp,Time Limit Exceeded,2103,892,736,
s318576619,p02791,u889692806,1579464550,C++,C++14 (GCC 5.4.1),cpp,Accepted,22,1024,299,
s270578085,p02791,u300768980,1579464549,C++,C++14 (GCC 5.4.1),cpp,Wrong Answer,31,2168,548,
s618041803,p02791,u108440141,1579464549,C++,C++14 (GCC 5.4.1),cpp,Time Limit Exceeded,2103,1024,241,
s370337680,p02791,u646224936,1579464548,C++,C++14 (GCC 5.4.1),cpp,Wrong Answer,77,1024,276,
s282436793,p02791,u469281291,1579464548,Java,Java8 (OpenJDK 1.8.0),java,Accepted,565,87260,523,
s591663349,p02791,u523698212,1579464548,C++,C++14 (GCC 5.4.1),cpp,Compile Error,,,181,
s260810071,p02791,u803684095,1579464548,C++,C++14 (GCC 5.4.1),cpp,Accepted,77,1024,315,
s349312861,p02791,u848678027,1579464548,Python,Python (3.4.3),py,Time Limit Exceeded,2104,26012,317,
s746645725,p02791,u881730038,1579464547,C#,C# (Mono 4.6.2.0),cs,Accepted,109,35676,522,
s883678977,p02791,u041163234,1579464547,C++,C++14 (GCC 5.4.1),cpp,Accepted,80,1152,318,
s821635039,p02791,u808593466,1579464547,C++,C++14 (GCC 5.4.1),cpp,Accepted,77,1792,852,
s067981894,p02791,u924032147,1579464546,C++,C++14 (GCC 5.4.1),cpp,Wrong Answer,79,1024,268,
s748140720,p02791,u419390395,1579464546,C++,C++14 (GCC 5.4.1),cpp,Time Limit Exceeded,2103,1024,1018,
s658645389,p02791,u943993935,1579464546,C++,C++14 (GCC 5.4.1),cpp,Compile Error,,,767,
s005223361,p02791,u963903527,1579464546,C++,C++14 (GCC 5.4.1),cpp,Accepted,18,256,1607,
s825693674,p02791,u839509562,1579464546,Rust,Rust (1.15.1),rs,Accepted,54,4352,778,
s741733879,p02791,u534019408,1579464546,C++,C++14 (GCC 5.4.1),cpp,Accepted,79,1024,294,
s001460891,p02791,u589502773,1579464545,C++,C++14 (GCC 5.4.1),cpp,Accepted,20,2816,3252,
s311223334,p02791,u648064928,1579464545,Python,Python (3.4.3),py,Accepted,105,24744,303,
s519281566,p02791,u923659712,1579464545,Python,Python (3.4.3),py,Wrong Answer,110,24744,108,
s889928449,p02791,u972255887,1579464544,Python,Python (3.4.3),py,Accepted,85,24744,283,
s807898453,p02791,u154833883,1579464544,TypeScript,TypeScript (2.1.6),ts,Time Limit Exceeded,2109,37216,2643,
s039475011,p02791,u461913494,1579464544,C++,C++14 (GCC 5.4.1),cpp,Runtime Error,168,1916,1319,
s040911023,p02791,u659915504,1579464543,Rust,Rust (1.15.1),rs,Accepted,42,4476,733,
s189777070,p02791,u489959379,1579464543,Python,PyPy3 (2.4.0),py,Wrong Answer,280,75472,161,
s716539209,p02791,u003026289,1579464543,C++,C++14 (GCC 5.4.1),cpp,Time Limit Exceeded,2103,2944,500,
s887142004,p02791,u506716952,1579464543,C++,C++14 (GCC 5.4.1),cpp,Runtime Error,129,384,655,
s064490345,p02791,u716530146,1579464543,Python,PyPy3 (2.4.0),py,Accepted,280,78960,359,
s314851822,p02791,u156383602,1579464542,Python,Python (3.4.3),py,Accepted,121,24744,146,
s944123117,p02791,u234577425,1579464542,C++,C++14 (GCC 5.4.1),cpp,Accepted,77,1024,380,
s169100099,p02791,u646965135,1579464542,Rust,Rust (1.15.1),rs,Accepted,13,8444,10469,
s075472901,p02791,u707482839,1579464542,C++,C++14 (GCC 5.4.1),cpp,Accepted,18,1792,2331,
s060484026,p02791,u273010357,1579464542,Python,Python (3.4.3),py,Wrong Answer,111,24872,133,
s708713396,p02791,u189364737,1579464541,C++,C++14 (GCC 5.4.1),cpp,Accepted,60,1024,267,
s588454707,p02791,u105724567,1579464541,C++,C++14 (GCC 5.4.1),cpp,Accepted,132,10368,274,
s722046074,p02791,u602888678,1579464541,C++,C++14 (GCC 5.4.1),cpp,Accepted,62,1792,397,
s008247912,p02791,u144029820,1579464541,C++,C++14 (GCC 5.4.1),cpp,Accepted,62,1024,310,
s982180865,p02791,u260216890,1579464541,Python,Python (3.4.3),py,Accepted,145,24744,159,
s995841839,p02791,u967915578,1579464540,C++,C++14 (GCC 5.4.1),cpp,Time Limit Exceeded,2103,1024,359,
s415034454,p02791,u673058945,1579464540,C++,C++14 (GCC 5.4.1),cpp,Wrong Answer,77,256,361,
s778619088,p02791,u603991349,1579464540,C++,C++14 (GCC 5.4.1),cpp,Accepted,18,1792,945,
s803474523,p02791,u897328029,1579464539,Python,Python (3.4.3),py,Accepted,89,24744,231,
s661821818,p02791,u837843177,1579464539,C++,C++14 (GCC 5.4.1),cpp,Accepted,78,1024,310,
s637054979,p02791,u348868667,1579464538,Python,Python (3.4.3),py,Accepted,113,24744,159,
s896222225,p02791,u185464141,1579464537,C,C (GCC 5.4.1),c,Wrong Answer,22,896,522,
s695548293,p02791,u318537266,1579464537,Java,Java8 (OpenJDK 1.8.0),java,Accepted,547,65156,377,
s684985290,p02791,u978178314,1579464536,Python,Python (3.4.3),py,Accepted,100,24744,130,
s263109146,p02791,u917152735,1579464536,C++,C++14 (GCC 5.4.1),cpp,Wrong Answer,30,1792,859,
s721835712,p02791,u673058289,1579464535,C++,C++14 (GCC 5.4.1),cpp,Accepted,129,10368,302,
s111085954,p02791,u864329440,1579464535,C++,C++14 (GCC 5.4.1),cpp,Wrong Answer,76,256,461,
s444877880,p02791,u785213188,1579464535,Python,Python (3.4.3),py,Accepted,108,24744,138,
s707316158,p02791,u645644658,1579464535,C++,C++14 (GCC 5.4.1),cpp,Accepted,22,1792,764,
s148950449,p02791,u752146271,1579464534,Ruby,Ruby (2.3.3),rb,Accepted,105,15236,118,
s767168123,p02791,u503640463,1579464534,C++,C++14 (GCC 5.4.1),cpp,Accepted,64,2560,559,
s393939709,p02791,u768496010,1579464533,Python,Python (3.4.3),py,Accepted,93,24744,184,
s859881286,p02791,u538921909,1579464532,C++,C++ (GCC 5.4.1),cpp,Accepted,95,384,224,
s432426692,p02791,u760953993,1579464532,C++,C++14 (GCC 5.4.1),cpp,Accepted,70,1400,314,
s965048443,p02791,u409614401,1579464532,Ruby,Ruby (2.3.3),rb,Accepted,124,15236,162,
s874230671,p02791,u886432251,1579464532,Fortran,Fortran (gfortran v4.8.4),f,Accepted,52,1536,448,
s564377766,p02791,u795245552,1579464531,Python,Python (3.4.3),py,Accepted,161,25768,176,
s912226206,p02791,u399236408,1579464531,C++,C++14 (GCC 5.4.1),cpp,Accepted,62,1792,334,
s946800442,p02791,u174165811,1579464530,C++,C++14 (GCC 5.4.1),cpp,Accepted,77,1024,384,
s363161552,p02791,u562033060,1579464530,Python,Python (3.4.3),py,Accepted,111,24744,139,
s889002896,p02791,u675343092,1579464530,C++,C++14 (GCC 5.4.1),cpp,Accepted,19,1400,1074,
s590765287,p02791,u821284362,1579464530,C++,C++14 (GCC 5.4.1),cpp,Accepted,19,1792,428,
s648010854,p02791,u623759422,1579464529,C,C (GCC 5.4.1),c,Runtime Error,128,512,263,
s169269300,p02791,u347579224,1579464529,C++,C++14 (GCC 5.4.1),cpp,Accepted,60,1792,758,
s573392174,p02791,u338520482,1579464529,C++,C++14 (GCC 5.4.1),cpp,Accepted,60,1024,385,
s977118230,p02791,u389007679,1579464529,C++,C++14 (GCC 5.4.1),cpp,Accepted,76,256,357,
s912271942,p02791,u344959886,1579464529,Python,PyPy3 (2.4.0),py,Accepted,287,86864,195,
s473663419,p02791,u636290142,1579464528,Python,PyPy3 (2.4.0),py,Time Limit Exceeded,2108,77536,309,
s480779020,p02791,u068944955,1579464528,Python,Python (3.4.3),py,Time Limit Exceeded,2104,24744,151,
s820018518,p02791,u600244905,1579464528,C++,C++14 (GCC 5.4.1),cpp,Accepted,20,2420,994,
s100089429,p02791,u487128874,1579464527,C++,C++14 (GCC 5.4.1),cpp,Accepted,140,11136,1968,
s223673062,p02791,u330446219,1579464527,C++,C++14 (GCC 5.4.1),cpp,Accepted,19,1024,338,
s898467236,p02791,u210718367,1579464527,C++,C++14 (GCC 5.4.1),cpp,Accepted,18,256,345,
s295988410,p02791,u990608646,1579464527,Python,Python (3.4.3),py,Accepted,134,24744,291,
s969161848,p02791,u863190862,1579464527,C++,C++14 (GCC 5.4.1),cpp,Time Limit Exceeded,2103,1024,703,
s115981363,p02791,u255943004,1579464526,Python,Python (3.4.3),py,Accepted,157,24744,179,
s735427873,p02791,u227764848,1579464526,C++,C++14 (GCC 5.4.1),cpp,Wrong Answer,61,2420,712,
s104334837,p02791,u704284486,1579464524,Python,Python (3.4.3),py,Time Limit Exceeded,2104,24744,153,
s617805797,p02791,u169866169,1579464524,Python,Python (3.4.3),py,Accepted,123,24744,184,
s090219718,p02791,u941287913,1579464524,C++,C++14 (GCC 5.4.1),cpp,Accepted,77,1024,318,
s575604463,p02791,u822064637,1579464524,C#,C# (Mono 4.6.2.0),cs,Wrong Answer,126,34012,605,
s984784696,p02791,u290886932,1579464524,Python,Python (3.4.3),py,Runtime Error,17,2940,133,
s054484640,p02791,u331197998,1579464524,C++,C++14 (GCC 5.4.1),cpp,Accepted,66,1024,371,
s466391109,p02791,u630554891,1579464524,Python,Python (3.4.3),py,Wrong Answer,78,17776,215,
s075400840,p02791,u571867512,1579464523,Python,Python (3.4.3),py,Time Limit Exceeded,2104,24744,144,
s217393838,p02791,u194894739,1579464523,C++,C++14 (GCC 5.4.1),cpp,Accepted,60,1024,649,
s492578260,p02791,u819208902,1579464521,C++,C++14 (GCC 5.4.1),cpp,Compile Error,,,426,
s884305244,p02791,u556276145,1579464520,C++,C++14 (GCC 5.4.1),cpp,Accepted,18,1792,1180,
s252144272,p02791,u955488057,1579464520,Python,Python (3.4.3),py,Time Limit Exceeded,2104,25768,228,
s704744416,p02791,u441470484,1579464519,C,C (GCC 5.4.1),c,Accepted,22,896,379,
s714770988,p02791,u600877030,1579464519,C++,C++14 (GCC 5.4.1),cpp,Accepted,18,1792,600,
s131051261,p02791,u700805562,1579464519,Python,PyPy3 (2.4.0),py,Time Limit Exceeded,2108,85584,228,
s601150406,p02791,u200527996,1579464518,Python,Python (3.4.3),py,Time Limit Exceeded,2104,24744,236,
s183537703,p02791,u981269105,1579464518,Java,Java8 (OpenJDK 1.8.0),java,Accepted,250,50072,875,
s709801727,p02791,u939401127,1579464518,C++,C++14 (GCC 5.4.1),cpp,Time Limit Exceeded,2103,1792,1885,
s699700231,p02791,u814986259,1579464518,Python,Python (3.4.3),py,Accepted,150,26712,181,
s423358385,p02791,u045767587,1579464518,C,C (GCC 5.4.1),c,Accepted,22,896,355,
s567365035,p02791,u265187423,1579464518,C++,C++14 (GCC 5.4.1),cpp,Wrong Answer,34,1664,635,
s118680475,p02791,u013069672,1579464517,C++,C++14 (GCC 5.4.1),cpp,Accepted,79,256,277,
s258542283,p02791,u283719735,1579464517,Python,Python (3.4.3),py,Accepted,91,24744,161,
s899606334,p02791,u311375022,1579464517,C++,C++14 (GCC 5.4.1),cpp,Accepted,18,1024,1126,
s783631706,p02791,u319910051,1579464517,C++,C++14 (GCC 5.4.1),cpp,Accepted,60,1792,361,
s417913164,p02791,u001119849,1579464516,Bf,Bf (bf 20041219),bf,Time Limit Exceeded,2103,1148,2128,
s544317059,p02791,u214561383,1579464516,Python,Python (3.4.3),py,Time Limit Exceeded,2104,24744,230,
s626534693,p02791,u863957421,1579464515,C++,C++14 (GCC 5.4.1),cpp,Accepted,21,1024,407,
s728168997,p02791,u196176785,1579464515,C++,C++14 (GCC 5.4.1),cpp,Compile Error,,,420,
s762269810,p02791,u965095643,1579464514,Python,Python (3.4.3),py,Accepted,115,25768,161,
s021088475,p02791,u045909335,1579464514,Python,Python (3.4.3),py,Time Limit Exceeded,2104,24744,288,
s460280402,p02791,u473218204,1579464514,C,C (GCC 5.4.1),c,Time Limit Exceeded,2103,896,353,
s477747486,p02791,u546897790,1579464514,C++,C++14 (GCC 5.4.1),cpp,Accepted,76,256,411,
s493875572,p02791,u442754977,1579464513,C++,C++14 (GCC 5.4.1),cpp,Accepted,60,1024,336,
s071940771,p02791,u109133010,1579464512,C++,C++14 (GCC 5.4.1),cpp,Accepted,60,1792,293,
s616337950,p02791,u638902622,1579464512,Python,Python (3.4.3),py,Accepted,123,25768,226,
s234983238,p02791,u973997867,1579464512,C++,C++14 (GCC 5.4.1),cpp,Accepted,60,1024,366,
s770881200,p02791,u923112423,1579464511,Java,Java8 (OpenJDK 1.8.0),java,Wrong Answer,601,69520,2382,
s607979859,p02791,u692691097,1579464511,C++,C++14 (GCC 5.4.1),cpp,Accepted,78,1024,244,
s980447737,p02791,u695079172,1579464511,Python,Python (3.4.3),py,Accepted,93,24744,298,
s326797673,p02791,u273928723,1579464511,C++,C++14 (GCC 5.4.1),cpp,Wrong Answer,59,1792,781,
s415413057,p02791,u276517671,1579464511,Ruby,Ruby (2.3.3),rb,Accepted,98,16516,128,
s584968412,p02791,u597436499,1579464511,C++,C++14 (GCC 5.4.1),cpp,Accepted,60,1024,406,
s956677697,p02791,u314928583,1579464511,Go,Go (1.6),go,Accepted,952,5376,319,
s714233247,p02791,u199924561,1579464511,Ruby,Ruby (2.3.3),rb,Accepted,106,15364,160,
s934897774,p02791,u495514186,1579464510,C++,C++14 (GCC 5.4.1),cpp,Accepted,77,1024,357,
s624404907,p02791,u160459241,1579464510,Python,Python (3.4.3),py,Accepted,108,24744,164,
s333175898,p02791,u575279726,1579464510,C++,C++14 (GCC 5.4.1),cpp,Accepted,63,1792,789,
s363699144,p02791,u032223772,1579464509,Bash,Bash (GNU bash v4.3.11),sh,Accepted,81,792,41,
s149073121,p02791,u019189612,1579464509,C++,C++14 (GCC 5.4.1),cpp,Accepted,21,1024,415,
s384542759,p02791,u730298763,1579464508,C++,C++14 (GCC 5.4.1),cpp,Accepted,78,256,263,
s793709893,p02791,u828994140,1579464508,C++,C++14 (GCC 5.4.1),cpp,Wrong Answer,77,1024,381,
s656960422,p02791,u127755497,1579464508,C++,C++14 (GCC 5.4.1),cpp,Accepted,62,1024,1542,
s526053062,p02791,u599444495,1579464507,Nim,Nim (0.13.0),nim,Time Limit Exceeded,2104,15868,357,
s115190199,p02791,u228475480,1579464507,C++,C++14 (GCC 5.4.1),cpp,Accepted,18,256,1609,
s730365096,p02791,u781762706,1579464507,C++,C++14 (GCC 5.4.1),cpp,Accepted,76,3328,385,
s069249996,p02791,u840105874,1579464506,C++,C++14 (GCC 5.4.1),cpp,Accepted,60,1792,1038,
s037843587,p02791,u866325115,1579464505,Ruby,Ruby (2.3.3),rb,Time Limit Exceeded,2108,19204,230,
s461087743,p02791,u893330446,1579464505,C++,C++14 (GCC 5.4.1),cpp,Accepted,59,1792,876,
s118545725,p02791,u889692806,1579464505,C++,C++14 (GCC 5.4.1),cpp,Runtime Error,109,640,299,
s097422301,p02791,u752767312,1579464504,C++,C++14 (GCC 5.4.1),cpp,Accepted,60,1792,999,
s389881483,p02791,u422768114,1579464503,C++,C++14 (GCC 5.4.1),cpp,Runtime Error,108,640,365,
s089697583,p02791,u119714109,1579464503,Python,PyPy3 (2.4.0),py,Accepted,272,71248,297,
s199269854,p02791,u788023488,1579464503,Python,Python (3.4.3),py,Accepted,113,24744,173,
s187020901,p02791,u224168474,1579464503,C++,C++14 (GCC 5.4.1),cpp,Accepted,18,256,528,
s310639349,p02791,u951672936,1579464502,Python,Python (3.4.3),py,Accepted,107,24744,148,
s642909706,p02791,u568787962,1579464502,C++,C++14 (GCC 5.4.1),cpp,Accepted,60,1400,380,
s185965975,p02791,u671211357,1579464502,Python,Python (3.4.3),py,Wrong Answer,132,24744,155,
s704985754,p02791,u331916533,1579464502,C#,C# (Mono 4.6.2.0),cs,Accepted,109,34012,696,
s093539834,p02791,u089177147,1579464502,C++,C++14 (GCC 5.4.1),cpp,Accepted,19,1792,1262,
s176737092,p02791,u419422633,1579464501,Java,Java8 (OpenJDK 1.8.0),java,Time Limit Exceeded,2112,82408,427,
s128398010,p02791,u857346974,1579464501,Python,Python (3.4.3),py,Accepted,116,24744,208,
s813606979,p02791,u858173617,1579464500,Java,Java8 (OpenJDK 1.8.0),java,Accepted,114,23380,2956,
s373161754,p02791,u990037841,1579464500,C++,C++14 (GCC 5.4.1),cpp,Time Limit Exceeded,2103,1024,512,
s964058472,p02791,u981931040,1579464499,Python,Python (3.4.3),py,Accepted,113,24744,160,
s750139140,p02791,u355371431,1579464499,Python,PyPy3 (2.4.0),py,Time Limit Exceeded,2107,77536,220,
s144339255,p02791,u312695001,1579464499,Python,Python (2.7.6),py,Wrong Answer,136,19964,327,
s484982426,p02791,u459447880,1579464499,C++,C++14 (GCC 5.4.1),cpp,Time Limit Exceeded,2103,1024,400,
s003412318,p02791,u493610446,1579464498,Lisp,Common Lisp (SBCL 1.1.14),l,Accepted,415,62524,600,
s917825904,p02791,u715268393,1579464498,Scala,Scala (2.11.7),scala,Time Limit Exceeded,2111,146568,306,
s711840730,p02791,u407213771,1579464497,C++,C++14 (GCC 5.4.1),cpp,Accepted,61,1920,641,
s955000004,p02791,u036778255,1579464497,Rust,Rust (1.15.1),rs,Accepted,14,10492,590,
s746908952,p02791,u388697579,1579464497,C++,C++14 (GCC 5.4.1),cpp,Accepted,18,1792,648,
s178090734,p02791,u813559924,1579464497,C++,C++14 (GCC 5.4.1),cpp,Accepted,19,1024,956,
s714683184,p02791,u917152735,1579464496,C++,C++14 (GCC 5.4.1),cpp,Runtime Error,97,256,859,
s067834061,p02791,u374517193,1579464496,Python,PyPy3 (2.4.0),py,Time Limit Exceeded,2111,136996,155,
s839332767,p02791,u068701356,1579464495,C++,C++14 (GCC 5.4.1),cpp,Accepted,34,3328,1120,
s241792244,p02791,u188745744,1579464495,Python,Python (3.4.3),py,Time Limit Exceeded,2104,24744,142,
s823153079,p02791,u628907033,1579464495,Python,Python (3.4.3),py,Accepted,86,24744,253,
s920068802,p02791,u657913472,1579464492,Octave,Octave (4.0.2),octave,Accepted,605,44296,42,
s670552128,p02791,u154645927,1579464492,C++,C++14 (GCC 5.4.1),cpp,Wrong Answer,18,1792,2354,
s989788083,p02791,u621935300,1579464492,Python,PyPy2 (5.6.0),py,Wrong Answer,84,50880,154,
s736818928,p02791,u572026348,1579464491,C++,C++14 (GCC 5.4.1),cpp,Runtime Error,133,256,362,
s645939307,p02791,u414228587,1579464491,C++,C++14 (Clang 3.8.0),cpp,Accepted,162,888,465,
s358378081,p02791,u356605738,1579464491,D,D (DMD64 v2.070.1),d,Accepted,38,11536,784,
s723189637,p02791,u502028059,1579464490,Python,Python (3.4.3),py,Accepted,151,24744,169,
s081343039,p02791,u969211566,1579464490,Python,Python (3.4.3),py,Accepted,96,24872,187,
s369479201,p02791,u062198110,1579464490,C++,C++14 (GCC 5.4.1),cpp,Accepted,60,1024,375,
s930028545,p02791,u654104650,1579464490,C++,C++14 (GCC 5.4.1),cpp,Accepted,21,1024,284,
s490826838,p02791,u458402265,1579464489,C++,C++14 (GCC 5.4.1),cpp,Accepted,20,896,330,
s314532066,p02791,u314920173,1579464488,C++,C++14 (Clang 3.8.0),cpp,Time Limit Exceeded,2103,1024,898,
s344458839,p02791,u506910932,1579464488,Python,Python (3.4.3),py,Accepted,89,24744,160,
s620530576,p02791,u157887852,1579464488,Python,Python (3.4.3),py,Accepted,344,24872,259,
s376270644,p02791,u803684095,1579464488,C++,C++14 (GCC 5.4.1),cpp,Runtime Error,164,640,315,
s753073511,p02791,u238956837,1579464487,Python,Python (3.4.3),py,Time Limit Exceeded,2104,25768,184,
s846389913,p02791,u011438316,1579464487,C++,C++14 (GCC 5.4.1),cpp,Time Limit Exceeded,2103,1024,528,
s249756504,p02791,u232697111,1579464487,Python,Python (3.4.3),py,Accepted,112,24744,148,
s234845981,p02791,u682395093,1579464487,C++,C++14 (GCC 5.4.1),cpp,Wrong Answer,63,1024,607,
s138579993,p02791,u903005414,1579464487,Python,Python (3.4.3),py,Time Limit Exceeded,2108,34128,213,
s208302759,p02791,u226873514,1579464487,Python,PyPy3 (2.4.0),py,Time Limit Exceeded,2110,136820,141,
s147214249,p02791,u121655988,1579464486,Java,Java8 (OpenJDK 1.8.0),java,Runtime Error,85,22096,2802,
s848039625,p02791,u620269708,1579464486,C++,C++14 (GCC 5.4.1),cpp,Accepted,60,256,315,
s851044381,p02791,u445580781,1579464485,C++,C++14 (GCC 5.4.1),cpp,Accepted,23,1792,357,
s808474130,p02791,u726872801,1579464483,Python,Python (3.4.3),py,Accepted,128,24744,144,
s800353403,p02791,u714724786,1579464483,C++,C++14 (GCC 5.4.1),cpp,Accepted,61,3328,1364,
s108891558,p02791,u214547877,1579464482,C++,C++14 (GCC 5.4.1),cpp,Time Limit Exceeded,2103,1792,567,
s260796155,p02791,u959492259,1579464482,C,C (Clang 3.8.0),c,Time Limit Exceeded,2103,896,345,
s803273219,p02791,u572142121,1579464480,Python,Python (3.4.3),py,Accepted,110,24744,131,
s277268117,p02791,u000113982,1579464480,C++,C++14 (GCC 5.4.1),cpp,Wrong Answer,61,1024,780,
s252991168,p02791,u290187182,1579464480,Python,Python (3.4.3),py,Accepted,106,24744,232,
s801970375,p02791,u934469795,1579464480,C++,C++14 (GCC 5.4.1),cpp,Accepted,59,1792,320,
s224220380,p02791,u441197772,1579464480,Python,Python (3.4.3),py,Time Limit Exceeded,2104,24744,348,
s070809622,p02791,u584797714,1579464479,C++,C++14 (GCC 5.4.1),cpp,Accepted,76,256,368,
s911899699,p02791,u321755508,1579464479,C#,C# (Mono 4.6.2.0),cs,Time Limit Exceeded,2108,29404,550,
s216078290,p02791,u705918648,1579464479,C++,C++14 (GCC 5.4.1),cpp,Accepted,21,1792,857,
s615543720,p02791,u555587709,1579464478,C++,C++14 (GCC 5.4.1),cpp,Accepted,78,1024,318,
s183699928,p02791,u914992391,1579464478,C++,C++14 (GCC 5.4.1),cpp,Accepted,61,256,407,
s725466093,p02791,u703739962,1579464478,Go,Go (1.6),go,Accepted,39,2048,460,
s098602186,p02791,u363936720,1579464478,C++,C++14 (GCC 5.4.1),cpp,Wrong Answer,62,1792,514,
s778484918,p02791,u088000503,1579464478,C++,C++14 (GCC 5.4.1),cpp,Accepted,63,1024,307,
s650432725,p02791,u169212791,1579464478,C++,C++14 (GCC 5.4.1),cpp,Accepted,60,1024,428,
s778561980,p02791,u245870380,1579464477,Python,Python (3.4.3),py,Accepted,108,24744,163,
s734137013,p02791,u200473040,1579464477,C++,C++14 (GCC 5.4.1),cpp,Wrong Answer,77,1024,244,
s230327982,p02791,u132360211,1579464477,Ruby,Ruby (2.3.3),rb,Time Limit Exceeded,2108,19204,128,
s216361009,p02791,u424110125,1579464476,C++,C++14 (GCC 5.4.1),cpp,Accepted,19,1024,3109,
s955112948,p02791,u089578476,1579464475,C++,C++14 (GCC 5.4.1),cpp,Accepted,61,1792,288,
s632897378,p02791,u058809975,1579464475,C++,C++14 (GCC 5.4.1),cpp,Time Limit Exceeded,2103,1024,560,
s212946400,p02791,u696198557,1579464475,C++,C++14 (GCC 5.4.1),cpp,Time Limit Exceeded,2103,1024,418,
s602936054,p02791,u017829818,1579464475,C++,C++14 (GCC 5.4.1),cpp,Accepted,18,1792,407,
s240866570,p02791,u032865047,1579464475,C++,C++14 (GCC 5.4.1),cpp,Runtime Error,107,512,365,
s748854457,p02791,u816352006,1579464474,C++,C++14 (GCC 5.4.1),cpp,Accepted,78,256,261,
s247031213,p02791,u313124728,1579464473,C++,C++14 (GCC 5.4.1),cpp,Time Limit Exceeded,2103,1024,403,
s167179678,p02791,u544879354,1579464473,C++,C++14 (GCC 5.4.1),cpp,Accepted,77,384,254,
s041907585,p02791,u591016708,1579464472,Python,Python (3.4.3),py,Accepted,151,25768,162,
s229491328,p02791,u063969814,1579464472,JavaScript,JavaScript (node.js v5.12),js,Accepted,203,22224,415,
s981149932,p02791,u673058945,1579464472,C++,C++14 (GCC 5.4.1),cpp,Wrong Answer,77,256,310,
s666981232,p02791,u210353419,1579464471,C++,C++14 (GCC 5.4.1),cpp,Accepted,61,1792,3851,
s049926404,p02791,u243407720,1579464471,C++,C++14 (GCC 5.4.1),cpp,Accepted,77,1792,405,
s812716114,p02791,u093941965,1579464471,C++,C++14 (GCC 5.4.1),cpp,Accepted,63,1792,469,
s314266407,p02791,u458042999,1579464471,F#,F# (Mono 4.0),fs,Accepted,178,37340,268,
s968875588,p02791,u943993935,1579464470,C++,C++14 (GCC 5.4.1),cpp,Wrong Answer,62,2548,744,
s137838722,p02791,u419422633,1579464470,Java,Java8 (OpenJDK 1.8.0),java,Compile Error,,,428,
s222778931,p02791,u500494303,1579464470,C++,C++14 (GCC 5.4.1),cpp,Wrong Answer,2103,1024,339,
s338199632,p02791,u278356323,1579464470,Python,Python (3.4.3),py,Accepted,127,24436,338,
s410903824,p02791,u872184182,1579464469,Python,Python (3.4.3),py,Wrong Answer,116,24744,133,
s135810855,p02791,u167755809,1579464469,C++,C++14 (GCC 5.4.1),cpp,Accepted,66,256,551,
s815276196,p02791,u601384736,1579464469,Python,PyPy3 (2.4.0),py,Accepted,248,75600,161,
s153105837,p02791,u958984779,1579464469,C++,C++14 (GCC 5.4.1),cpp,Wrong Answer,76,256,340,
s860056173,p02791,u174509352,1579464468,C++,C++14 (GCC 5.4.1),cpp,Accepted,60,1792,510,
s090908794,p02791,u811436126,1579464468,Python,Python (3.4.3),py,Time Limit Exceeded,2104,24744,249,
s517677177,p02791,u544021245,1579464468,C++,C++14 (GCC 5.4.1),cpp,Wrong Answer,20,4992,3249,
s324455427,p02791,u851210483,1579464468,C++,C++14 (GCC 5.4.1),cpp,Wrong Answer,67,1792,525,
s626950209,p02791,u840713046,1579464468,C++,C++14 (GCC 5.4.1),cpp,Accepted,61,2420,713,
s324291573,p02791,u353099601,1579464467,Python,Python (3.4.3),py,Time Limit Exceeded,2104,24744,138,
s061277045,p02791,u739259290,1579464467,Python,PyPy3 (2.4.0),py,Time Limit Exceeded,2111,136924,233,
s923218900,p02791,u823339702,1579464466,C++,C++14 (GCC 5.4.1),cpp,Accepted,230,1024,545,
s816971287,p02791,u899308536,1579464466,Python,Python (3.4.3),py,Accepted,137,24744,181,
s761090581,p02791,u292106243,1579464465,C++,C++14 (GCC 5.4.1),cpp,Accepted,19,1024,453,
s771483787,p02791,u886946709,1579464465,C++,C++14 (GCC 5.4.1),cpp,Accepted,78,1024,320,
s697032664,p02791,u407213771,1579464465,C++,C++14 (GCC 5.4.1),cpp,Runtime Error,96,1792,643,
s826816575,p02791,u233473835,1579464464,C,C (GCC 5.4.1),c,Wrong Answer,22,896,273,
s575650052,p02791,u823044869,1579464463,Python,Python (3.4.3),py,Time Limit Exceeded,2104,24744,261,
s510245685,p02791,u100964065,1579464463,C++,C++14 (GCC 5.4.1),cpp,Accepted,118,10368,448,
s257812977,p02791,u554324289,1579464463,C++,C++14 (GCC 5.4.1),cpp,Accepted,63,1024,301,
s742372384,p02791,u563845123,1579464462,C++,C++14 (GCC 5.4.1),cpp,Wrong Answer,78,1024,278,
s627325608,p02791,u465246274,1579464462,Python,Python (3.4.3),py,Time Limit Exceeded,2104,24744,164,
s028165143,p02791,u546897790,1579464462,C++,C++14 (GCC 5.4.1),cpp,Compile Error,,,430,
s473190658,p02791,u505576280,1579464462,Python,Python (3.4.3),py,Accepted,103,24744,168,
s671727079,p02791,u045767587,1579464461,C,C (GCC 5.4.1),c,Runtime Error,108,512,358,
s781466963,p02791,u132687480,1579464460,C++,C++14 (GCC 5.4.1),cpp,Wrong Answer,63,1024,728,
s627028273,p02791,u153607901,1579464460,C++,C++14 (GCC 5.4.1),cpp,Time Limit Exceeded,2103,1024,820,
s406304792,p02791,u765270691,1579464460,Python,Python (3.4.3),py,Time Limit Exceeded,2104,24744,160,
s808433430,p02791,u966520934,1579464459,C++,C++14 (GCC 5.4.1),cpp,Accepted,77,1024,260,
s762330218,p02791,u113298224,1579464458,C++,C++14 (GCC 5.4.1),cpp,Wrong Answer,60,1024,224,
s045486647,p02791,u526630579,1579464458,C++,C++14 (GCC 5.4.1),cpp,Accepted,61,256,4158,
s755326325,p02791,u114160575,1579464458,Rust,Rust (1.15.1),rs,Accepted,14,8444,575,
s864469135,p02791,u057996804,1579464458,Python,Python (3.4.3),py,Time Limit Exceeded,2104,24744,199,
s980011165,p02791,u258994590,1579464457,C++,C++14 (GCC 5.4.1),cpp,Accepted,77,1024,481,
s395238237,p02791,u922965680,1579464457,Python,PyPy3 (2.4.0),py,Accepted,236,68288,340,
s900023246,p02791,u180528413,1579464457,Python,Python (3.4.3),py,Time Limit Exceeded,2104,24744,149,
s230143320,p02791,u253681061,1579464457,Python,Python (3.4.3),py,Accepted,107,24744,205,
s001575314,p02791,u240519642,1579464456,Rust,Rust (1.15.1),rs,Accepted,14,8444,4119,
s588083313,p02791,u527616458,1579464456,Java,Java8 (OpenJDK 1.8.0),java,Wrong Answer,578,64456,382,
s671102561,p02791,u853010060,1579464456,Python,Python (3.4.3),py,Wrong Answer,134,24744,159,
s833618859,p02791,u494609869,1579464456,C,C (GCC 5.4.1),c,Wrong Answer,22,896,261,
s385975434,p02791,u625849149,1579464456,C++,C++14 (GCC 5.4.1),cpp,Accepted,76,256,240,
s689274279,p02791,u121485613,1579464455,Java,Java8 (OpenJDK 1.8.0),java,Accepted,211,47444,820,
s393762136,p02791,u998733244,1579464454,Python,PyPy3 (2.4.0),py,Accepted,271,76624,170,
s678932315,p02791,u597252152,1579464454,C++,C++14 (GCC 5.4.1),cpp,Accepted,77,3328,646,
s338534306,p02791,u219508174,1579464453,C++,C++14 (GCC 5.4.1),cpp,Accepted,61,1792,1061,
s644765173,p02791,u901582103,1579464453,Python,Python (3.4.3),py,Accepted,119,24744,136,
s400367324,p02791,u863537799,1579464453,C++,C++14 (GCC 5.4.1),cpp,Accepted,61,1024,613,
s844219359,p02791,u256459711,1579464453,C++,C++14 (GCC 5.4.1),cpp,Accepted,62,1024,522,
s143328214,p02791,u778668639,1579464453,C++,C++14 (GCC 5.4.1),cpp,Accepted,18,1792,645,
s390516453,p02791,u928712536,1579464453,C++,C++14 (GCC 5.4.1),cpp,Time Limit Exceeded,2103,1024,321,
s281065697,p02791,u836737505,1579464452,Python,Python (3.4.3),py,Wrong Answer,110,24744,124,
s819354644,p02791,u017293723,1579464452,C++,C++14 (GCC 5.4.1),cpp,Accepted,60,1024,760,
s152551821,p02791,u657913472,1579464451,Awk,Awk (mawk 1.3.3),awk,Wrong Answer,63,380,38,
s726860345,p02791,u683063840,1579464451,C++,C++14 (GCC 5.4.1),cpp,Accepted,61,1024,397,
s659765583,p02791,u821251381,1579464450,Python,PyPy3 (2.4.0),py,Wrong Answer,247,75472,135,
s007487464,p02791,u265299319,1579464450,C++,C++14 (GCC 5.4.1),cpp,Time Limit Exceeded,2103,1024,508,
s110765856,p02791,u089142196,1579464450,Python,Python (3.4.3),py,Accepted,178,24744,219,
s669005630,p02791,u390165589,1579464450,C++,C++14 (GCC 5.4.1),cpp,Accepted,25,1792,586,
s155551432,p02791,u951746552,1579464449,C++,C++14 (GCC 5.4.1),cpp,Accepted,77,1024,294,
s881202065,p02791,u861141787,1579464449,Python,Python (3.4.3),py,Wrong Answer,112,24744,134,
s815073875,p02791,u406492455,1579464449,Python,Python (3.4.3),py,Accepted,138,24744,152,
s770022583,p02791,u327702064,1579464449,Java,Java8 (OpenJDK 1.8.0),java,Accepted,196,48004,1521,
s587766129,p02791,u636290142,1579464449,Python,Python (3.4.3),py,Time Limit Exceeded,2104,24744,309,
s747713707,p02791,u325956328,1579464449,Python,Python (3.4.3),py,Accepted,165,24744,191,
s180387199,p02791,u050706842,1579464448,Python,Python (3.4.3),py,Accepted,251,16620,221,
s758836568,p02791,u593567568,1579464447,Python,Python (3.4.3),py,Accepted,239,34152,450,
s465630759,p02791,u880763919,1579464447,C++,C++14 (GCC 5.4.1),cpp,Time Limit Exceeded,2103,1024,404,
s625501575,p02791,u763475246,1579464447,C++,C++14 (GCC 5.4.1),cpp,Wrong Answer,2103,3328,338,
s747301354,p02791,u674395364,1579464447,Rust,Rust (1.15.1),rs,Accepted,15,10492,651,
s359304228,p02791,u042513663,1579464447,C++,C++14 (GCC 5.4.1),cpp,Accepted,18,1920,999,
s548310569,p02791,u970082363,1579464447,Python,Python (3.4.3),py,Accepted,115,25768,169,
s813652505,p02791,u941287913,1579464446,C++,C++14 (GCC 5.4.1),cpp,Wrong Answer,1,256,333,
s107885673,p02791,u022383109,1579464446,C++,C++14 (GCC 5.4.1),cpp,Accepted,19,3328,1045,
s465733985,p02791,u623468376,1579464446,C++,C++14 (GCC 5.4.1),cpp,Accepted,18,1024,681,
s176399074,p02791,u088330160,1579464445,Java,Java8 (OpenJDK 1.8.0),java,Wrong Answer,573,62328,297,
s704578606,p02791,u764013649,1579464444,C++,C++14 (GCC 5.4.1),cpp,Accepted,67,2420,722,
s157687548,p02791,u484139840,1579464444,Python,Python (3.4.3),py,Accepted,125,24744,152,
s089682953,p02791,u752699869,1579464444,Haskell,Haskell (GHC 7.10.3),hs,Accepted,871,35196,359,
s567437597,p02791,u681444474,1579464443,Python,Python (3.4.3),py,Accepted,213,24744,235,
s017487349,p02791,u211109468,1579464442,C++,C++14 (GCC 5.4.1),cpp,Wrong Answer,77,256,277,
s880460415,p02791,u477848816,1579464441,C++,C++14 (GCC 5.4.1),cpp,Runtime Error,133,256,405,
s245152385,p02791,u844731782,1579464441,Java,Java8 (OpenJDK 1.8.0),java,Accepted,567,63128,377,
s574539234,p02791,u692176965,1579464441,C++,C++14 (GCC 5.4.1),cpp,Accepted,22,1792,616,
s706498387,p02791,u655975843,1579464441,C++,C++14 (GCC 5.4.1),cpp,Accepted,60,1024,615,
s757858092,p02791,u931071094,1579464440,C++,C++14 (GCC 5.4.1),cpp,Wrong Answer,60,1024,473,
s225521140,p02791,u872237562,1579464440,C++,C++14 (GCC 5.4.1),cpp,Accepted,19,1792,1715,
s122913332,p02791,u283341082,1579464440,Python,Python (3.4.3),py,Accepted,331,34140,303,
s345798622,p02791,u686175224,1579464440,C++,C++14 (GCC 5.4.1),cpp,Accepted,63,1792,2911,
s347454874,p02791,u543584809,1579464440,C++,C++14 (GCC 5.4.1),cpp,Accepted,61,1792,430,
s377004024,p02791,u273928723,1579464439,C++,C++14 (GCC 5.4.1),cpp,Compile Error,,,781,
s877030080,p02791,u980074233,1579464439,C++,C++14 (GCC 5.4.1),cpp,Accepted,22,1024,643,
s253633695,p02791,u992883138,1579464439,C++,C++14 (GCC 5.4.1),cpp,Time Limit Exceeded,2103,1792,567,
s347765275,p02791,u325279090,1579464438,C,C (GCC 5.4.1),c,Accepted,24,896,281,
s515644136,p02791,u978864345,1579464438,C++,C++14 (GCC 5.4.1),cpp,Accepted,77,1024,241,
s274918451,p02791,u537852947,1579464438,C++,C++14 (GCC 5.4.1),cpp,Time Limit Exceeded,2103,1024,325,
s332075583,p02791,u432088501,1579464437,C++,C++14 (GCC 5.4.1),cpp,Time Limit Exceeded,2103,1024,560,
s741518872,p02791,u344810256,1579464436,C++,C++14 (GCC 5.4.1),cpp,Accepted,77,1024,344,
s995704918,p02791,u866891215,1579464436,Java,Java8 (OpenJDK 1.8.0),java,Accepted,577,87148,414,
s413919814,p02791,u948779457,1579464436,Python,Python (3.4.3),py,Accepted,122,24744,148,
s705314644,p02791,u164262663,1579464435,C++,C++14 (GCC 5.4.1),cpp,Accepted,79,1792,334,
s636199397,p02791,u163829702,1579464435,Python,Python (3.4.3),py,Time Limit Exceeded,2104,24744,174,
s612705336,p02791,u163851494,1579464435,C++,C++14 (GCC 5.4.1),cpp,Accepted,20,896,362,
s011306337,p02791,u028572059,1579464435,C++,C++14 (GCC 5.4.1),cpp,Accepted,63,1024,488,
s951483156,p02791,u067729694,1579464435,Python,PyPy3 (2.4.0),py,Accepted,262,85584,287,
s835418743,p02791,u847758719,1579464434,Python,Python (3.4.3),py,Accepted,106,24744,168,
s089635214,p02791,u644516473,1579464434,Python,PyPy3 (2.4.0),py,Time Limit Exceeded,2112,136880,245,
s658210284,p02791,u272028993,1579464434,C++,C++14 (GCC 5.4.1),cpp,Accepted,24,3956,3679,
s760471561,p02791,u744768190,1579464433,JavaScript,JavaScript (node.js v5.12),js,Wrong Answer,216,46012,535,
s179828277,p02791,u321915648,1579464433,C++,C++14 (GCC 5.4.1),cpp,Accepted,66,1024,1050,
s940315066,p02791,u603991349,1579464432,C++,C++14 (GCC 5.4.1),cpp,Wrong Answer,18,1792,905,
s229002629,p02791,u605901675,1579464432,C++,C++14 (GCC 5.4.1),cpp,Accepted,79,384,345,
s120119358,p02791,u133134242,1579464432,Python,Python (3.4.3),py,Accepted,127,24744,141,
s083920335,p02791,u021019433,1579464432,Python,Python (3.4.3),py,Accepted,91,17776,102,
s689409507,p02791,u938152299,1579464432,JavaScript,JavaScript (node.js v5.12),js,Accepted,120,26320,452,
s398470937,p02791,u639732129,1579464432,C++,C++14 (GCC 5.4.1),cpp,Wrong Answer,60,1024,1461,
s401302969,p02791,u270220186,1579464432,C++,C++14 (GCC 5.4.1),cpp,Time Limit Exceeded,2103,1024,533,
s120021275,p02791,u636157062,1579464431,Python,Python (3.4.3),py,Runtime Error,72,24744,128,
s796299334,p02791,u109587867,1579464431,C++,C++14 (GCC 5.4.1),cpp,Accepted,20,256,213,
s946787932,p02791,u348109388,1579464431,C++,C++14 (GCC 5.4.1),cpp,Runtime Error,126,1024,382,
s806039344,p02791,u987913144,1579464430,C++,C++14 (GCC 5.4.1),cpp,Accepted,19,1024,1347,
s927385702,p02791,u389506115,1579464429,C++,C++14 (GCC 5.4.1),cpp,Time Limit Exceeded,2103,1024,402,
s576795886,p02791,u446459385,1579464428,C++,C++14 (GCC 5.4.1),cpp,Accepted,18,1792,347,
s018799699,p02791,u703739962,1579464428,Go,Go (1.6),go,Wrong Answer,39,2048,459,
s253334258,p02791,u585070471,1579464428,Python,Python (3.4.3),py,Time Limit Exceeded,2104,24744,313,
s393436973,p02791,u128767324,1579464428,C++,C++14 (GCC 5.4.1),cpp,Accepted,59,256,3366,
s164998887,p02791,u463858127,1579464428,Python,PyPy3 (2.4.0),py,Accepted,273,76240,149,
s973847344,p02791,u777922433,1579464428,Python,Python (3.4.3),py,Accepted,108,24744,163,
s095134074,p02791,u190406011,1579464428,Python,Python (3.4.3),py,Accepted,110,25324,209,
s960323717,p02791,u182809939,1579464427,C++,C++14 (GCC 5.4.1),cpp,Accepted,21,256,323,
s949525578,p02791,u813559924,1579464427,C++,C++14 (GCC 5.4.1),cpp,Wrong Answer,19,1024,956,
s417224346,p02791,u327211044,1579464426,Python,Python (3.4.3),py,Accepted,133,24744,168,
s335653995,p02791,u635907490,1579464426,C++,C++14 (GCC 5.4.1),cpp,Time Limit Exceeded,2107,1024,395,
s976955351,p02791,u666878744,1579464426,C++,C++14 (GCC 5.4.1),cpp,Accepted,34,1792,6080,
s814746808,p02791,u041531482,1579464426,C++,C++14 (Clang 3.8.0),cpp,Accepted,22,1024,321,
s061277300,p02791,u164727245,1579464425,Python,Python (3.4.3),py,Time Limit Exceeded,2104,26012,361,
s842458966,p02791,u517197973,1579464424,C++,C++14 (GCC 5.4.1),cpp,Accepted,79,256,277,
s833803399,p02791,u414290383,1579464423,C++,C++14 (GCC 5.4.1),cpp,Accepted,77,1024,655,
s962182784,p02791,u532096498,1579464423,C++,C++14 (GCC 5.4.1),cpp,Accepted,77,256,328,
s768134578,p02791,u526355529,1579464422,Java,Java8 (OpenJDK 1.8.0),java,Accepted,577,60908,350,
s351826904,p02791,u023934604,1579464422,Java,Java8 (OpenJDK 1.8.0),java,Accepted,573,64548,370,
s599179673,p02791,u681559222,1579464421,C++,C++14 (GCC 5.4.1),cpp,Time Limit Exceeded,2103,1024,499,
s428862549,p02791,u642236814,1579464421,C++,C++14 (GCC 5.4.1),cpp,Accepted,18,256,304,
s817356421,p02791,u747703115,1579464421,Python,Python (3.4.3),py,Time Limit Exceeded,2104,25768,132,
s623769698,p02791,u088277062,1579464420,Python,Python (3.4.3),py,Accepted,106,24744,152,
s969080247,p02791,u518386853,1579464420,Python,Python (3.4.3),py,Accepted,105,24744,158,
s402446574,p02791,u124187388,1579464420,C++,C++14 (GCC 5.4.1),cpp,Accepted,77,1024,378,
s868332225,p02791,u621509943,1579464419,C++,C++14 (GCC 5.4.1),cpp,Accepted,77,1024,248,
s212842434,p02791,u954456431,1579464419,C++,C++14 (GCC 5.4.1),cpp,Accepted,63,256,2438,
s445782632,p02791,u853185302,1579464418,Python,Python (3.4.3),py,Time Limit Exceeded,2104,24744,189,
s156922422,p02791,u794583613,1579464418,C++,C++14 (GCC 5.4.1),cpp,Accepted,22,1664,455,
s600888119,p02791,u762160119,1579464418,Java,Java8 (OpenJDK 1.8.0),java,Accepted,118,25056,3176,
s495510201,p02791,u951746552,1579464418,C++,C++14 (GCC 5.4.1),cpp,Runtime Error,163,640,294,
s922314875,p02791,u763650826,1579464417,D,D (DMD64 v2.070.1),d,Accepted,65,20880,6002,
s587631446,p02791,u021358975,1579464417,C++,C++14 (GCC 5.4.1),cpp,Accepted,62,1024,339,
s387446894,p02791,u136546203,1579464416,C++,C++14 (GCC 5.4.1),cpp,Time Limit Exceeded,2103,1792,357,
s503764531,p02791,u868304802,1579464416,C++,C++14 (GCC 5.4.1),cpp,Accepted,18,1792,4780,
s743580684,p02791,u674347990,1579464416,C++,C++ (GCC 5.4.1),cpp,Accepted,60,1400,523,
s208601842,p02791,u805133873,1579464415,C++,C++14 (GCC 5.4.1),cpp,Accepted,76,1792,298,
s259179480,p02791,u431602218,1579464415,C++,C++14 (GCC 5.4.1),cpp,Accepted,61,1152,315,
s671468969,p02791,u851574063,1579464415,C++,C++14 (GCC 5.4.1),cpp,Accepted,61,1024,355,
s868125643,p02791,u653945535,1579464415,C++,C++14 (GCC 5.4.1),cpp,Accepted,60,1024,384,
s234423983,p02791,u432702669,1579464415,C++,C++14 (GCC 5.4.1),cpp,Wrong Answer,77,1024,227,
s878824234,p02791,u358859892,1579464415,C++,C++14 (GCC 5.4.1),cpp,Accepted,19,1024,615,
s167112034,p02791,u002539468,1579464415,Python,Python (3.4.3),py,Accepted,132,24744,209,
s020985257,p02791,u774539708,1579464415,Python,Python (3.4.3),py,Accepted,109,24744,136,
s358241103,p02791,u751934765,1579464414,Ruby,Ruby (2.3.3),rb,Accepted,105,15236,166,
s933647329,p02791,u408910484,1579464414,C++,C++14 (Clang 3.8.0),cpp,Accepted,164,1792,5280,
s152766667,p02791,u370388551,1579464412,C++,C++14 (GCC 5.4.1),cpp,Wrong Answer,76,2560,1199,
s153205961,p02791,u972652761,1579464411,Python,Python (3.4.3),py,Time Limit Exceeded,2104,24744,231,
s488622265,p02791,u624678037,1579464411,C++,C++14 (GCC 5.4.1),cpp,Runtime Error,188,1524,818,
s263479969,p02791,u363936720,1579464410,C++,C++14 (GCC 5.4.1),cpp,Runtime Error,132,384,513,
s437058294,p02791,u798514691,1579464410,C#,C# (Mono 4.6.2.0),cs,Accepted,94,32220,565,
s486337711,p02791,u765865533,1579464410,Python,Python (3.4.3),py,Accepted,158,24744,157,
s878985067,p02791,u915689660,1579464410,C++,C++14 (GCC 5.4.1),cpp,Wrong Answer,2103,1792,406,
s865621124,p02791,u459294359,1579464410,C++,C++14 (GCC 5.4.1),cpp,Time Limit Exceeded,2103,1024,493,
s915858108,p02791,u927078824,1579464409,Python,Python (3.4.3),py,Time Limit Exceeded,2104,24744,242,
s133544675,p02791,u185736584,1579464409,C++,C++14 (GCC 5.4.1),cpp,Accepted,18,1792,1116,
s545510982,p02791,u387136983,1579464409,C++,C++14 (GCC 5.4.1),cpp,Wrong Answer,19,1024,338,
s043309337,p02791,u703417608,1579464409,C++,C++14 (GCC 5.4.1),cpp,Accepted,77,1024,319,
s640863698,p02791,u083496316,1579464408,C++,C++14 (GCC 5.4.1),cpp,Accepted,21,1664,467,
s489217825,p02791,u498564061,1579464408,C++,C++14 (GCC 5.4.1),cpp,Wrong Answer,62,1792,546,
s064339103,p02791,u709108999,1579464408,JavaScript,JavaScript (node.js v5.12),js,Accepted,180,33364,386,
s141229836,p02791,u993121447,1579464407,C++,C++14 (GCC 5.4.1),cpp,Accepted,158,9728,657,
s705915248,p02791,u855087874,1579464407,C++,C++14 (GCC 5.4.1),cpp,Accepted,18,1792,595,
s097978234,p02791,u374517193,1579464407,Python,Python (3.4.3),py,Time Limit Exceeded,2104,24744,152,
s999712367,p02791,u960171798,1579464407,Python,Python (3.4.3),py,Accepted,105,24744,173,
s815032738,p02791,u789199225,1579464407,C++,C++14 (GCC 5.4.1),cpp,Accepted,61,1024,500,
s393826974,p02791,u608668320,1579464407,C++,C++14 (GCC 5.4.1),cpp,Accepted,18,256,340,
s562247528,p02791,u096983897,1579464407,Python,Python (3.4.3),py,Accepted,104,24744,164,
s710392304,p02791,u917343765,1579464406,Java,Java8 (OpenJDK 1.8.0),java,Accepted,471,49072,410,
s870448286,p02791,u268516119,1579464406,Python,Python (3.4.3),py,Accepted,103,25768,153,
s899548204,p02791,u009183599,1579464405,Java,Java8 (OpenJDK 1.8.0),java,Time Limit Exceeded,2108,58464,986,
s773017863,p02791,u014617387,1579464405,C++,C++14 (GCC 5.4.1),cpp,Accepted,19,1024,1541,
s884858193,p02791,u295520101,1579464405,C++,C++ (GCC 5.4.1),cpp,Accepted,62,1792,327,
s603963289,p02791,u684305751,1579464405,Python,Python (3.4.3),py,Time Limit Exceeded,2104,24744,137,
s993268828,p02791,u712993629,1579464404,C++,C++14 (GCC 5.4.1),cpp,Accepted,18,1792,1622,
s439185849,p02791,u410943667,1579464403,C++,C++14 (GCC 5.4.1),cpp,Accepted,60,1792,351,
s852560247,p02791,u616998927,1579464403,C++,C++14 (GCC 5.4.1),cpp,Accepted,60,1024,466,
s944175992,p02791,u547576401,1579464403,C++,C++14 (GCC 5.4.1),cpp,Accepted,19,1792,362,
s459006073,p02791,u888094685,1579464403,C++,C++14 (GCC 5.4.1),cpp,Accepted,63,1024,1076,
s561743156,p02791,u981767024,1579464402,Python,Python (3.4.3),py,Accepted,109,24744,240,
s381342482,p02791,u923112423,1579464402,Java,Java8 (OpenJDK 1.8.0),java,Wrong Answer,589,69572,2383,
s740545252,p02791,u284670453,1579464402,C++,C++14 (GCC 5.4.1),cpp,Time Limit Exceeded,2103,1024,309,
s547306785,p02791,u487433273,1579464402,Java,Java8 (OpenJDK 1.8.0),java,Accepted,579,86284,386,
s637174595,p02791,u414458988,1579464402,Python,PyPy3 (2.4.0),py,Wrong Answer,250,70352,743,
s569871759,p02791,u976045502,1579464401,C++,C++14 (GCC 5.4.1),cpp,Accepted,62,1024,437,
s985260443,p02791,u865413330,1579464401,Python,Python (3.4.3),py,Accepted,157,24744,194,
s506838443,p02791,u483789716,1579464401,C++,C++14 (GCC 5.4.1),cpp,Accepted,79,1024,312,
s436506485,p02791,u545666277,1579464401,Python,PyPy3 (2.4.0),py,Accepted,259,77296,382,
s869226081,p02791,u065898443,1579464401,C++,C++14 (GCC 5.4.1),cpp,Accepted,18,1792,4383,
s269863975,p02791,u143100985,1579464400,C++,C++14 (GCC 5.4.1),cpp,Accepted,61,1792,3644,
s513750940,p02791,u732870425,1579464399,Python,Python (3.4.3),py,Accepted,106,24744,164,
s292994485,p02791,u238205921,1579464398,C++,C++14 (GCC 5.4.1),cpp,Accepted,78,1792,573,
s241282936,p02791,u736524428,1579464396,Python,Python (3.4.3),py,Accepted,90,24744,157,
s747600009,p02791,u411764647,1579464396,Python,Python (3.4.3),py,Wrong Answer,140,25764,355,
s162110974,p02791,u281610856,1579464396,Python,Python (3.4.3),py,Time Limit Exceeded,2104,24744,147,
s109810272,p02791,u740037929,1579464395,Haskell,Haskell (GHC 7.10.3),hs,Accepted,715,16892,3238,
s968064376,p02791,u330919736,1579464395,C++,C++14 (GCC 5.4.1),cpp,Accepted,60,1024,279,
s563369633,p02791,u417014669,1579464394,Python,PyPy3 (2.4.0),py,Time Limit Exceeded,2112,136760,217,
s929850642,p02791,u849486571,1579464394,Python,Python (3.4.3),py,Accepted,123,24744,183,
s823439613,p02791,u621104964,1579464393,C++,C++14 (GCC 5.4.1),cpp,Accepted,19,1024,1130,
s464934054,p02791,u259210975,1579464393,C++,C++14 (GCC 5.4.1),cpp,Accepted,61,256,661,
s246674159,p02791,u325279090,1579464393,C,C (GCC 5.4.1),c,Compile Error,,,279,
s500358106,p02791,u267552846,1579464393,Rust,Rust (1.15.1),rs,Accepted,15,8444,712,
s026925496,p02791,u393253137,1579464392,Python,Python (3.4.3),py,Accepted,107,25896,189,
s563377998,p02791,u760256928,1579464392,Python,Python (3.4.3),py,Time Limit Exceeded,2104,24744,321,
s480382252,p02791,u469315559,1579464391,C++,C++14 (GCC 5.4.1),cpp,Runtime Error,128,256,261,
s723886235,p02791,u365375535,1579464391,Python,Python (3.4.3),py,Accepted,79,24744,253,
s533108439,p02791,u970899068,1579464391,Python,PyPy3 (2.4.0),py,Accepted,250,75664,145,
s074438052,p02791,u093861603,1579464391,Python,Python (3.4.3),py,Accepted,106,24744,166,
s945067217,p02791,u781638903,1579464390,C++,C++14 (GCC 5.4.1),cpp,Accepted,77,256,298,
s229484962,p02791,u947517859,1579464390,C++,C++14 (GCC 5.4.1),cpp,Accepted,62,1024,450,
s228703758,p02791,u178269371,1579464390,Scala,Scala (2.11.7),scala,Accepted,598,53068,455,
s141405245,p02791,u784022244,1579464388,Python,PyPy3 (2.4.0),py,Time Limit Exceeded,2111,136832,128,
s103823040,p02791,u495386448,1579464388,C++,C++14 (GCC 5.4.1),cpp,Time Limit Exceeded,2107,1024,581,
s879788532,p02791,u596587955,1579464388,C#,C# (Mono 4.6.2.0),cs,Time Limit Exceeded,2109,35676,680,
s033679846,p02791,u174603263,1579464388,Python,Python (3.4.3),py,Time Limit Exceeded,2104,27208,812,
s706347429,p02791,u105210954,1579464387,Python,Python (3.4.3),py,Accepted,81,24744,243,
s694344247,p02791,u825541307,1579464387,Python,Python (3.4.3),py,Accepted,122,24744,227,
s469062089,p02791,u294683729,1579464387,C++,C++14 (GCC 5.4.1),cpp,Accepted,63,1792,307,
s126724521,p02791,u764228018,1579464386,C++,C++14 (GCC 5.4.1),cpp,Accepted,19,1024,1412,
s750402377,p02791,u707482839,1579464386,C++,C++14 (GCC 5.4.1),cpp,Wrong Answer,18,1792,2331,
s789172517,p02791,u608726540,1579464386,Python,Python (3.4.3),py,Accepted,104,24744,146,
s566903286,p02791,u381877079,1579464386,C++,C++14 (GCC 5.4.1),cpp,Accepted,18,256,330,
s898337304,p02791,u781533235,1579464386,C++,C++14 (GCC 5.4.1),cpp,Accepted,21,1024,321,
s431533283,p02791,u803684095,1579464386,C++,C++14 (GCC 5.4.1),cpp,Runtime Error,130,256,314,
s463178601,p02791,u666198201,1579464384,Python,PyPy3 (2.4.0),py,Accepted,261,75548,160,
s263047596,p02791,u187995923,1579464383,Python,Python (3.4.3),py,Time Limit Exceeded,2104,25768,215,
s144244280,p02791,u665871498,1579464383,C++,C++14 (GCC 5.4.1),cpp,Accepted,60,1792,370,
s489532480,p02791,u770567389,1579464382,C++,C++ (GCC 5.4.1),cpp,Accepted,78,256,342,
s934791379,p02791,u376754170,1579464381,Python,Python (3.4.3),py,Accepted,89,24744,171,
s177270270,p02791,u224522483,1579464381,Python,Python (3.4.3),py,Accepted,110,24744,180,
s241531967,p02791,u893584578,1579464381,C++,C++14 (GCC 5.4.1),cpp,Accepted,63,3328,395,
s291967734,p02791,u262801165,1579464381,Python,Python (3.4.3),py,Accepted,104,24744,203,
s249692654,p02791,u525363585,1579464381,C++,C++14 (GCC 5.4.1),cpp,Accepted,18,1024,448,
s396888353,p02791,u990608646,1579464381,Python,Python (3.4.3),py,Time Limit Exceeded,2104,24744,429,
s224357419,p02791,u851210483,1579464381,C++,C++14 (GCC 5.4.1),cpp,Compile Error,,,529,
s989631599,p02791,u345207975,1579464380,C++,C++14 (GCC 5.4.1),cpp,Accepted,77,256,381,
s927047798,p02791,u905203728,1579464380,Python,Python (3.4.3),py,Accepted,108,24744,150,
s470428028,p02791,u223160139,1579464379,C++,C++14 (GCC 5.4.1),cpp,Accepted,77,256,335,
s279094169,p02791,u077898957,1579464378,Python,Python (3.4.3),py,Accepted,128,17776,135,
s939043688,p02791,u209831266,1579464378,C++,C++14 (GCC 5.4.1),cpp,Accepted,60,3328,415,
s871214597,p02791,u614063956,1579464378,C++,C++14 (Clang 3.8.0),cpp,Accepted,174,3188,807,
s803431526,p02791,u689810810,1579464377,C++,C++14 (GCC 5.4.1),cpp,Accepted,77,256,612,
s776476821,p02791,u344586014,1579464377,C++,C++14 (GCC 5.4.1),cpp,Accepted,77,1792,667,
s388710407,p02791,u171356453,1579464377,Fortran,Fortran (gfortran v4.8.4),f,Accepted,69,3968,425,
s781735166,p02791,u278356323,1579464376,Python,Python (3.4.3),py,Time Limit Exceeded,2104,25992,359,
s197681110,p02791,u278057806,1579464376,C++,C++14 (GCC 5.4.1),cpp,Accepted,60,1792,395,
s612585338,p02791,u298768617,1579464376,C++,C++14 (GCC 5.4.1),cpp,Wrong Answer,77,1024,268,
s255511668,p02791,u628597699,1579464376,C++,C++14 (GCC 5.4.1),cpp,Wrong Answer,78,256,432,
s243989320,p02791,u071868443,1579464376,Python,Python (3.4.3),py,Time Limit Exceeded,2104,24744,203,
s886379044,p02791,u584139221,1579464376,C++,C++14 (GCC 5.4.1),cpp,Accepted,60,1024,586,
s764495830,p02791,u817769480,1579464375,C++,C++14 (GCC 5.4.1),cpp,Accepted,62,1792,400,
s863467058,p02791,u837843177,1579464374,C++,C++14 (GCC 5.4.1),cpp,Wrong Answer,79,1024,249,
s510278604,p02791,u693933222,1579464374,Python,Python (3.4.3),py,Time Limit Exceeded,2104,24744,153,
s362089069,p02791,u411427373,1579464374,C++,C++14 (GCC 5.4.1),cpp,Accepted,80,1792,525,
s229547404,p02791,u752510141,1579464374,C#,C# (Mono 4.6.2.0),cs,Accepted,106,36420,964,
s527265910,p02791,u293497732,1579464374,Python,Python (3.4.3),py,Accepted,105,24744,174,
s524342844,p02791,u145179061,1579464373,C++,C++14 (GCC 5.4.1),cpp,Accepted,18,1792,727,
s514209172,p02791,u933341648,1579464373,Python,Python (3.4.3),py,Accepted,112,24744,185,
s329971873,p02791,u056626722,1579464373,D,D (DMD64 v2.070.1),d,Time Limit Exceeded,2104,10896,686,
s099932678,p02791,u164262663,1579464372,C++,C++14 (GCC 5.4.1),cpp,Wrong Answer,78,1024,318,
s088766070,p02791,u080364835,1579464372,Python,Python (3.4.3),py,Wrong Answer,110,24744,138,
s205481044,p02791,u231615655,1579464372,C++,C++14 (GCC 5.4.1),cpp,Accepted,81,1024,1157,
s963882500,p02791,u718518942,1579464371,C++,C++14 (GCC 5.4.1),cpp,Accepted,77,1024,348,
s887811838,p02791,u105001881,1579464371,Ruby,Ruby (2.3.3),rb,Accepted,99,15236,146,
s690956954,p02791,u064408584,1579464371,Python,Python (3.4.3),py,Wrong Answer,164,24744,276,
s830462017,p02791,u941578525,1579464371,C++,C++14 (GCC 5.4.1),cpp,Time Limit Exceeded,2103,1792,4574,
s435349518,p02791,u418748420,1579464370,C++,C++14 (GCC 5.4.1),cpp,Accepted,80,1024,487,
s338332913,p02791,u671630822,1579464370,C++,C++14 (GCC 5.4.1),cpp,Accepted,19,1024,414,
s456925378,p02791,u376002838,1579464369,C++,C++14 (GCC 5.4.1),cpp,Wrong Answer,59,256,355,
s183804332,p02791,u580258754,1579464369,Python,Python (3.4.3),py,Accepted,362,25768,306,
s320286904,p02791,u589913372,1579464368,Python,Python (3.4.3),py,Accepted,114,24744,161,
s115117664,p02791,u133936772,1579464368,Python,Python (3.4.3),py,Accepted,112,24872,145,
s756302297,p02791,u113971909,1579464367,Python,Python (3.4.3),py,Accepted,155,24744,145,
s014715578,p02791,u793801197,1579464367,Ruby,Ruby (2.3.3),rb,Accepted,99,15236,163,
s058050050,p02791,u029576659,1579464367,C++,C++14 (GCC 5.4.1),cpp,Accepted,64,3328,4104,
s437640829,p02791,u428229036,1579464366,C++,C++14 (GCC 5.4.1),cpp,Time Limit Exceeded,2103,1024,324,
s522518023,p02791,u120582723,1579464366,Lua,LuaJIT (2.0.4),lua,Accepted,682,9216,2388,
s837031238,p02791,u411203878,1579464366,Ruby,Ruby (2.3.3),rb,Time Limit Exceeded,2108,19204,142,
s500273873,p02791,u415466556,1579464366,C++,C++14 (GCC 5.4.1),cpp,Accepted,80,256,434,
s649779310,p02791,u570770016,1579464365,C++,C++14 (GCC 5.4.1),cpp,Accepted,19,1024,615,
s862016295,p02791,u376099073,1579464365,Python,Python (3.4.3),py,Accepted,109,24744,203,
s892604658,p02791,u687053495,1579464365,Python,Python (3.4.3),py,Accepted,329,24872,267,
s422220230,p02791,u325956328,1579464364,Python,Python (3.4.3),py,Wrong Answer,115,24744,178,
s194764068,p02791,u728724337,1579464364,C++,C++14 (GCC 5.4.1),cpp,Accepted,78,1152,672,
s428789886,p02791,u264265458,1579464363,C++,C++14 (GCC 5.4.1),cpp,Accepted,18,1920,2759,
s607722447,p02791,u313111801,1579464363,Java,Java8 (OpenJDK 1.8.0),java,Accepted,553,65832,1177,
s868456857,p02791,u984276646,1579464363,Python,Python (3.4.3),py,Runtime Error,2104,24744,157,
s688650045,p02791,u647592933,1579464361,C++,C++14 (GCC 5.4.1),cpp,Accepted,19,1024,5064,
s180200421,p02791,u061127257,1579464361,Python,Python (3.4.3),py,Wrong Answer,2108,24744,236,
s332773848,p02791,u280517956,1579464360,C++,C++14 (GCC 5.4.1),cpp,Wrong Answer,28,2168,579,
s638454396,p02791,u879434320,1579464360,C++,C++14 (GCC 5.4.1),cpp,Accepted,62,1152,336,
s473248161,p02791,u273004731,1579464360,C++,C++14 (GCC 5.4.1),cpp,Accepted,62,1024,954,
s115803008,p02791,u185424824,1579464360,Python,Python (3.4.3),py,Time Limit Exceeded,2104,24744,184,
s580271064,p02791,u365870732,1579464359,C++,C++14 (GCC 5.4.1),cpp,Accepted,77,1024,286,
s608452839,p02791,u568787360,1579464359,Java,Java8 (OpenJDK 1.8.0),java,Time Limit Exceeded,2109,87472,494,
s962236633,p02791,u527209144,1579464357,C++,C++14 (GCC 5.4.1),cpp,Accepted,78,256,360,
s346031752,p02791,u114047445,1579464357,C++,C++14 (GCC 5.4.1),cpp,Accepted,18,256,1675,
s185595950,p02791,u730271001,1579464356,C++,C++14 (GCC 5.4.1),cpp,Accepted,63,1024,443,
s112174133,p02791,u745862183,1579464356,C++,C++14 (GCC 5.4.1),cpp,Accepted,76,1024,256,
s570523285,p02791,u232697111,1579464356,Python,Python (3.4.3),py,Time Limit Exceeded,2104,24744,146,
s676650763,p02791,u119655368,1579464356,Python,Python (3.4.3),py,Accepted,145,24744,177,
s275175367,p02791,u217508499,1579464355,C++,C++ (GCC 5.4.1),cpp,Accepted,77,256,211,
s322575980,p02791,u749420124,1579464355,C++,C++14 (GCC 5.4.1),cpp,Accepted,66,256,1484,
s457274345,p02791,u486369478,1579464355,C#,C# (Mono 4.6.2.0),cs,Accepted,97,33116,1089,
s745359483,p02791,u755801379,1579464355,Python,Python (3.4.3),py,Time Limit Exceeded,2104,24744,143,
s085185928,p02791,u819300485,1579464354,C++,C++14 (GCC 5.4.1),cpp,Wrong Answer,77,1792,1017,
s173876999,p02791,u592052890,1579464354,C++,C++14 (Clang 3.8.0),cpp,Accepted,166,3328,415,
s340935232,p02791,u202826462,1579464354,Python,Python (3.4.3),py,Accepted,160,24744,170,
s708015322,p02791,u901222280,1579464354,C++,C++14 (GCC 5.4.1),cpp,Accepted,60,1024,301,
s083985279,p02791,u233107306,1579464354,C++,C++14 (GCC 5.4.1),cpp,Accepted,63,1024,356,
s243007580,p02791,u198355306,1579464354,Ruby,Ruby (2.3.3),rb,Accepted,195,22028,587,
s545372360,p02791,u222668979,1579464353,Python,Python (3.4.3),py,Accepted,157,24744,167,
s814559088,p02791,u457554982,1579464353,Python,Python (3.4.3),py,Accepted,179,26012,197,
s644900175,p02791,u007808656,1579464353,Python,Python (3.4.3),py,Accepted,132,24744,125,
s223375179,p02791,u631558039,1579464353,C++,C++14 (GCC 5.4.1),cpp,Accepted,63,1024,405,
s889310789,p02791,u004279520,1579464353,C,C (GCC 5.4.1),c,Accepted,21,1664,813,
s192990141,p02791,u210729747,1579464353,C++,C++14 (GCC 5.4.1),cpp,Accepted,25,896,376,
s804122286,p02791,u648881683,1579464351,Python,Python (3.4.3),py,Accepted,318,34144,195,
s874643991,p02791,u290279680,1579464351,Python,Python (3.4.3),py,Accepted,150,24744,192,
s790659196,p02791,u361381049,1579464351,Python,Python (3.4.3),py,Accepted,111,24744,193,
s070862290,p02791,u267717963,1579464351,C,C (GCC 5.4.1),c,Time Limit Exceeded,2103,896,375,
s510453583,p02791,u431615124,1579464351,C++,C++14 (GCC 5.4.1),cpp,Accepted,21,1792,1814,
s963021023,p02791,u886790158,1579464351,C++,C++14 (Clang 3.8.0),cpp,Accepted,167,1152,433,
s063231935,p02791,u294762836,1579464350,C++,C++14 (GCC 5.4.1),cpp,Accepted,22,2688,2232,
s262681272,p02791,u296264105,1579464350,C++,C++14 (GCC 5.4.1),cpp,Accepted,19,1024,272,
s680556082,p02791,u513851782,1579464350,C++,C++14 (GCC 5.4.1),cpp,Accepted,20,896,302,
s815997750,p02791,u531746660,1579464349,C++,C++14 (GCC 5.4.1),cpp,Accepted,19,1400,885,
s241371822,p02791,u838644735,1579464349,Python,PyPy3 (2.4.0),py,Accepted,261,75728,157,
s517519809,p02791,u061912210,1579464349,C++,C++14 (GCC 5.4.1),cpp,Accepted,20,3456,1590,
s418674794,p02791,u781379878,1579464348,Python,Python (3.4.3),py,Accepted,108,24744,162,
s741029875,p02791,u942850310,1579464348,C++,C++14 (GCC 5.4.1),cpp,Accepted,77,1024,777,
s589731968,p02791,u007099475,1579464348,C++,C++14 (GCC 5.4.1),cpp,Accepted,60,1024,2866,
s153356428,p02791,u238288222,1579464347,C++,C++14 (GCC 5.4.1),cpp,Accepted,21,256,217,
s470853987,p02791,u409614401,1579464347,Ruby,Ruby (2.3.3),rb,Time Limit Exceeded,2108,16644,126,
s394604632,p02791,u534015096,1579464346,C++,C++14 (GCC 5.4.1),cpp,Accepted,61,1024,1037,
s937853295,p02791,u501432217,1579464346,C++,C++14 (GCC 5.4.1),cpp,Accepted,18,256,479,
s593612658,p02791,u014321021,1579464346,C++,C++14 (GCC 5.4.1),cpp,Accepted,60,1792,452,
s452572171,p02791,u895858420,1579464346,Kotlin,Kotlin (1.0.0),kt,Accepted,659,82876,411,
s569757349,p02791,u152509702,1579464346,Python,PyPy3 (2.4.0),py,Time Limit Exceeded,2112,137156,191,
s952868081,p02791,u962634966,1579464345,C++,C++14 (GCC 5.4.1),cpp,Time Limit Exceeded,2103,1024,400,
s269550032,p02791,u130900604,1579464345,Python,Python (3.4.3),py,Accepted,136,24744,134,
s395836038,p02791,u894129918,1579464345,C++,C++14 (GCC 5.4.1),cpp,Accepted,62,1024,387,
s949084983,p02791,u630211216,1579464345,C++,C++14 (GCC 5.4.1),cpp,Accepted,60,1024,290,
s994774986,p02791,u492030100,1579464344,C++,C++14 (GCC 5.4.1),cpp,Accepted,63,1024,817,
s107385075,p02791,u602677143,1579464344,Python,Python (3.4.3),py,Accepted,120,24744,170,
s692694129,p02791,u064458730,1579464344,C++,C++14 (GCC 5.4.1),cpp,Accepted,18,1024,423,
s672577269,p02791,u326245870,1579464344,Python,PyPy3 (2.4.0),py,Time Limit Exceeded,2111,136940,167,
s186695987,p02791,u137747137,1579464344,C++,C++14 (GCC 5.4.1),cpp,Accepted,60,1024,1419,
s793410508,p02791,u192042624,1579464344,Python,Python (3.4.3),py,Accepted,111,24744,158,
s663175597,p02791,u006167882,1579464343,Python,Python (3.4.3),py,Accepted,111,24744,182,
s556326534,p02791,u283907492,1579464343,C++,C++14 (GCC 5.4.1),cpp,Accepted,19,1024,523,
s691550185,p02791,u781876525,1579464343,C++,C++14 (GCC 5.4.1),cpp,Accepted,18,1792,886,
s903943565,p02791,u405083463,1579464343,Java,Java8 (OpenJDK 1.8.0),java,Accepted,577,63504,589,
s130897909,p02791,u202634017,1579464342,Python,PyPy3 (2.4.0),py,Accepted,252,76624,164,
s603329962,p02791,u461913494,1579464341,C++,C++14 (GCC 5.4.1),cpp,Wrong Answer,110,10368,923,
s800557391,p02791,u341388158,1579464341,C++,C++14 (GCC 5.4.1),cpp,Accepted,58,256,347,
s552421727,p02791,u072949274,1579464341,Python,PyPy3 (2.4.0),py,Accepted,241,75472,171,
s470490638,p02791,u620626180,1579464341,C++,C++14 (GCC 5.4.1),cpp,Time Limit Exceeded,2103,1024,413,
s298358092,p02791,u266113953,1579464339,Python,Python (3.4.3),py,Time Limit Exceeded,2104,24744,246,
s887777778,p02791,u090649502,1579464339,Python,Python (3.4.3),py,Accepted,116,25984,710,
s825751072,p02791,u874719061,1579464339,C++,C++14 (GCC 5.4.1),cpp,Accepted,60,1024,572,
s836733740,p02791,u222029239,1579464339,C++,C++14 (GCC 5.4.1),cpp,Accepted,20,128,191,
s825500878,p02791,u214245159,1579464339,Python,PyPy3 (2.4.0),py,Accepted,247,76368,193,
s319893494,p02791,u318296597,1579464339,Python,Python (3.4.3),py,Accepted,157,26012,190,
s665218922,p02791,u063703408,1579464339,Python,Python (3.4.3),py,Time Limit Exceeded,2104,24744,141,
s324785173,p02791,u300718277,1579464338,C++,C++14 (GCC 5.4.1),cpp,Accepted,18,256,369,
s331234645,p02791,u123814723,1579464338,Python,Python (3.4.3),py,Accepted,129,24744,135,
s089943907,p02791,u588369531,1579464338,C++,C++14 (GCC 5.4.1),cpp,Time Limit Exceeded,2103,1024,2755,
s078795464,p02791,u877847737,1579464337,C++,C++14 (GCC 5.4.1),cpp,Accepted,21,1024,690,
s155447139,p02791,u622748505,1579464337,C++,C++14 (GCC 5.4.1),cpp,Runtime Error,127,9600,1973,
s128859598,p02791,u040016087,1579464337,Python,Python (3.4.3),py,Time Limit Exceeded,2104,24800,283,
s915069046,p02791,u430870052,1579464337,C++,C++14 (GCC 5.4.1),cpp,Accepted,18,1792,3109,
s668038957,p02791,u831873811,1579464337,C++,C++14 (GCC 5.4.1),cpp,Accepted,58,256,409,
s457803984,p02791,u703528810,1579464336,Python,PyPy3 (2.4.0),py,Time Limit Exceeded,2108,77416,184,
s643359752,p02791,u358957649,1579464336,Python,Python (3.4.3),py,Time Limit Exceeded,2104,24744,189,
s895129465,p02791,u451737263,1579464336,C++,C++14 (GCC 5.4.1),cpp,Accepted,60,1024,397,
s726722454,p02791,u776580013,1579464335,C++,C++14 (GCC 5.4.1),cpp,Wrong Answer,20,896,216,
s500893707,p02791,u548094461,1579464334,C++,C++11 (GCC 4.8.1),cpp,Accepted,63,2420,5042,
s415838783,p02791,u725825358,1579464334,C++,C++14 (GCC 5.4.1),cpp,Accepted,18,256,1296,
s949081761,p02791,u150664457,1579464333,Python,Python (3.4.3),py,Accepted,109,24744,243,
s782877648,p02791,u647999897,1579464333,Python,PyPy3 (2.4.0),py,Accepted,250,75472,248,
s549418878,p02791,u091870478,1579464333,C,C (GCC 5.4.1),c,Accepted,22,1024,304,
s282510291,p02791,u673355070,1579464333,C++,C++14 (GCC 5.4.1),cpp,Wrong Answer,63,7636,737,
s228020972,p02791,u124498235,1579464332,Python,Python (3.4.3),py,Accepted,131,24744,128,
s279636899,p02791,u099648805,1579464332,C++,C++14 (GCC 5.4.1),cpp,Accepted,21,256,417,
s334491992,p02791,u830237447,1579464332,C++,C++14 (GCC 5.4.1),cpp,Accepted,61,3328,504,
s012845476,p02791,u968836442,1579464331,Ruby,Ruby (2.3.3),rb,Accepted,189,22788,231,
s181033236,p02791,u082171758,1579464331,C++,C++14 (Clang 3.8.0),cpp,Time Limit Exceeded,2107,1792,457,
s781918219,p02791,u554324289,1579464331,C++,C++14 (GCC 5.4.1),cpp,Wrong Answer,60,1024,301,
s271797247,p02791,u693378622,1579464330,Python,Python (3.4.3),py,Accepted,89,24744,149,
s172218192,p02791,u103136263,1579464330,Python,Python (3.4.3),py,Time Limit Exceeded,2105,27184,826,
s119716684,p02791,u971113766,1579464329,C++,C++14 (GCC 5.4.1),cpp,Time Limit Exceeded,2103,1024,507,
s791799391,p02791,u633451629,1579464329,C++,C++14 (GCC 5.4.1),cpp,Accepted,22,1400,744,
s345143130,p02791,u272336707,1579464328,Python,Python (3.4.3),py,Accepted,149,24872,184,
s950966843,p02791,u452900140,1579464328,Go,Go (1.6),go,Time Limit Exceeded,2107,3712,1454,
s816702521,p02791,u588198811,1579464327,C,C (GCC 5.4.1),c,Accepted,22,896,322,
s599384564,p02791,u629133942,1579464327,C++,C++14 (GCC 5.4.1),cpp,Accepted,60,1792,430,
s754976737,p02791,u938152299,1579464327,JavaScript,JavaScript (node.js v5.12),js,Wrong Answer,116,22224,453,
s989883882,p02791,u725107050,1579464326,Python,Python (3.4.3),py,Time Limit Exceeded,2104,24744,219,
s560304367,p02791,u970467607,1579464326,C++,C++14 (Clang 3.8.0),cpp,Accepted,103,8448,1617,
s872239211,p02791,u202550027,1579464326,C++,C++14 (GCC 5.4.1),cpp,Wrong Answer,19,1024,390,
s532288406,p02791,u960802024,1579464325,Java,Java8 (OpenJDK 1.8.0),java,Accepted,596,93684,679,
s056430362,p02791,u184817817,1579464325,Python,Python (3.4.3),py,Wrong Answer,350,24872,241,
s953526936,p02791,u421426760,1579464325,C++,C++14 (GCC 5.4.1),cpp,Accepted,19,1792,1970,
s857151884,p02791,u668352391,1579464324,Python,Python (3.4.3),py,Time Limit Exceeded,2104,25768,182,
s449162556,p02791,u664373116,1579464324,Python,Python (3.4.3),py,Accepted,93,24744,133,
s613645219,p02791,u961814767,1579464324,C++,C++14 (GCC 5.4.1),cpp,Accepted,18,1792,1531,
s148077511,p02791,u993435350,1579464324,Python,Python (3.4.3),py,Accepted,153,24744,205,
s762279122,p02791,u863309603,1579464324,Kotlin,Kotlin (1.0.0),kt,Time Limit Exceeded,2111,82840,377,
s260618452,p02791,u257571179,1579464324,C++,C++14 (GCC 5.4.1),cpp,Accepted,89,9600,585,
s744000303,p02791,u846820729,1579464323,C++,C++14 (GCC 5.4.1),cpp,Accepted,77,256,393,
s358380864,p02791,u794583613,1579464323,C++,C++14 (GCC 5.4.1),cpp,Wrong Answer,2103,1280,495,
s374011316,p02791,u026620445,1579464323,C++,C++14 (GCC 5.4.1),cpp,Accepted,59,1792,2687,
s202488132,p02791,u343523553,1579464323,Python,Python (3.4.3),py,Time Limit Exceeded,2104,24744,246,
s241338765,p02791,u133134242,1579464322,Python,Python (3.4.3),py,Wrong Answer,143,24744,139,
s721170470,p02791,u868577139,1579464322,Java,Java8 (OpenJDK 1.8.0),java,Accepted,576,82544,373,
s094491946,p02791,u659957498,1579464322,C++,C++14 (GCC 5.4.1),cpp,Wrong Answer,21,384,231,
s165136284,p02791,u059262067,1579464322,Python,Python (3.4.3),py,Accepted,94,24744,144,
s457796851,p02791,u261260430,1579464322,Python,Python (3.4.3),py,Accepted,110,24744,150,
s973344907,p02791,u819300485,1579464321,C++,C++14 (GCC 5.4.1),cpp,Wrong Answer,77,1792,1017,
s393009654,p02791,u169639579,1579464321,C++,C++14 (GCC 5.4.1),cpp,Accepted,77,1024,292,
s863881480,p02791,u068586753,1579464321,C++,C++14 (GCC 5.4.1),cpp,Accepted,60,1792,363,
s403471270,p02791,u346214077,1579464320,C++,C++14 (GCC 5.4.1),cpp,Accepted,79,256,306,
s089676075,p02791,u051393148,1579464319,C++,C++14 (GCC 5.4.1),cpp,Accepted,76,256,243,
s010641921,p02791,u672542358,1579464319,Python,PyPy3 (2.4.0),py,Accepted,258,76112,119,
s997357718,p02791,u475487788,1579464318,C#,C# (Mono 4.6.2.0),cs,Accepted,113,33880,4274,
s847557521,p02791,u692053345,1579464318,Python,Python (3.4.3),py,Accepted,109,24744,163,
s095697765,p02791,u896543512,1579464318,C++,C++14 (GCC 5.4.1),cpp,Time Limit Exceeded,2103,1024,410,
s500169217,p02791,u818349438,1579464318,Python,PyPy3 (2.4.0),py,Accepted,254,75568,169,
s850279062,p02791,u891692185,1579464318,C++,C++14 (GCC 5.4.1),cpp,Accepted,21,1792,1249,
s773605919,p02791,u907518238,1579464317,C++,C++14 (GCC 5.4.1),cpp,Time Limit Exceeded,2103,1024,404,
s218689682,p02791,u580073714,1579464317,Python,Python (3.4.3),py,Accepted,103,24744,153,
s197857483,p02791,u725458677,1579464317,C++,C++14 (GCC 5.4.1),cpp,Accepted,61,1024,1593,
s677635563,p02791,u291028869,1579464317,Python,Python (3.4.3),py,Wrong Answer,90,24744,143,
s471372621,p02791,u688375653,1579464317,Python,Python (3.4.3),py,Accepted,119,25716,353,
s894755531,p02791,u961683878,1579464316,Python,Python (3.4.3),py,Accepted,336,29420,315,
s879734187,p02791,u196786099,1579464316,C++,C++14 (Clang 3.8.0),cpp,Accepted,168,1792,424,
s256980288,p02791,u442396147,1579464316,Python,PyPy3 (2.4.0),py,Accepted,269,81488,526,
s770790880,p02791,u575101291,1579464315,Python,Python (3.4.3),py,Wrong Answer,2104,17940,129,
s934139960,p02791,u531718792,1579464315,C++,C++14 (GCC 5.4.1),cpp,Wrong Answer,60,1792,322,
s388642343,p02791,u390170391,1579464315,Python,Python (3.4.3),py,Accepted,108,24744,146,
s009836252,p02791,u315483537,1579464315,C#,C# (Mono 4.6.2.0),cs,Time Limit Exceeded,2108,34012,1207,
s413708305,p02791,u484832756,1579464314,Ruby,Ruby (2.3.3),rb,Accepted,172,20484,187,
s937536503,p02791,u163525690,1579464314,C++,C++14 (GCC 5.4.1),cpp,Accepted,62,1792,1108,
s904425692,p02791,u061876541,1579464314,C++,C++14 (GCC 5.4.1),cpp,Accepted,25,1400,359,
s567173030,p02791,u416981717,1579464313,C++,C++14 (GCC 5.4.1),cpp,Accepted,77,256,217,
s919689253,p02791,u869994253,1579464313,C++,C++14 (GCC 5.4.1),cpp,Accepted,68,1792,280,
s038259403,p02791,u492074881,1579464313,Python,Python (3.4.3),py,Accepted,109,24744,144,
s933077346,p02791,u653945535,1579464312,C++,C++14 (GCC 5.4.1),cpp,Wrong Answer,1,256,374,
s539020672,p02791,u601256797,1579464312,C++,C++14 (GCC 5.4.1),cpp,Accepted,62,1024,381,
s878274217,p02791,u329731898,1579464312,C++,C++14 (GCC 5.4.1),cpp,Accepted,66,2420,483,
s835105117,p02791,u098810927,1579464311,C++,C++14 (GCC 5.4.1),cpp,Accepted,18,256,476,
s093412633,p02791,u246217175,1579464311,Python,PyPy3 (2.4.0),py,Accepted,250,75984,184,
s479619889,p02791,u562079860,1579464311,C++,C++14 (GCC 5.4.1),cpp,Accepted,18,256,348,
s189114467,p02791,u960171798,1579464311,Python,Python (3.4.3),py,Runtime Error,17,2940,183,
s424336120,p02791,u690037900,1579464310,Python,Python (3.4.3),py,Accepted,117,24744,142,
s009109380,p02791,u761815697,1579464310,C++,C++14 (GCC 5.4.1),cpp,Accepted,88,11264,972,
s896648835,p02791,u742306624,1579464310,C++,C++14 (GCC 5.4.1),cpp,Time Limit Exceeded,2103,1024,2151,
s080609920,p02791,u795245552,1579464310,Python,PyPy3 (2.4.0),py,Time Limit Exceeded,2108,75984,227,
s244411867,p02791,u814575783,1579464310,Go,Go (1.6),go,Time Limit Exceeded,2108,7040,349,
s681832653,p02791,u774144672,1579464309,C++,C++14 (GCC 5.4.1),cpp,Accepted,19,1792,1994,
s240330936,p02791,u567677663,1579464309,Ruby,Ruby (2.3.3),rb,Accepted,97,16764,72,
s138620158,p02791,u508077444,1579464309,C++,C++14 (GCC 5.4.1),cpp,Accepted,63,1024,350,
s999559405,p02791,u392712707,1579464307,Python,Python (3.4.3),py,Accepted,114,24744,170,
s327022108,p02791,u977661421,1579464307,Python,Python (3.4.3),py,Time Limit Exceeded,2104,24744,233,
s383345590,p02791,u546104065,1579464307,Python,Python (3.4.3),py,Accepted,277,34136,190,
s381055335,p02791,u703528810,1579464307,Python,Python (3.4.3),py,Time Limit Exceeded,2108,24744,184,
s955224249,p02791,u591016708,1579464306,Python,Python (3.4.3),py,Wrong Answer,2108,25768,195,
s234472486,p02791,u458315482,1579464306,Python,Python (3.4.3),py,Time Limit Exceeded,2104,24744,229,
s960343164,p02791,u017210855,1579464306,C++,C++14 (GCC 5.4.1),cpp,Accepted,76,256,281,
s473216765,p02791,u599969606,1579464306,Python,Python (3.4.3),py,Accepted,92,24744,156,
s316063088,p02791,u969651765,1579464306,C++,C++14 (GCC 5.4.1),cpp,Accepted,18,1792,1559,
s106268754,p02791,u643797323,1579464305,Python,Python (3.4.3),py,Accepted,116,24744,147,
s134096937,p02791,u084335038,1579464305,Ruby,Ruby (2.3.3),rb,Accepted,98,17284,132,
s361822198,p02791,u166896158,1579464305,C++,C++14 (GCC 5.4.1),cpp,Accepted,78,1792,332,
s550709364,p02791,u580404776,1579464304,Python,Python (3.4.3),py,Accepted,110,24744,140,
s223560669,p02791,u336381735,1579464303,C++,C++14 (GCC 5.4.1),cpp,Time Limit Exceeded,2103,1024,603,
s385118274,p02791,u855087874,1579464303,C++,C++14 (GCC 5.4.1),cpp,Time Limit Exceeded,2103,1792,664,
s309816514,p02791,u228943017,1579464303,C++,C++14 (GCC 5.4.1),cpp,Time Limit Exceeded,2103,1024,345,
s939147125,p02791,u458311335,1579464303,C,C (GCC 5.4.1),c,Time Limit Exceeded,2103,896,388,
s831693964,p02791,u510015767,1579464303,Python,PyPy3 (2.4.0),py,Time Limit Exceeded,2108,77536,259,
s981919930,p02791,u846634344,1579464303,C++,C++14 (GCC 5.4.1),cpp,Accepted,18,256,398,
s216342113,p02791,u317177661,1579464302,C++,C++14 (GCC 5.4.1),cpp,Accepted,19,1792,1081,
s927974804,p02791,u163865296,1579464302,PHP,PHP (5.6.30),php,Time Limit Exceeded,2106,40468,203,
s819189069,p02791,u554269352,1579464302,Go,Go (1.6),go,Accepted,55,14208,13535,
s273652318,p02791,u930574673,1579464302,Python,Python (3.4.3),py,Accepted,110,24744,184,
s656413622,p02791,u624678037,1579464301,C++,C++14 (GCC 5.4.1),cpp,Runtime Error,188,1652,916,
s068194863,p02791,u904020199,1579464301,C++,C++14 (GCC 5.4.1),cpp,Accepted,60,1792,414,
s197264371,p02791,u954488273,1579464301,Python,Python (3.4.3),py,Accepted,112,24744,140,
s199256273,p02791,u915689660,1579464301,C++,C++14 (GCC 5.4.1),cpp,Time Limit Exceeded,2103,1792,373,
s187820357,p02791,u930257418,1579464301,D,D (DMD64 v2.070.1),d,Accepted,38,11536,1477,
s856270213,p02791,u279005807,1579464300,Java,Java8 (OpenJDK 1.8.0),java,Accepted,553,62064,355,
s478322420,p02791,u129325320,1579464300,Python,PyPy2 (5.6.0),py,Accepted,83,51008,153,
s644728009,p02791,u703108590,1579464300,Java,Java8 (OpenJDK 1.8.0),java,Accepted,216,44516,1787,
s270781093,p02791,u936558609,1579464300,C++,C++14 (GCC 5.4.1),cpp,Time Limit Exceeded,2103,1024,516,
s176451404,p02791,u652760628,1579464299,C++,C++14 (GCC 5.4.1),cpp,Accepted,76,256,314,
s029344426,p02791,u344988629,1579464299,C++,C++14 (GCC 5.4.1),cpp,Accepted,60,1792,430,
s018447546,p02791,u696198557,1579464299,C++,C++14 (GCC 5.4.1),cpp,Time Limit Exceeded,2103,1024,407,
s840754702,p02791,u208844959,1579464299,C++,C++14 (GCC 5.4.1),cpp,Accepted,66,1024,558,
s101652151,p02791,u617826263,1579464298,C,C (GCC 5.4.1),c,Accepted,22,896,286,
s900762962,p02791,u133566678,1579464298,Python,PyPy3 (2.4.0),py,Accepted,259,75856,176,
s019552695,p02791,u771932673,1579464298,C++,C++14 (GCC 5.4.1),cpp,Accepted,76,256,248,
s663012194,p02791,u106804623,1579464297,C++,C++14 (GCC 5.4.1),cpp,Accepted,110,10368,2836,
s016792240,p02791,u525363585,1579464297,C++,C++14 (GCC 5.4.1),cpp,Wrong Answer,19,1024,439,
s616776112,p02791,u849029577,1579464296,Python,PyPy3 (2.4.0),py,Time Limit Exceeded,2110,137040,140,
s131766139,p02791,u599568485,1579464296,C++,C++14 (GCC 5.4.1),cpp,Accepted,60,1024,405,
s066189841,p02791,u189188797,1579464296,Python,Python (3.4.3),py,Accepted,110,24744,146,
s574815697,p02791,u129617569,1579464296,C++,C++14 (GCC 5.4.1),cpp,Wrong Answer,77,1024,272,
s323441411,p02791,u423964598,1579464295,Python,Python (3.4.3),py,Accepted,111,24744,164,
s075887155,p02791,u662852612,1579464295,C++,C++14 (GCC 5.4.1),cpp,Accepted,78,256,467,
s406944485,p02791,u840713046,1579464295,C++,C++14 (GCC 5.4.1),cpp,Wrong Answer,64,2420,917,
s817481486,p02791,u702462808,1579464295,C++,C++14 (GCC 5.4.1),cpp,Accepted,19,1920,636,
s466686681,p02791,u927680443,1579464295,C++,C++14 (GCC 5.4.1),cpp,Accepted,20,4992,639,
s712218105,p02791,u017210855,1579464294,C++,C++14 (GCC 5.4.1),cpp,Compile Error,,,17,
s838039735,p02791,u711705317,1579464294,Ruby,Ruby (2.3.3),rb,Accepted,182,20740,136,
s053514477,p02791,u137542041,1579464292,Python,Python (3.4.3),py,Accepted,134,24744,176,
s217991653,p02791,u367713721,1579464292,C++,C++14 (GCC 5.4.1),cpp,Accepted,18,1024,702,
s909598038,p02791,u299727087,1579464290,C++,C++14 (GCC 5.4.1),cpp,Accepted,18,1792,1146,
s631020128,p02791,u905711033,1579464290,Python,Python (3.4.3),py,Accepted,107,24744,187,
s149250568,p02791,u605757515,1579464289,C++,C++14 (GCC 5.4.1),cpp,Accepted,61,1152,343,
s636402953,p02791,u982755883,1579464289,C++,C++14 (GCC 5.4.1),cpp,Accepted,69,2168,617,
s662127403,p02791,u403247170,1579464288,C++,C++14 (GCC 5.4.1),cpp,Accepted,73,2168,481,
s350509942,p02791,u918817732,1579464288,Python,Python (3.4.3),py,Time Limit Exceeded,2104,24744,155,
s887008021,p02791,u169639579,1579464288,C++,C++14 (GCC 5.4.1),cpp,Wrong Answer,77,1024,286,
s973437886,p02791,u888094685,1579464287,C++,C++14 (GCC 5.4.1),cpp,Wrong Answer,60,1024,1063,
s254676830,p02791,u133936772,1579464287,Python,Python (3.4.3),py,Wrong Answer,109,24744,148,
s456074279,p02791,u099001254,1579464287,C#,C# (Mono 4.6.2.0),cs,Accepted,95,33116,1075,
s931740157,p02791,u222682687,1579464286,C++,C++14 (GCC 5.4.1),cpp,Time Limit Exceeded,2103,1024,557,
s210250347,p02791,u858670323,1579464286,C++,C++14 (GCC 5.4.1),cpp,Accepted,60,1024,2707,
s664900766,p02791,u205918233,1579464286,Python,Python (3.4.3),py,Accepted,109,24744,194,
s349390498,p02791,u319329587,1579464286,C++,C++14 (GCC 5.4.1),cpp,Accepted,19,1792,614,
s563442475,p02791,u468206018,1579464286,Python,Python (3.4.3),py,Wrong Answer,126,24744,154,
s877881014,p02791,u649858850,1579464285,C++,C++14 (GCC 5.4.1),cpp,Wrong Answer,19,1792,382,
s565450180,p02791,u550560757,1579464284,C++,C++14 (GCC 5.4.1),cpp,Accepted,60,1792,498,
s327280818,p02791,u657994700,1579464284,Python,Python (3.4.3),py,Accepted,92,24744,196,
s664625211,p02791,u304862095,1579464284,C++,C++14 (GCC 5.4.1),cpp,Accepted,65,1024,282,
s808273466,p02791,u454093752,1579464283,Python,PyPy3 (2.4.0),py,Accepted,261,75472,161,
s838091459,p02791,u820341516,1579464283,C++,C++14 (GCC 5.4.1),cpp,Accepted,60,1024,936,
s907850144,p02791,u421022275,1579464283,C++,C++14 (GCC 5.4.1),cpp,Accepted,20,1792,476,
s404196184,p02791,u551813187,1579464283,C++,C++14 (GCC 5.4.1),cpp,Accepted,60,1792,284,
s808791113,p02791,u759237395,1579464282,C,C (GCC 5.4.1),c,Accepted,4,128,405,
s838430500,p02791,u822029894,1579464282,Scala,Scala (2.11.7),scala,Time Limit Exceeded,2111,118736,318,
s510962770,p02791,u417014669,1579464281,Python,PyPy3 (2.4.0),py,Runtime Error,226,67056,211,
s747124017,p02791,u304500144,1579464281,C++,C++14 (GCC 5.4.1),cpp,Accepted,77,1024,278,
s464337674,p02791,u904655984,1579464281,C,C (GCC 5.4.1),c,Accepted,22,896,401,
s280653449,p02791,u209767598,1579464281,C++,C++14 (GCC 5.4.1),cpp,Accepted,60,1024,648,
s680580931,p02791,u079022693,1579464280,Python,Python (3.4.3),py,Accepted,109,24744,186,
s079821734,p02791,u153902122,1579464280,Python,Python (3.4.3),py,Time Limit Exceeded,2104,24744,246,
s376149128,p02791,u219197917,1579464280,Python,Python (3.4.3),py,Accepted,112,25768,150,
s052965394,p02791,u309703079,1579464280,C#,C# (Mono 4.6.2.0),cs,Accepted,95,33116,840,
s023482143,p02791,u049126433,1579464280,C++,C++14 (GCC 5.4.1),cpp,Wrong Answer,59,1792,298,
s875729745,p02791,u386149048,1579464280,C++,C++14 (GCC 5.4.1),cpp,Accepted,77,1024,396,
s701178297,p02791,u970107703,1579464279,Python,Python (3.4.3),py,Accepted,90,24744,150,
s700447457,p02791,u076865901,1579464279,C++,C++14 (GCC 5.4.1),cpp,Accepted,59,1024,2011,
s570644713,p02791,u540741303,1579464279,C++,C++14 (GCC 5.4.1),cpp,Accepted,60,1024,969,
s727089195,p02791,u530786533,1579464279,Python,Python (3.4.3),py,Time Limit Exceeded,2104,26012,149,
s556752859,p02791,u229213815,1579464279,C++,C++14 (GCC 5.4.1),cpp,Accepted,60,1024,452,
s261456227,p02791,u305366205,1579464279,Python,Python (3.4.3),py,Accepted,156,24744,171,
s616401261,p02791,u195355592,1579464279,Python,Python (3.4.3),py,Wrong Answer,2105,18216,146,
s289367521,p02791,u502813058,1579464279,Go,Go (1.6),go,Wrong Answer,42,3712,653,
s517468019,p02791,u406588655,1579464278,Java,Java8 (OpenJDK 1.8.0),java,Accepted,594,87544,399,
s893278595,p02791,u502098699,1579464278,Go,Go (1.6),go,Accepted,54,6912,1418,
s980735741,p02791,u579455624,1579464277,Java,Java8 (OpenJDK 1.8.0),java,Accepted,585,90764,509,
s019093393,p02791,u574189773,1579464277,Python,Python (3.4.3),py,Accepted,96,24744,397,
s559343113,p02791,u543933043,1579464277,Go,Go (1.6),go,Accepted,39,3584,922,
s471260166,p02791,u450904670,1579464277,Python,Python (3.4.3),py,Wrong Answer,389,34128,154,
s745942706,p02791,u474212789,1579464277,C++,C++14 (GCC 5.4.1),cpp,Time Limit Exceeded,2103,1024,489,
s241531270,p02791,u785213188,1579464276,Python,Python (3.4.3),py,Time Limit Exceeded,2104,26012,125,
s060000449,p02791,u347064383,1579464276,Python,Python (3.4.3),py,Accepted,163,25768,208,
s782583232,p02791,u522566752,1579464275,C++,C++14 (GCC 5.4.1),cpp,Accepted,77,1024,859,
s962914795,p02791,u973991908,1579464275,C++,C++14 (GCC 5.4.1),cpp,Wrong Answer,30,1792,873,
s749059757,p02791,u342143778,1579464275,C++,C++14 (GCC 5.4.1),cpp,Accepted,77,256,262,
s419406924,p02791,u915622184,1579464275,C++,C++14 (GCC 5.4.1),cpp,Accepted,78,1024,188,
s695176573,p02791,u025241948,1579464275,Python,Python (3.4.3),py,Accepted,132,24744,138,
s180033525,p02791,u849226974,1579464275,C++,C++14 (GCC 5.4.1),cpp,Accepted,62,1792,706,
s209833908,p02791,u685346012,1579464274,C++,C++14 (GCC 5.4.1),cpp,Accepted,64,1024,1919,
s986941671,p02791,u252828980,1579464274,Python,Python (3.4.3),py,Wrong Answer,110,24744,163,
s388409853,p02791,u957872856,1579464273,Python,Python (3.4.3),py,Accepted,114,25768,146,
s532519381,p02791,u579509274,1579464273,C++,C++14 (GCC 5.4.1),cpp,Accepted,77,1024,334,
s361824528,p02791,u693048766,1579464272,Python,Python (3.4.3),py,Accepted,182,24744,201,
s557242137,p02791,u628871447,1579464272,C++,C++14 (GCC 5.4.1),cpp,Accepted,78,1792,640,
s315736437,p02791,u866949333,1579464272,Python,Python (3.4.3),py,Accepted,113,24744,298,
s119884470,p02791,u403798114,1579464272,C++,C++14 (GCC 5.4.1),cpp,Accepted,21,1792,310,
s992805405,p02791,u028973125,1579464272,Python,PyPy3 (2.4.0),py,Accepted,257,68160,356,
s561077542,p02791,u901222280,1579464271,C++,C++14 (GCC 5.4.1),cpp,Wrong Answer,60,1152,300,
s239298123,p02791,u146546125,1579464271,Java,Java8 (OpenJDK 1.8.0),java,Time Limit Exceeded,2109,77088,1208,
s425221751,p02791,u844426556,1579464271,Python,Python (3.4.3),py,Accepted,114,24744,188,
s000493331,p02791,u919025034,1579464271,Python,PyPy3 (2.4.0),py,Accepted,263,75600,149,
s426670152,p02791,u891178744,1579464271,C++,C++14 (GCC 5.4.1),cpp,Accepted,77,1024,301,
s033877236,p02791,u852613820,1579464271,Python,Python (3.4.3),py,Accepted,97,24872,262,
s112237602,p02791,u041845863,1579464271,Python,Python (3.4.3),py,Wrong Answer,164,25348,324,
s012999407,p02791,u087672117,1579464270,Java,Java8 (OpenJDK 1.8.0),java,Accepted,568,62952,476,
s919727663,p02791,u533931256,1579464270,C++,C++14 (GCC 5.4.1),cpp,Accepted,77,1024,1188,
s221139933,p02791,u292292901,1579464270,C++,C++14 (GCC 5.4.1),cpp,Accepted,18,1024,533,
s120131759,p02791,u639592190,1579464269,Python,Python (3.4.3),py,Accepted,129,24744,117,
s424544215,p02791,u426966697,1579464269,C++,C++14 (GCC 5.4.1),cpp,Accepted,76,256,376,
s675907466,p02791,u720281401,1579464268,Ruby,Ruby (2.3.3),rb,Accepted,97,16764,68,
s137111057,p02791,u411557858,1579464268,C++,C++14 (GCC 5.4.1),cpp,Time Limit Exceeded,2103,1024,332,
s904004269,p02791,u706929073,1579464268,Python,Python (3.4.3),py,Accepted,169,24744,255,
s924699703,p02791,u011438316,1579464268,C++,C++14 (GCC 5.4.1),cpp,Time Limit Exceeded,2103,1024,506,
s140110615,p02791,u492929439,1579464267,Python,Python (3.4.3),py,Accepted,111,25768,180,
s644016818,p02791,u507706381,1579464267,Java,Java8 (OpenJDK 1.8.0),java,Accepted,590,64332,559,
s899557948,p02791,u323522006,1579464267,C++,C++14 (GCC 5.4.1),cpp,Wrong Answer,63,1400,481,
s093273145,p02791,u211203739,1579464267,Python,Python (3.4.3),py,Time Limit Exceeded,2104,24744,157,
s854506519,p02791,u898967808,1579464266,Python,Python (3.4.3),py,Accepted,178,24744,255,
s208892829,p02791,u054729397,1579464266,C++,C++14 (GCC 5.4.1),cpp,Accepted,60,1024,445,
s865792062,p02791,u828994140,1579464265,C++,C++14 (GCC 5.4.1),cpp,Time Limit Exceeded,2103,1024,461,
s130697940,p02791,u637220270,1579464265,C++,C++14 (GCC 5.4.1),cpp,Accepted,67,1024,455,
s269236748,p02791,u733814820,1579464265,C++,C++14 (GCC 5.4.1),cpp,Accepted,19,1024,966,
s256335905,p02791,u619683748,1579464264,C++,C++14 (GCC 5.4.1),cpp,Accepted,130,10368,1225,
s198614071,p02791,u524547149,1579464264,C#,C# (Mono 4.6.2.0),cs,Accepted,106,34012,484,
s116122819,p02791,u370986618,1579464264,C++,C++14 (GCC 5.4.1),cpp,Accepted,18,1792,2582,
s934613367,p02791,u802087214,1579464264,C,C (GCC 5.4.1),c,Accepted,22,128,266,
s643115803,p02791,u915389871,1579464263,C++,C++14 (GCC 5.4.1),cpp,Accepted,21,1664,495,
s961302889,p02791,u008078348,1579464263,C++,C++14 (GCC 5.4.1),cpp,Time Limit Exceeded,2103,1152,655,
s614227009,p02791,u153390822,1579464263,C++,C++14 (GCC 5.4.1),cpp,Accepted,59,1792,3186,
s674479744,p02791,u829260400,1579464262,C++,C++14 (GCC 5.4.1),cpp,Accepted,60,1024,1176,
s826032981,p02791,u832152513,1579464262,Python,PyPy3 (2.4.0),py,Accepted,243,75728,140,
s704934735,p02791,u592035627,1579464262,Python,Python (3.4.3),py,Accepted,118,24744,152,
s342863009,p02791,u514096386,1579464261,C++,C++14 (GCC 5.4.1),cpp,Accepted,20,3328,621,
s368065030,p02791,u802963389,1579464260,Python,Python (3.4.3),py,Wrong Answer,190,24744,273,
s485846690,p02791,u082171758,1579464260,C++,C++14 (Clang 3.8.0),cpp,Time Limit Exceeded,2103,1024,461,
s930551814,p02791,u276600678,1579464260,Java,Java8 (OpenJDK 1.8.0),java,Accepted,586,64744,496,
s328905388,p02791,u724563664,1579464260,Python,Python (3.4.3),py,Accepted,91,17940,181,
s857058227,p02791,u363936720,1579464260,C++,C++14 (GCC 5.4.1),cpp,Runtime Error,131,256,516,
s774632805,p02791,u917829175,1579464260,PHP,PHP7 (7.0.15),php,Time Limit Exceeded,2104,18932,370,
s026620349,p02791,u982591663,1579464259,Python,Python (3.4.3),py,Time Limit Exceeded,2104,24744,247,
s840000853,p02791,u690475097,1579464259,C++,C++14 (GCC 5.4.1),cpp,Accepted,60,1792,432,
s864917379,p02791,u178618463,1579464259,C++,C++14 (GCC 5.4.1),cpp,Accepted,59,256,525,
s011706426,p02791,u206390098,1579464259,C,C (GCC 5.4.1),c,Wrong Answer,22,896,267,
s654226658,p02791,u163169543,1579464259,C++,C++14 (GCC 5.4.1),cpp,Accepted,76,384,359,
s447023181,p02791,u482314637,1579464258,C++,C++14 (GCC 5.4.1),cpp,Accepted,64,1024,518,
s699474554,p02791,u716270596,1579464258,Python,Python (3.4.3),py,Accepted,105,24744,189,
s778726929,p02791,u071680334,1579464257,C,C (GCC 5.4.1),c,Accepted,22,896,511,
s287535136,p02791,u857346974,1579464257,Python,Python (3.4.3),py,Time Limit Exceeded,2104,24744,227,
s801794300,p02791,u486065927,1579464257,Python,Python (3.4.3),py,Accepted,115,24744,178,
s948429041,p02791,u766212984,1579464257,C++,C++14 (GCC 5.4.1),cpp,Accepted,60,1024,1830,
s004117803,p02791,u504158101,1579464257,OCaml,OCaml (4.02.3),ml,Accepted,60,8576,344,
s479696398,p02791,u470560351,1579464256,Python,Python (3.4.3),py,Time Limit Exceeded,2104,24436,191,
s103803829,p02791,u731726888,1579464256,C++,C++14 (GCC 5.4.1),cpp,Accepted,76,256,427,
s012604274,p02791,u644516473,1579464255,Python,PyPy3 (2.4.0),py,Time Limit Exceeded,2107,77392,248,
s878541643,p02791,u544879354,1579464255,C++,C++14 (GCC 5.4.1),cpp,Time Limit Exceeded,2103,1024,335,
s048336499,p02791,u936378263,1579464255,Python,Python (3.4.3),py,Accepted,111,24744,160,
s275102897,p02791,u037182465,1579464254,C++,C++14 (GCC 5.4.1),cpp,Accepted,18,256,2786,
s640864314,p02791,u639484864,1579464254,C++,C++14 (GCC 5.4.1),cpp,Accepted,27,1792,2487,
s212412971,p02791,u487433273,1579464254,Java,Java8 (OpenJDK 1.8.0),java,Time Limit Exceeded,2109,65808,482,
s565229508,p02791,u783428243,1579464254,C++,C++14 (GCC 5.4.1),cpp,Accepted,21,1792,733,
s444073206,p02791,u409962311,1579464254,Java,Java8 (OpenJDK 1.8.0),java,Time Limit Exceeded,2109,62932,2405,
s736028257,p02791,u624678037,1579464254,C++,C++14 (GCC 5.4.1),cpp,Runtime Error,192,1652,915,
s024528517,p02791,u561143568,1579464253,C++,C++14 (GCC 5.4.1),cpp,Accepted,60,1024,444,
s601108399,p02791,u412039195,1579464253,C++,C++14 (GCC 5.4.1),cpp,Time Limit Exceeded,2103,1024,572,
s181886741,p02791,u417563928,1579464253,C++,C++14 (GCC 5.4.1),cpp,Time Limit Exceeded,2103,1024,358,
s222115896,p02791,u459247738,1579464253,C++,C++14 (GCC 5.4.1),cpp,Accepted,62,1792,465,
s815590073,p02791,u019183101,1579464253,Java,Java8 (OpenJDK 1.8.0),java,Accepted,473,56892,635,
s597370743,p02791,u815140247,1579464252,C++,C++14 (GCC 5.4.1),cpp,Accepted,99,10368,437,
s120058751,p02791,u188244611,1579464251,Python,Python (3.4.3),py,Time Limit Exceeded,2104,25768,180,
s709877627,p02791,u564182781,1579464251,C++,C++14 (GCC 5.4.1),cpp,Accepted,60,1792,1166,
s559738871,p02791,u554988565,1579464251,C++,C++14 (GCC 5.4.1),cpp,Accepted,65,256,1930,
s120393096,p02791,u465233477,1579464251,C++,C++14 (GCC 5.4.1),cpp,Accepted,79,1792,812,
s994430389,p02791,u152335469,1579464250,C++,C++14 (GCC 5.4.1),cpp,Accepted,76,256,400,
s359699719,p02791,u840742045,1579464250,C++,C++14 (GCC 5.4.1),cpp,Accepted,59,1792,746,
s923765087,p02791,u114412102,1579464250,F#,F# (Mono 4.0),fs,Accepted,128,34136,17825,
s679347306,p02791,u471828790,1579464250,Python,Python (3.4.3),py,Time Limit Exceeded,2104,25768,240,
s273194184,p02791,u142082997,1579464249,C++,C++14 (GCC 5.4.1),cpp,Accepted,60,1024,376,
s632616610,p02791,u491343140,1579464249,C,C (GCC 5.4.1),c,Accepted,23,1664,1180,
s772171178,p02791,u984276646,1579464248,Python,Python (3.4.3),py,Runtime Error,114,24744,157,
s535530383,p02791,u460185449,1579464248,Python,PyPy3 (2.4.0),py,Wrong Answer,263,75472,121,
s056364556,p02791,u387136983,1579464248,C++,C++14 (GCC 5.4.1),cpp,Time Limit Exceeded,2103,1024,410,
s023374364,p02791,u267300160,1579464248,Python,Python (3.4.3),py,Time Limit Exceeded,2104,24744,184,
s195089550,p02791,u470936782,1579464248,Python,Python (3.4.3),py,Accepted,311,33968,278,
s679882265,p02791,u413184068,1579464246,Ruby,Ruby (2.3.3),rb,Time Limit Exceeded,2108,16260,178,
s774816878,p02791,u292043617,1579464245,C++,C++14 (GCC 5.4.1),cpp,Accepted,19,3328,1618,
s018673760,p02791,u568715100,1579464245,C++,C++14 (GCC 5.4.1),cpp,Accepted,18,1792,2040,
s683947342,p02791,u429319815,1579464244,Python,Python (3.4.3),py,Accepted,119,24744,214,
s677795869,p02791,u645644658,1579464244,C++,C++14 (GCC 5.4.1),cpp,Time Limit Exceeded,2103,1792,797,
s151385846,p02791,u729535891,1579464244,Python,Python (3.4.3),py,Accepted,90,24744,163,
s615893484,p02791,u938051273,1579464243,Python,Python (3.4.3),py,Wrong Answer,109,24744,140,
s764218893,p02791,u572665222,1579464243,C++,C++14 (GCC 5.4.1),cpp,Accepted,60,1792,586,
s790110466,p02791,u985154183,1579464243,C++,C++14 (GCC 5.4.1),cpp,Accepted,60,1792,596,
s117095832,p02791,u153607901,1579464242,C++,C++14 (GCC 5.4.1),cpp,Time Limit Exceeded,2103,1024,722,
s821159586,p02791,u713319703,1579464242,C++,C++14 (GCC 5.4.1),cpp,Wrong Answer,78,1792,344,
s491593524,p02791,u502028059,1579464242,Python,Python (3.4.3),py,Time Limit Exceeded,2104,24744,149,
s230297322,p02791,u258130654,1579464241,C++,C++14 (GCC 5.4.1),cpp,Accepted,19,256,1444,
s700537471,p02791,u401749293,1579464241,C++,C++14 (GCC 5.4.1),cpp,Accepted,20,256,190,
s514224983,p02791,u627193115,1579464241,C++,C++14 (GCC 5.4.1),cpp,Accepted,24,256,2227,
s408215839,p02791,u714269187,1579464240,C++,C++14 (GCC 5.4.1),cpp,Accepted,18,1792,650,
s507987233,p02791,u673101577,1579464239,Python,Python (3.4.3),py,Accepted,122,24744,233,
s820633783,p02791,u271153916,1579464239,C++,C++14 (Clang 3.8.0),cpp,Accepted,169,256,337,
s892598764,p02791,u423214530,1579464239,C++,C++14 (GCC 5.4.1),cpp,Accepted,78,1024,279,
s112888749,p02791,u097163034,1579464239,C++,C++14 (GCC 5.4.1),cpp,Accepted,66,1792,452,
s373257990,p02791,u269235541,1579464239,Python,Python (3.4.3),py,Accepted,112,24744,167,
s994102048,p02791,u857428111,1579464238,Python,Python (3.4.3),py,Time Limit Exceeded,2105,24744,372,
s193141851,p02791,u795245552,1579464238,Python,Python (3.4.3),py,Time Limit Exceeded,2104,25768,227,
s555080446,p02791,u499009346,1579464238,C++,C++14 (GCC 5.4.1),cpp,Wrong Answer,76,5104,713,
s872023181,p02791,u943687675,1579464238,C++,C++14 (GCC 5.4.1),cpp,Accepted,78,256,368,
s994855035,p02791,u786712982,1579464238,C++,C++14 (GCC 5.4.1),cpp,Accepted,21,1024,342,
s398015086,p02791,u320241053,1579464237,C++,C++14 (GCC 5.4.1),cpp,Accepted,77,256,221,
s565980690,p02791,u595289165,1579464237,Python,Python (3.4.3),py,Accepted,394,34104,206,
s567518283,p02791,u814319489,1579464237,C++,C++14 (GCC 5.4.1),cpp,Wrong Answer,79,1024,350,
s638943902,p02791,u775900747,1579464237,C++,C++14 (GCC 5.4.1),cpp,Accepted,18,256,473,
s297714499,p02791,u825378567,1579464236,Python,Python (3.4.3),py,Accepted,137,26012,179,
s534653309,p02791,u155416173,1579464236,C++,C++14 (GCC 5.4.1),cpp,Accepted,19,1400,1571,
s567267487,p02791,u487433273,1579464236,Java,Java8 (OpenJDK 1.8.0),java,Compile Error,,,479,
s041057349,p02791,u732963817,1579464236,Python,Python (3.4.3),py,Accepted,89,24744,137,
s104111069,p02791,u755310927,1579464235,C++,C++14 (GCC 5.4.1),cpp,Accepted,61,1400,661,
s253763098,p02791,u440217234,1579464235,C++,C++14 (GCC 5.4.1),cpp,Accepted,79,1024,400,
s345790937,p02791,u035414097,1579464235,Go,Go (1.6),go,Accepted,41,4608,867,
s441326266,p02791,u153460526,1579464235,C++,C++14 (GCC 5.4.1),cpp,Accepted,76,256,247,
s940090025,p02791,u699193595,1579464234,C++,C++14 (GCC 5.4.1),cpp,Accepted,19,1024,484,
s573809531,p02791,u489108157,1579464234,C++,C++14 (GCC 5.4.1),cpp,Accepted,67,1792,1189,
s025831606,p02791,u700484101,1579464234,C++,C++14 (GCC 5.4.1),cpp,Accepted,18,1024,1495,
s874123394,p02791,u136342563,1579464233,C++,C++14 (GCC 5.4.1),cpp,Wrong Answer,91,1792,876,
s397508587,p02791,u394630874,1579464233,C++,C++14 (GCC 5.4.1),cpp,Accepted,18,1792,2826,
s905663910,p02791,u060505687,1579464232,C++,C++14 (GCC 5.4.1),cpp,Accepted,19,3328,3532,
s269553211,p02791,u333139319,1579464232,Python,PyPy3 (2.4.0),py,Accepted,251,75856,164,
s299171131,p02791,u285991898,1579464232,C++,C++14 (GCC 5.4.1),cpp,Accepted,18,256,648,
s286425799,p02791,u640123177,1579464232,Python,Python (3.4.3),py,Accepted,112,24744,167,
s786584641,p02791,u583060361,1579464231,C++,C++14 (GCC 5.4.1),cpp,Accepted,60,256,353,
s021803796,p02791,u517974867,1579464231,C,C (GCC 5.4.1),c,Accepted,22,896,330,
s276776157,p02791,u616217092,1579464231,Python,Python (3.4.3),py,Accepted,82,25768,308,
s311841766,p02791,u438662618,1579464231,Python,Python (3.4.3),py,Accepted,112,24744,159,
s170467234,p02791,u280517956,1579464230,C++,C++14 (GCC 5.4.1),cpp,Wrong Answer,35,2168,538,
s353552814,p02791,u098844816,1579464230,C++,C++14 (GCC 5.4.1),cpp,Accepted,60,1024,640,
s467900396,p02791,u464540027,1579464230,C++,C++14 (GCC 5.4.1),cpp,Accepted,61,1024,376,
s575954563,p02791,u975628651,1579464230,C++,C++14 (GCC 5.4.1),cpp,Accepted,60,1792,408,
s793956051,p02791,u699580536,1579464230,C++,C++14 (GCC 5.4.1),cpp,Accepted,18,1792,511,
s504639561,p02791,u839334307,1579464230,C++,C++14 (GCC 5.4.1),cpp,Accepted,18,1792,1804,
s130500617,p02791,u794583613,1579464229,C++,C++14 (GCC 5.4.1),cpp,Compile Error,,,492,
s764358059,p02791,u407213771,1579464229,C++,C++14 (GCC 5.4.1),cpp,Time Limit Exceeded,2103,1792,565,
s032370818,p02791,u913232477,1579464229,C++,C++14 (GCC 5.4.1),cpp,Accepted,24,1024,3121,
s614011944,p02791,u617888512,1579464229,Python,Python (3.4.3),py,Accepted,134,24744,145,
s523595928,p02791,u061984624,1579464228,C++,C++14 (GCC 5.4.1),cpp,Accepted,18,1024,3070,
s950894792,p02791,u439272053,1579464228,C++,C++14 (GCC 5.4.1),cpp,Accepted,17,256,932,
s983422497,p02791,u723451663,1579464228,C++,C++14 (GCC 5.4.1),cpp,Accepted,76,256,1439,
s314949812,p02791,u183383816,1579464227,Python,Python (3.4.3),py,Accepted,115,23952,435,
s578219768,p02791,u773065853,1579464227,Python,Python (3.4.3),py,Accepted,140,16916,162,
s518601499,p02791,u897230004,1579464227,C++,C++14 (GCC 5.4.1),cpp,Accepted,19,1024,910,
s186174820,p02791,u494609869,1579464227,C,C (GCC 5.4.1),c,Time Limit Exceeded,2103,896,335,
s908743925,p02791,u657512990,1579464227,C++,C++14 (GCC 5.4.1),cpp,Accepted,77,1152,702,
s087278683,p02791,u981332890,1579464227,Python,Python (3.4.3),py,Wrong Answer,305,25476,280,
s000126859,p02791,u202550027,1579464226,C++,C++14 (GCC 5.4.1),cpp,Wrong Answer,19,1024,377,
s444790177,p02791,u405256066,1579464226,Python,Python (3.4.3),py,Accepted,211,25768,250,
s051120970,p02791,u865979946,1579464226,C++,C++14 (GCC 5.4.1),cpp,Accepted,78,1024,329,
s871273177,p02791,u910756197,1579464226,Python,Python (3.4.3),py,Accepted,107,24744,161,
s327701281,p02791,u738898077,1579464226,Python,Python (3.4.3),py,Accepted,93,24744,253,
s098766222,p02791,u089177147,1579464224,C++,C++14 (GCC 5.4.1),cpp,Time Limit Exceeded,2103,1152,1253,
s163138987,p02791,u690781906,1579464224,Python,Python (3.4.3),py,Accepted,111,24744,161,
s770962147,p02791,u457448610,1579464223,C++,C++14 (GCC 5.4.1),cpp,Time Limit Exceeded,2103,1792,1266,
s468272790,p02791,u076506345,1579464223,C++,C++14 (GCC 5.4.1),cpp,Accepted,20,3456,529,
s217974530,p02791,u704687987,1579464223,C++,C++14 (GCC 5.4.1),cpp,Accepted,19,1024,427,
s943178179,p02791,u169580012,1579464223,C++,C++14 (GCC 5.4.1),cpp,Accepted,60,1024,927,
s444252073,p02791,u685346012,1579464223,C++,C++14 (GCC 5.4.1),cpp,Wrong Answer,60,1024,1911,
s541254287,p02791,u428132025,1579464223,Python,Python (3.4.3),py,Accepted,117,24744,169,
s084392074,p02791,u017829818,1579464222,C++,C++14 (GCC 5.4.1),cpp,Time Limit Exceeded,2103,1792,461,
s356547353,p02791,u078181689,1579464222,Python,Python (3.4.3),py,Accepted,164,24744,190,
s542377505,p02791,u483277935,1579464222,C++,C++14 (GCC 5.4.1),cpp,Accepted,20,256,795,
s012509563,p02791,u451256159,1579464221,C++,C++14 (GCC 5.4.1),cpp,Accepted,61,1024,261,
s478839243,p02791,u537243148,1579464221,C#,C# (Mono 4.6.2.0),cs,Accepted,105,35036,2614,
s467523860,p02791,u752146446,1579464220,Java,Java8 (OpenJDK 1.8.0),java,Accepted,564,59836,7938,
s799291604,p02791,u156918752,1579464220,C++,C++14 (GCC 5.4.1),cpp,Wrong Answer,60,256,311,
s672069056,p02791,u474925961,1579464219,Python,Python (3.4.3),py,Accepted,152,24744,207,
s826064601,p02791,u154645927,1579464219,C++,C++14 (GCC 5.4.1),cpp,Time Limit Exceeded,2103,1792,2267,
s336620025,p02791,u886832246,1579464219,Python,PyPy3 (2.4.0),py,Time Limit Exceeded,2108,77392,200,
s385635402,p02791,u145950990,1579464219,Ruby,Ruby (2.3.3),rb,Accepted,118,16516,160,
s020215685,p02791,u977925575,1579464219,C++,C++14 (GCC 5.4.1),cpp,Accepted,60,1024,550,
s957656865,p02791,u109994529,1579464218,C++,C++14 (GCC 5.4.1),cpp,Accepted,66,1024,374,
s046617245,p02791,u204842730,1579464218,Python,PyPy3 (2.4.0),py,Accepted,256,76496,153,
s896561592,p02791,u696703226,1579464218,Python,PyPy3 (2.4.0),py,Accepted,248,75856,200,
s571167745,p02791,u386089355,1579464218,Python,Python (3.4.3),py,Accepted,164,24744,173,
s152563299,p02791,u527420996,1579464218,C++,C++14 (GCC 5.4.1),cpp,Wrong Answer,79,6384,3763,
s167164921,p02791,u205416271,1579464218,C++,C++14 (GCC 5.4.1),cpp,Accepted,77,256,323,
s470501879,p02791,u276588887,1579464218,C++,C++14 (GCC 5.4.1),cpp,Accepted,60,1024,1837,
s550120262,p02791,u863957421,1579464218,C++,C++14 (GCC 5.4.1),cpp,Time Limit Exceeded,2103,1152,395,
s828552527,p02791,u123756661,1579464217,Python,PyPy3 (2.4.0),py,Wrong Answer,321,89168,511,
s737829528,p02791,u442485163,1579464217,C++,C++14 (GCC 5.4.1),cpp,Accepted,76,256,307,
s514771764,p02791,u429918430,1579464217,Java,Java8 (OpenJDK 1.8.0),java,Wrong Answer,605,84948,1249,
s593447829,p02791,u035009844,1579464217,C++,C++14 (GCC 5.4.1),cpp,Accepted,77,1024,633,
s432743956,p02791,u288042356,1579464217,Java,Java8 (OpenJDK 1.8.0),java,Accepted,122,26924,2698,
s221543281,p02791,u301984327,1579464217,Python,Python (3.4.3),py,Accepted,89,24744,166,
s116727509,p02791,u825369110,1579464217,C++,C++14 (GCC 5.4.1),cpp,Accepted,18,1024,1228,
s919094108,p02791,u020962106,1579464217,Python,Python (3.4.3),py,Wrong Answer,112,24744,143,
s074476220,p02791,u222643545,1579464217,C++,C++14 (GCC 5.4.1),cpp,Accepted,77,1024,405,
s022674667,p02791,u348805958,1579464217,Python,Python (3.4.3),py,Accepted,76,24744,282,
s930211372,p02791,u360515075,1579464216,Python,Python (3.4.3),py,Accepted,146,24744,147,
s113694458,p02791,u598073939,1579464216,Fortran,Fortran (gfortran v4.8.4),f,Accepted,52,1536,329,
s552324026,p02791,u603356062,1579464214,C++,C++14 (GCC 5.4.1),cpp,Accepted,62,1024,670,
s966114039,p02791,u556610039,1579464214,C#,C# (Mono 4.6.2.0),cs,Accepted,105,34012,730,
s466880912,p02791,u395987935,1579464214,Java,Java8 (OpenJDK 1.8.0),java,Accepted,567,81180,779,
s896015302,p02791,u616117610,1579464214,Python,Python (3.4.3),py,Accepted,112,24744,163,
s187082635,p02791,u502813058,1579464213,Go,Go (1.6),go,Wrong Answer,42,3712,654,
s720893951,p02791,u941563849,1579464213,C++,C++14 (GCC 5.4.1),cpp,Accepted,66,1024,373,
s020677996,p02791,u877184069,1579464213,Python,PyPy3 (2.4.0),py,Time Limit Exceeded,2110,136968,140,
s913390125,p02791,u102380284,1579464213,C++,C++14 (GCC 5.4.1),cpp,Accepted,22,2560,812,
s339051423,p02791,u058317639,1579464212,C++,C++14 (GCC 5.4.1),cpp,Accepted,62,8448,8347,
s120431157,p02791,u717001163,1579464212,C#,C# (Mono 4.6.2.0),cs,Accepted,116,31964,691,
s476755003,p02791,u960171798,1579464212,Python,Python (3.4.3),py,Runtime Error,17,2940,183,
s624668669,p02791,u701199820,1579464211,Python,PyPy3 (2.4.0),py,Accepted,287,76752,205,
s412895885,p02791,u532086793,1579464211,C++,C++14 (GCC 5.4.1),cpp,Wrong Answer,77,256,413,
s095755178,p02791,u143929364,1579464211,C++,C++14 (GCC 5.4.1),cpp,Accepted,18,256,407,
s044496483,p02791,u261260430,1579464211,Python,Python (3.4.3),py,Time Limit Exceeded,2104,24744,132,
s630006632,p02791,u494610174,1579464210,Python,Python (3.4.3),py,Accepted,107,17940,176,
s608250810,p02791,u504142483,1579464210,C++,C++14 (GCC 5.4.1),cpp,Wrong Answer,29,1792,2302,
s161162191,p02791,u971237642,1579464210,Python,Python (3.4.3),py,Time Limit Exceeded,2104,24744,251,
s709952548,p02791,u551583105,1579464210,C++,C++14 (GCC 5.4.1),cpp,Accepted,79,256,296,
s521868959,p02791,u951480280,1579464210,Python,Python (3.4.3),py,Accepted,113,24744,144,
s020540507,p02791,u946009151,1579464210,C++,C++14 (GCC 5.4.1),cpp,Accepted,68,1792,979,
s202919108,p02791,u098012509,1579464209,Python,Python (3.4.3),py,Accepted,128,25748,311,
s174677841,p02791,u069033429,1579464209,C++,C++14 (GCC 5.4.1),cpp,Accepted,63,1400,522,
s645679577,p02791,u840988663,1579464208,Python,Python (3.4.3),py,Accepted,103,24744,163,
s645871481,p02791,u172111219,1579464208,Python,PyPy3 (2.4.0),py,Time Limit Exceeded,2111,137444,281,
s255262876,p02791,u468206018,1579464207,Python,Python (3.4.3),py,Wrong Answer,122,24744,153,
s135063706,p02791,u785492958,1579464207,C++,C++ (GCC 5.4.1),cpp,Time Limit Exceeded,2103,1024,414,
s838612172,p02791,u985963315,1579464207,Python,Python (3.4.3),py,Accepted,110,24744,139,
s793583936,p02791,u784022244,1579464207,Python,PyPy3 (2.4.0),py,Time Limit Exceeded,2110,136820,128,
s956560882,p02791,u231541008,1579464207,C++,C++14 (GCC 5.4.1),cpp,Accepted,63,1792,552,
s233873535,p02791,u637273260,1579464207,C++,C++14 (GCC 5.4.1),cpp,Accepted,76,256,253,
s152202496,p02791,u599568485,1579464206,C++,C++14 (GCC 5.4.1),cpp,Runtime Error,100,256,405,
s165895853,p02791,u589698880,1579464206,C++,C++14 (GCC 5.4.1),cpp,Accepted,78,256,323,
s577892530,p02791,u540877546,1579464206,C++,C++14 (GCC 5.4.1),cpp,Accepted,79,256,557,
s833487175,p02791,u180946550,1579464206,C++,C++14 (GCC 5.4.1),cpp,Accepted,19,1400,446,
s929417085,p02791,u897799922,1579464206,C,C (GCC 5.4.1),c,Time Limit Exceeded,2103,896,435,
s298542709,p02791,u827543227,1579464206,C++,C++14 (GCC 5.4.1),cpp,Accepted,20,3328,843,
s867809381,p02791,u416773418,1579464206,C++,C++ (GCC 5.4.1),cpp,Accepted,20,896,345,
s604033993,p02791,u140480594,1579464206,Python,Python (3.4.3),py,Wrong Answer,93,24872,133,
s198182438,p02791,u778692431,1579464205,Ruby,Ruby (2.3.3),rb,Accepted,185,22020,235,
s870523437,p02791,u374765295,1579464205,Ruby,Ruby (2.3.3),rb,Accepted,99,15228,146,
s228735383,p02791,u588482340,1579464205,Python,Python (3.4.3),py,Accepted,160,25768,162,
s102381047,p02791,u363703956,1579464205,C++,C++14 (GCC 5.4.1),cpp,Accepted,62,1024,320,
s004156436,p02791,u006785216,1579464205,C++,C++14 (GCC 5.4.1),cpp,Accepted,61,1024,334,
s642802279,p02791,u141723848,1579464204,C++,C++14 (GCC 5.4.1),cpp,Accepted,138,9600,689,
s059845222,p02791,u917518913,1579464204,C++,C++14 (GCC 5.4.1),cpp,Time Limit Exceeded,2103,1024,349,
s950438688,p02791,u601256119,1579464203,C++,C++14 (GCC 5.4.1),cpp,Accepted,77,1024,218,
s202826915,p02791,u720321944,1579464203,C++,C++14 (GCC 5.4.1),cpp,Accepted,61,1152,310,
s615673725,p02791,u912862653,1579464203,C++,C++14 (GCC 5.4.1),cpp,Accepted,77,1024,926,
s033106348,p02791,u796999111,1579464203,C++,C++14 (GCC 5.4.1),cpp,Accepted,76,256,521,
s426099618,p02791,u784072785,1579464203,C++,C++14 (GCC 5.4.1),cpp,Accepted,63,1792,976,
s998801601,p02791,u197694618,1579464203,C++,C++14 (GCC 5.4.1),cpp,Accepted,28,1792,436,
s568431700,p02791,u513844316,1579464202,Python,Python (3.4.3),py,Accepted,107,24744,146,
s458961240,p02791,u580697892,1579464202,Python,Python (3.4.3),py,Accepted,166,25788,204,
s387280815,p02791,u449175559,1579464202,C++,C++14 (GCC 5.4.1),cpp,Accepted,78,256,801,
s063518351,p02791,u863279562,1579464202,C++,C++14 (GCC 5.4.1),cpp,Accepted,61,3328,853,
s649364425,p02791,u793715260,1579464201,C++,C++14 (GCC 5.4.1),cpp,Accepted,18,256,553,
s971208939,p02791,u639426108,1579464201,C++,C++14 (GCC 5.4.1),cpp,Accepted,60,1024,377,
s035774728,p02791,u410434188,1579464201,C++,C++14 (GCC 5.4.1),cpp,Accepted,78,256,317,
s649155262,p02791,u599114793,1579464200,Python,Python (3.4.3),py,Accepted,111,24744,174,
s170669736,p02791,u049420296,1579464200,C++,C++14 (GCC 5.4.1),cpp,Accepted,115,11264,1399,
s819115769,p02791,u330690418,1579464200,Python,Python (3.4.3),py,Accepted,90,17940,152,
s240922866,p02791,u449722246,1579464199,C++,C++14 (GCC 5.4.1),cpp,Accepted,60,1024,291,
s734580991,p02791,u181215519,1579464199,Python,Python (3.4.3),py,Accepted,121,24744,169,
s244016367,p02791,u347579224,1579464199,C++,C++14 (GCC 5.4.1),cpp,Time Limit Exceeded,2103,1792,771,
s723284901,p02791,u504256702,1579464198,Python,Python (3.4.3),py,Accepted,98,24744,136,
s035447211,p02791,u854690176,1579464197,C++,C++14 (GCC 5.4.1),cpp,Time Limit Exceeded,2103,1024,498,
s375983007,p02791,u409962311,1579464197,Java,Java8 (OpenJDK 1.8.0),java,Time Limit Exceeded,2109,52980,2388,
s928273444,p02791,u091870478,1579464196,C,C (GCC 5.4.1),c,Wrong Answer,22,896,300,
s818529061,p02791,u525027406,1579464196,C++,C++14 (GCC 5.4.1),cpp,Accepted,20,1792,2390,
s983085107,p02791,u336564899,1579464196,Python,PyPy3 (2.4.0),py,Accepted,242,75688,159,
s859316398,p02791,u174028570,1579464196,C++,C++14 (GCC 5.4.1),cpp,Accepted,27,128,271,
s935555990,p02791,u666476759,1579464195,Python,Python (3.4.3),py,Accepted,110,24744,183,
s818874547,p02791,u304903669,1579464195,C++,C++14 (GCC 5.4.1),cpp,Accepted,78,1024,385,
s473080991,p02791,u131340563,1579464194,C++,C++14 (GCC 5.4.1),cpp,Accepted,23,3456,918,
s222186558,p02791,u704651206,1579464193,Java,Java8 (OpenJDK 1.8.0),java,Time Limit Exceeded,2109,64472,502,
s903484720,p02791,u579428033,1579464193,C++,C++14 (GCC 5.4.1),cpp,Accepted,63,2420,551,
s646943617,p02791,u328568401,1579464192,C++,C++14 (GCC 5.4.1),cpp,Accepted,78,256,200,
s919930562,p02791,u010685577,1579464192,C++,C++14 (Clang 3.8.0),cpp,Accepted,167,1400,1224,
s090309628,p02791,u145179061,1579464192,C++,C++14 (GCC 5.4.1),cpp,Wrong Answer,18,1792,731,
s770815265,p02791,u125051909,1579464191,C++,C++14 (GCC 5.4.1),cpp,Accepted,60,1792,471,
s366676188,p02791,u581489014,1579464191,C++,C++14 (GCC 5.4.1),cpp,Accepted,78,1400,427,
s731491158,p02791,u212786022,1579464191,Python,Python (3.4.3),py,Accepted,130,24744,154,
s104264820,p02791,u487433273,1579464191,Java,Java8 (OpenJDK 1.8.0),java,Runtime Error,103,23636,482,
s164853939,p02791,u217911284,1579464190,C++,C++14 (GCC 5.4.1),cpp,Accepted,18,256,391,
s550456221,p02791,u924691798,1579464189,Go,Go (1.6),go,Accepted,41,3584,1909,
s980146648,p02791,u594500203,1579464189,C,C (GCC 5.4.1),c,Accepted,22,896,337,
s403512946,p02791,u459150945,1579464189,Python,Python (3.4.3),py,Accepted,147,24744,168,
s422768518,p02791,u325279090,1579464189,C,C (GCC 5.4.1),c,Compile Error,,,278,
s729747353,p02791,u512646937,1579464189,C++,C++14 (GCC 5.4.1),cpp,Accepted,20,1024,2105,
s819254899,p02791,u952557476,1579464188,C++,C++14 (GCC 5.4.1),cpp,Accepted,77,1024,266,
s865062792,p02791,u314920173,1579464188,C++,C++14 (Clang 3.8.0),cpp,Wrong Answer,22,1024,731,
s866702736,p02791,u390193191,1579464188,Python,Python (3.4.3),py,Accepted,105,24744,164,
s330176835,p02791,u883521673,1579464188,C++,C++14 (GCC 5.4.1),cpp,Accepted,18,1792,761,
s097927110,p02791,u208844959,1579464188,C++,C++14 (GCC 5.4.1),cpp,Wrong Answer,60,1024,557,
s872178176,p02791,u729294108,1579464188,Python,Python (3.4.3),py,Wrong Answer,221,24744,294,
s823559893,p02791,u853010060,1579464187,Python,Python (3.4.3),py,Wrong Answer,141,25768,201,
s228386793,p02791,u367713721,1579464187,C++,C++14 (GCC 5.4.1),cpp,Wrong Answer,18,1024,698,
s349428648,p02791,u577138895,1579464187,Python,PyPy3 (2.4.0),py,Accepted,261,85456,244,
s558417644,p02791,u091552241,1579464187,C++,C++14 (GCC 5.4.1),cpp,Accepted,66,1024,303,
s665967907,p02791,u202550027,1579464186,C++,C++14 (GCC 5.4.1),cpp,Wrong Answer,19,1024,375,
s918351119,p02791,u215315599,1579464186,Python,Python (3.4.3),py,Accepted,189,24744,184,
s173215241,p02791,u152509702,1579464186,Python,PyPy3 (2.4.0),py,Time Limit Exceeded,2111,136988,145,
s832860556,p02791,u735038435,1579464186,C#,C# (Mono 4.6.2.0),cs,Accepted,95,33116,2405,
s423419483,p02791,u617079881,1579464186,C++,C++14 (GCC 5.4.1),cpp,Accepted,26,1024,820,
s194092135,p02791,u423002653,1579464185,C++,C++14 (GCC 5.4.1),cpp,Accepted,98,9600,1074,
s322557914,p02791,u637679340,1579464185,C++,C++14 (GCC 5.4.1),cpp,Accepted,76,256,341,
s473599332,p02791,u221866318,1579464185,C++,C++14 (GCC 5.4.1),cpp,Accepted,60,256,734,
s716983007,p02791,u320511454,1579464185,Python,Python (3.4.3),py,Time Limit Exceeded,2104,24744,170,
s728664261,p02791,u263296486,1579464185,C++,C++14 (GCC 5.4.1),cpp,Accepted,77,256,3017,
s477836037,p02791,u617515020,1579464184,Python,Python (3.4.3),py,Accepted,105,24744,148,
s688504934,p02791,u781876525,1579464183,C++,C++14 (GCC 5.4.1),cpp,Wrong Answer,1,256,876,
s834704464,p02791,u406337986,1579464182,C++,C++14 (GCC 5.4.1),cpp,Accepted,63,1152,296,
s011633204,p02791,u341846697,1579464182,C++,C++14 (GCC 5.4.1),cpp,Time Limit Exceeded,2103,1024,477,
s008933763,p02791,u525363585,1579464182,C++,C++14 (GCC 5.4.1),cpp,Wrong Answer,19,1024,438,
s679148946,p02791,u890183245,1579464181,Python,Python (3.4.3),py,Time Limit Exceeded,2104,24744,173,
s045793749,p02791,u167988719,1579464180,C++,C++14 (GCC 5.4.1),cpp,Accepted,19,1024,1472,
s511997868,p02791,u183971632,1579464180,C++,C++14 (GCC 5.4.1),cpp,Accepted,59,1024,758,
s573441491,p02791,u693933222,1579464180,Python,Python (3.4.3),py,Wrong Answer,2104,24744,183,
s109700960,p02791,u425858059,1579464180,C++,C++14 (GCC 5.4.1),cpp,Accepted,77,1024,288,
s571295827,p02791,u978535698,1579464179,C++,C++14 (GCC 5.4.1),cpp,Accepted,78,384,354,
s719294736,p02791,u286696556,1579464179,C++,C++14 (GCC 5.4.1),cpp,Accepted,18,1792,399,
s671998541,p02791,u629314247,1579464178,C++,C++14 (GCC 5.4.1),cpp,Accepted,66,1024,547,
s301493440,p02791,u089376182,1579464178,Python,Python (3.4.3),py,Accepted,104,24744,180,
s821749810,p02791,u644516473,1579464178,Python,Python (3.4.3),py,Time Limit Exceeded,2104,24744,247,
s492845374,p02791,u671861352,1579464178,C++,C++14 (GCC 5.4.1),cpp,Accepted,78,1024,418,
s541247130,p02791,u794583613,1579464178,C++,C++14 (GCC 5.4.1),cpp,Runtime Error,198,128,508,
s241035399,p02791,u158995862,1579464178,C++,C++14 (GCC 5.4.1),cpp,Accepted,63,1792,494,
s863493348,p02791,u703130195,1579464177,Python,PyPy3 (2.4.0),py,Accepted,248,70736,196,
s191515991,p02791,u550486416,1579464177,C++,C++14 (GCC 5.4.1),cpp,Accepted,18,1792,1157,
s067557473,p02791,u711245972,1579464176,Python,Python (3.4.3),py,Accepted,93,24744,158,
s682713248,p02791,u868089307,1579464176,Ruby,Ruby (2.3.3),rb,Accepted,98,16508,130,
s523544020,p02791,u482982507,1579464175,C++,C++14 (GCC 5.4.1),cpp,Accepted,64,1024,286,
s963294768,p02791,u450904670,1579464175,Python,Python (3.4.3),py,Wrong Answer,381,34116,153,
s592976490,p02791,u960706641,1579464175,Ruby,Ruby (2.3.3),rb,Accepted,108,15236,155,
s761590032,p02791,u057996804,1579464175,Python,Python (3.4.3),py,Time Limit Exceeded,2104,24744,169,
s118851578,p02791,u258907785,1579464175,C++,C++14 (GCC 5.4.1),cpp,Time Limit Exceeded,2103,1024,439,
s762193673,p02791,u057617112,1579464174,C++,C++14 (GCC 5.4.1),cpp,Accepted,78,1024,331,
s040794922,p02791,u726523100,1579464174,Ruby,Ruby (2.3.3),rb,Accepted,114,15364,157,
s922459338,p02791,u567406270,1579464174,C++,C++14 (GCC 5.4.1),cpp,Wrong Answer,77,1024,950,
s944053544,p02791,u109266345,1579464173,Python,Python (3.4.3),py,Wrong Answer,110,24744,134,
s340969384,p02791,u377370946,1579464173,Python,Python (3.4.3),py,Accepted,95,24744,139,
s510111450,p02791,u171217191,1579464173,C++,C++14 (GCC 5.4.1),cpp,Wrong Answer,19,1024,717,
s674585541,p02791,u185966380,1579464173,Python,Python (3.4.3),py,Accepted,91,24744,152,
s308525718,p02791,u038136206,1579464172,Python,Python (3.4.3),py,Accepted,115,24744,158,
s813355685,p02791,u933812390,1579464172,Java,Java8 (OpenJDK 1.8.0),java,Accepted,595,85364,1355,
s108845874,p02791,u105724458,1579464171,C++,C++14 (GCC 5.4.1),cpp,Accepted,21,1024,364,
s481288776,p02791,u199184624,1579464171,C++,C++14 (GCC 5.4.1),cpp,Accepted,63,1024,310,
s916056430,p02791,u642874916,1579464170,Python,PyPy3 (2.4.0),py,Wrong Answer,262,71372,1423,
s110370231,p02791,u809975392,1579464169,C++,C++14 (GCC 5.4.1),cpp,Accepted,76,256,254,
s928443370,p02791,u156918752,1579464169,C++,C++14 (GCC 5.4.1),cpp,Wrong Answer,59,384,310,
s814429732,p02791,u183284051,1579464169,Python,PyPy3 (2.4.0),py,Time Limit Exceeded,2111,85584,210,
s461465532,p02791,u344586014,1579464169,C++,C++14 (GCC 5.4.1),cpp,Time Limit Exceeded,2103,1024,631,
s962749684,p02791,u297767059,1579464168,Python,Python (3.4.3),py,Accepted,81,24744,368,
s863014265,p02791,u085288971,1579464168,Kotlin,Kotlin (1.0.0),kt,Accepted,691,83116,325,
s317018165,p02791,u342111042,1579464168,C++,C++14 (GCC 5.4.1),cpp,Accepted,62,1024,570,
s514548841,p02791,u663093503,1579464168,Python,Python (3.4.3),py,Accepted,331,34840,160,
s421288248,p02791,u926025622,1579464167,C++,C++14 (GCC 5.4.1),cpp,Accepted,66,1024,780,
s510161418,p02791,u728724337,1579464167,C++,C++14 (GCC 5.4.1),cpp,Wrong Answer,79,1024,639,
s509624327,p02791,u030992242,1579464165,C++,C++14 (GCC 5.4.1),cpp,Accepted,59,1792,586,
s469074042,p02791,u657099893,1579464165,C++,C++14 (GCC 5.4.1),cpp,Accepted,26,1792,617,
s617788676,p02791,u973991908,1579464165,C++,C++14 (GCC 5.4.1),cpp,Wrong Answer,30,1792,873,
s736680005,p02791,u384151312,1579464165,C++,C++14 (GCC 5.4.1),cpp,Accepted,19,1024,787,
s858049784,p02791,u892395063,1579464165,Java,Java8 (OpenJDK 1.8.0),java,Accepted,487,63428,649,
s021884276,p02791,u142996493,1579464165,C++,C++14 (GCC 5.4.1),cpp,Accepted,60,2560,1520,
s147733313,p02791,u330661451,1579464165,C++,C++14 (GCC 5.4.1),cpp,Accepted,18,1024,755,
s497329715,p02791,u841131859,1579464163,C++,C++14 (GCC 5.4.1),cpp,Accepted,77,1024,702,
s001087111,p02791,u914590612,1579464163,Kotlin,Kotlin (1.0.0),kt,Accepted,587,72940,234,
s770419349,p02791,u190406011,1579464163,Python,PyPy3 (2.4.0),py,Wrong Answer,331,79184,318,
s117787874,p02791,u857484987,1579464161,C,C (GCC 5.4.1),c,Accepted,22,128,502,
s100726672,p02791,u742306624,1579464161,C++,C++14 (GCC 5.4.1),cpp,Wrong Answer,2103,1024,2139,
s802640561,p02791,u832095504,1579464161,C++,C++14 (GCC 5.4.1),cpp,Accepted,62,3564,940,
s204449046,p02791,u138253748,1579464160,Rust,Rust (1.15.1),rs,Accepted,11,8948,3163,
s542652041,p02791,u288802485,1579464160,Python,PyPy3 (2.4.0),py,Accepted,238,70608,941,
s948288148,p02791,u511965386,1579464160,Python,PyPy3 (2.4.0),py,Accepted,266,76112,197,
s844998729,p02791,u967138082,1579464159,C#,C# (Mono 4.6.2.0),cs,Accepted,121,35548,6326,
s609605197,p02791,u803617136,1579464159,Python,PyPy3 (2.4.0),py,Accepted,269,76624,167,
s788759173,p02791,u731368968,1579464159,Python,Python (3.4.3),py,Accepted,148,24744,157,
s803687245,p02791,u145078501,1579464158,C++,C++14 (GCC 5.4.1),cpp,Accepted,76,256,507,
s535363483,p02791,u918568695,1579464157,C++,C++14 (GCC 5.4.1),cpp,Accepted,4,384,6832,
s729256315,p02791,u133884710,1579464157,C++,C++14 (GCC 5.4.1),cpp,Accepted,76,256,271,
s429206883,p02791,u487433273,1579464157,Java,Java8 (OpenJDK 1.8.0),java,Compile Error,,,479,
s210829756,p02791,u002459665,1579464157,Python,Python (3.4.3),py,Accepted,186,24744,249,
s636800479,p02791,u752239495,1579464156,C++,C++14 (GCC 5.4.1),cpp,Accepted,18,256,567,
s534490105,p02791,u642435852,1579464156,C++,C++14 (GCC 5.4.1),cpp,Accepted,22,1792,343,
s649437468,p02791,u363355696,1579464156,C++,C++14 (GCC 5.4.1),cpp,Accepted,67,1920,8653,
s986433844,p02791,u426657245,1579464155,C++,C++14 (GCC 5.4.1),cpp,Accepted,77,1024,341,
s033985897,p02791,u886832246,1579464155,Python,Python (3.4.3),py,Time Limit Exceeded,2104,24744,200,
s252424700,p02791,u019986937,1579464155,Ruby,Ruby (2.3.3),rb,Accepted,102,15236,196,
s370300254,p02791,u775730524,1579464154,Java,Java8 (OpenJDK 1.8.0),java,Accepted,579,64944,343,
s746974256,p02791,u268554510,1579464154,Python,Python (3.4.3),py,Accepted,304,34156,181,
s585387929,p02791,u871379092,1579464154,C++,C++14 (GCC 5.4.1),cpp,Accepted,76,256,269,
s539714025,p02791,u058748522,1579464154,C++,C++14 (GCC 5.4.1),cpp,Accepted,60,1024,701,
s437685559,p02791,u746914045,1579464154,Java,Java8 (OpenJDK 1.8.0),java,Accepted,107,24276,4575,
s743368816,p02791,u885630173,1579464154,Python,Python (3.4.3),py,Accepted,92,24744,170,
s642065847,p02791,u049126433,1579464153,C++,C++14 (GCC 5.4.1),cpp,Wrong Answer,62,1792,298,
s168101513,p02791,u638456847,1579464153,Python,Python (3.4.3),py,Accepted,91,26012,256,
s660054373,p02791,u521973174,1579464153,C++,C++14 (GCC 5.4.1),cpp,Accepted,62,1024,370,
s098718909,p02791,u575074893,1579464153,Rust,Rust (1.15.1),rs,Accepted,27,12540,26832,
s308745613,p02791,u683063840,1579464153,C++,C++14 (GCC 5.4.1),cpp,Time Limit Exceeded,2103,1024,487,
s046829075,p02791,u419383010,1579464152,C++,C++14 (GCC 5.4.1),cpp,Accepted,62,1024,557,
s574210561,p02791,u060432908,1579464152,Python,Python (3.4.3),py,Accepted,112,24744,144,
s133683775,p02791,u270793064,1579464151,C++,C++14 (GCC 5.4.1),cpp,Accepted,59,256,362,
s370110820,p02791,u902787159,1579464151,C++,C++14 (GCC 5.4.1),cpp,Accepted,63,1024,270,
s655612396,p02791,u894339989,1579464150,C++,C++14 (GCC 5.4.1),cpp,Accepted,19,3456,485,
s515935071,p02791,u377989038,1579464150,Python,Python (3.4.3),py,Accepted,130,24744,151,
s189381634,p02791,u148959786,1579464149,C++,C++14 (GCC 5.4.1),cpp,Accepted,60,1792,387,
s473222088,p02791,u445922306,1579464149,C++,C++14 (GCC 5.4.1),cpp,Accepted,77,1024,484,
s763286558,p02791,u251410638,1579464149,C++,C++14 (GCC 5.4.1),cpp,Accepted,63,1024,292,
s049523099,p02791,u218036413,1579464149,C++,C++14 (GCC 5.4.1),cpp,Accepted,60,1024,459,
s731131207,p02791,u069766151,1579464148,Kotlin,Kotlin (1.0.0),kt,Accepted,662,82700,285,
s780386123,p02791,u424241608,1579464148,Java,Java8 (OpenJDK 1.8.0),java,Accepted,269,54884,1128,
s805467797,p02791,u097408484,1579464148,C++,C++14 (GCC 5.4.1),cpp,Accepted,78,1024,528,
s087850777,p02791,u716191775,1579464147,C++,C++14 (GCC 5.4.1),cpp,Time Limit Exceeded,2103,1792,301,
s592877153,p02791,u768031280,1579464147,Java,Java8 (OpenJDK 1.8.0),java,Accepted,118,22604,3867,
s748117551,p02791,u079427319,1579464147,Python,Python (3.4.3),py,Time Limit Exceeded,2104,24744,162,
s429443038,p02791,u960319975,1579464147,Ruby,Ruby (2.3.3),rb,Accepted,98,15228,117,
s899022526,p02791,u859865719,1579464147,C++,C++14 (GCC 5.4.1),cpp,Accepted,21,1024,568,
s953127982,p02791,u488878376,1579464147,C++,C++14 (GCC 5.4.1),cpp,Accepted,60,1792,1324,
s346262887,p02791,u026686258,1579464146,Kotlin,Kotlin (1.0.0),kt,Accepted,685,80900,4667,
s275819854,p02791,u266059249,1579464146,C++,C++14 (GCC 5.4.1),cpp,Accepted,62,1920,512,
s718463491,p02791,u728615412,1579464146,Python,Python (3.4.3),py,Accepted,105,24744,163,
s072069252,p02791,u745852541,1579464146,C++,C++14 (GCC 5.4.1),cpp,Accepted,60,1792,630,
s578548846,p02791,u065842329,1579464145,Java,Java8 (OpenJDK 1.8.0),java,Accepted,387,63960,5935,
s591215152,p02791,u716591375,1579464144,C++,C++14 (GCC 5.4.1),cpp,Time Limit Exceeded,2103,1024,297,
s674833962,p02791,u894934980,1579464144,Python,Python (3.4.3),py,Accepted,111,24744,181,
s674573719,p02791,u358815527,1579464144,C++,C++14 (GCC 5.4.1),cpp,Accepted,57,1920,1097,
s447613336,p02791,u573537453,1579464144,C++,C++14 (GCC 5.4.1),cpp,Accepted,59,1024,317,
s167230276,p02791,u413318755,1579464144,Python,PyPy3 (2.4.0),py,Accepted,240,70400,214,
s675259983,p02791,u587857074,1579464144,C++,C++14 (GCC 5.4.1),cpp,Accepted,61,1792,1062,
s552564749,p02791,u379951749,1579464144,C++,C++14 (GCC 5.4.1),cpp,Accepted,68,1024,810,
s100565432,p02791,u346180161,1579464143,C++,C++14 (GCC 5.4.1),cpp,Time Limit Exceeded,2103,1024,721,
s152622973,p02791,u829708993,1579464143,C++,C++14 (GCC 5.4.1),cpp,Accepted,18,256,643,
s869521191,p02791,u866891215,1579464142,Java,Java8 (OpenJDK 1.8.0),java,Time Limit Exceeded,2109,64664,457,
s674614269,p02791,u817466769,1579464142,C++,C++14 (GCC 5.4.1),cpp,Accepted,77,256,254,
s926421453,p02791,u037430802,1579464142,Python,Python (3.4.3),py,Accepted,134,24744,259,
s407164954,p02791,u050708958,1579464142,Python,Python (3.4.3),py,Accepted,137,25768,150,
s977384879,p02791,u599895318,1579464141,C,C (GCC 5.4.1),c,Accepted,22,896,380,
s119033928,p02791,u279005807,1579464140,Java,Java8 (OpenJDK 1.8.0),java,Wrong Answer,527,64704,367,
s394421236,p02791,u477525609,1579464140,C++,C++14 (GCC 5.4.1),cpp,Accepted,20,896,310,
s673982181,p02791,u519787311,1579464139,Java,Java8 (OpenJDK 1.8.0),java,Accepted,221,45704,3703,
s092869401,p02791,u490965711,1579464138,C++,C++14 (GCC 5.4.1),cpp,Accepted,77,1024,278,
s590678462,p02791,u325279090,1579464138,C,C (GCC 5.4.1),c,Compile Error,,,277,
s332525798,p02791,u814715203,1579464138,C++,C++14 (GCC 5.4.1),cpp,Accepted,63,1024,1379,
s903464482,p02791,u063550903,1579464138,Python,Python (3.4.3),py,Accepted,96,24744,166,
s957374683,p02791,u259265086,1579464138,Python,Python (3.4.3),py,Accepted,181,24744,204,
s003404588,p02791,u546925116,1579464137,C++,C++14 (GCC 5.4.1),cpp,Accepted,20,896,249,
s006111823,p02791,u453683890,1579464137,C++,C++14 (GCC 5.4.1),cpp,Accepted,77,1024,268,
s775537349,p02791,u222801992,1579464137,Python,Python (3.4.3),py,Accepted,107,24744,137,
s841451752,p02791,u557696720,1579464137,C++,C++14 (GCC 5.4.1),cpp,Accepted,77,384,276,
s748203220,p02791,u129309615,1579464137,C++,C++14 (GCC 5.4.1),cpp,Accepted,19,256,270,
s115076247,p02791,u265392294,1579464137,C++,C++14 (GCC 5.4.1),cpp,Accepted,60,1024,5018,
s187991314,p02791,u940061594,1579464136,Python,Python (3.4.3),py,Accepted,122,24744,190,
s060135971,p02791,u606372527,1579464136,Python,PyPy3 (2.4.0),py,Accepted,256,73024,2049,
s785079181,p02791,u042802884,1579464135,C++,C++14 (GCC 5.4.1),cpp,Accepted,65,1792,548,
s565468012,p02791,u642823003,1579464135,Python,Python (3.4.3),py,Accepted,89,24744,148,
s113594619,p02791,u051089531,1579464134,C++,C++14 (GCC 5.4.1),cpp,Accepted,60,1024,393,
s585161790,p02791,u431602218,1579464134,C++,C++14 (GCC 5.4.1),cpp,Wrong Answer,63,1024,314,
s372327304,p02791,u366974105,1579464134,C++,C++14 (GCC 5.4.1),cpp,Accepted,63,1024,399,
s910334173,p02791,u683667873,1579464134,C++,C++14 (GCC 5.4.1),cpp,Accepted,63,1024,605,
s110534841,p02791,u179169725,1579464134,Python,Python (3.4.3),py,Accepted,105,25568,1234,
s942285786,p02791,u174028570,1579464133,C++,C++14 (GCC 5.4.1),cpp,Wrong Answer,20,128,255,
s715178067,p02791,u682686221,1579464133,C++,C++14 (GCC 5.4.1),cpp,Accepted,37,3072,2349,
s582062354,p02791,u335453773,1579464133,C,C (Clang 3.8.0),c,Accepted,21,1792,497,
s157766918,p02791,u877184069,1579464132,Python,Python (3.4.3),py,Time Limit Exceeded,2108,34100,176,
s413492664,p02791,u356069145,1579464132,C++,C++14 (GCC 5.4.1),cpp,Runtime Error,124,256,645,
s630079253,p02791,u064666849,1579464131,C++,C++14 (GCC 5.4.1),cpp,Accepted,60,1792,271,
s453182644,p02791,u595289165,1579464131,Python,Python (3.4.3),py,Time Limit Exceeded,2108,34124,167,
s746309942,p02791,u363992934,1579464131,Python,Python (3.4.3),py,Accepted,95,24744,181,
s550372263,p02791,u543466827,1579464131,C++,C++14 (GCC 5.4.1),cpp,Accepted,77,384,272,
s766232709,p02791,u637983859,1579464131,C++,C++14 (GCC 5.4.1),cpp,Accepted,60,1024,3382,
s003875344,p02791,u477977638,1579464131,Python,PyPy3 (2.4.0),py,Accepted,241,69488,387,
s345020814,p02791,u813559924,1579464131,C++,C++14 (GCC 5.4.1),cpp,Time Limit Exceeded,2103,1024,984,
s211910169,p02791,u431615124,1579464130,C++,C++14 (GCC 5.4.1),cpp,Time Limit Exceeded,2103,2176,1895,
s070608509,p02791,u505284302,1579464130,C++,C++14 (GCC 5.4.1),cpp,Accepted,19,1024,1301,
s991693924,p02791,u470560351,1579464130,Python,Python (3.4.3),py,Time Limit Exceeded,2104,24744,152,
s714655399,p02791,u134678977,1579464129,C++,C++14 (GCC 5.4.1),cpp,Accepted,62,1024,595,
s119493143,p02791,u881359256,1579464129,Java,Java8 (OpenJDK 1.8.0),java,Accepted,204,46156,1668,
s658162165,p02791,u336949031,1579464129,Haskell,Haskell (GHC 7.10.3),hs,Accepted,25,4348,925,
s031642220,p02791,u281500237,1579464128,PHP,PHP7 (7.0.15),php,Accepted,50,18932,177,
s368609928,p02791,u079998901,1579464128,Java,Java8 (OpenJDK 1.8.0),java,Accepted,227,49748,690,
s371046692,p02791,u334712262,1579464128,Python,Python (3.4.3),py,Accepted,139,27540,1298,
s800714088,p02791,u046482892,1579464128,C++,C++14 (GCC 5.4.1),cpp,Accepted,60,1024,333,
s574834984,p02791,u051670389,1579464127,C++,C++14 (GCC 5.4.1),cpp,Accepted,76,256,188,
s991351851,p02791,u255154774,1579464127,Java,Java8 (OpenJDK 1.8.0),java,Time Limit Exceeded,2109,85184,640,
s726400219,p02791,u541475502,1579464127,Python,Python (3.4.3),py,Wrong Answer,2104,26012,326,
s157078978,p02791,u257192613,1579464127,C++,C++14 (GCC 5.4.1),cpp,Accepted,88,10368,1907,
s406203977,p02791,u808593466,1579464127,C++,C++14 (GCC 5.4.1),cpp,Time Limit Exceeded,2103,1024,872,
s691254847,p02791,u596200441,1579464126,C++,C++14 (GCC 5.4.1),cpp,Wrong Answer,76,256,275,
s905840993,p02791,u464052933,1579464126,C++,C++14 (GCC 5.4.1),cpp,Accepted,79,1024,279,
s469043933,p02791,u215375907,1579464126,C++,C++14 (GCC 5.4.1),cpp,Accepted,12,1024,591,
s845318110,p02791,u318127926,1579464125,Python,Python (3.4.3),py,Accepted,128,24744,181,
s174919194,p02791,u190018920,1579464125,C++,C++14 (GCC 5.4.1),cpp,Accepted,24,2168,1182,
s559251862,p02791,u938051273,1579464125,Python,Python (3.4.3),py,Wrong Answer,113,24744,139,
s399713841,p02791,u961753201,1579464124,C++,C++14 (GCC 5.4.1),cpp,Accepted,79,1024,708,
s974588579,p02791,u597455618,1579464124,Python,Python (3.4.3),py,Accepted,113,24744,154,
s179424607,p02791,u007099475,1579464124,C++,C++14 (GCC 5.4.1),cpp,Time Limit Exceeded,2103,1024,2925,
s024126253,p02791,u312943292,1579464124,C++,C++14 (GCC 5.4.1),cpp,Accepted,18,1024,667,
s837190084,p02791,u749061143,1579464123,C,C (Clang 3.8.0),c,Accepted,23,896,389,
s991085290,p02791,u349832549,1579464123,Ruby,Ruby (2.3.3),rb,Accepted,117,15236,220,
s150709461,p02791,u613032912,1579464123,C#,C# (Mono 4.6.2.0),cs,Accepted,107,35292,667,
s835532490,p02791,u323748756,1579464123,C++,C++14 (GCC 5.4.1),cpp,Accepted,77,1024,918,
s893136083,p02791,u651572445,1579464123,C++,C++14 (GCC 5.4.1),cpp,Accepted,16,256,672,
s777006053,p02791,u391331433,1579464123,C++,C++14 (GCC 5.4.1),cpp,Accepted,19,1024,1462,
s596608553,p02791,u469254913,1579464122,Python,Python (3.4.3),py,Accepted,118,25992,394,
s631538601,p02791,u786944534,1579464122,C#,C# (Mono 4.6.2.0),cs,Accepted,153,34268,6874,
s138586289,p02791,u472279714,1579464122,C++,C++14 (GCC 5.4.1),cpp,Wrong Answer,59,1792,258,
s903489015,p02791,u762502761,1579464121,C++,C++14 (GCC 5.4.1),cpp,Accepted,20,128,632,
s573656785,p02791,u207948013,1579464121,C++,C++14 (GCC 5.4.1),cpp,Accepted,63,1024,300,
s630401475,p02791,u459247738,1579464121,C++,C++14 (GCC 5.4.1),cpp,Wrong Answer,59,1792,458,
s774874370,p02791,u551373727,1579464121,C++,C++14 (GCC 5.4.1),cpp,Accepted,80,256,450,
s011615482,p02791,u554954744,1579464121,Python,PyPy3 (2.4.0),py,Accepted,257,76624,162,
s452358765,p02791,u403798114,1579464120,C++,C++14 (GCC 5.4.1),cpp,Wrong Answer,21,1792,202,
s593117115,p02791,u332153950,1579464120,C++,C++14 (GCC 5.4.1),cpp,Accepted,61,1024,372,
s309399433,p02791,u704001626,1579464120,Python,Python (3.4.3),py,Accepted,173,24428,310,
s984060039,p02791,u576917603,1579464120,Python,Python (3.4.3),py,Accepted,179,24744,182,
s623876437,p02791,u987164499,1579464120,Python,Python (3.4.3),py,Accepted,148,24744,239,
s024205177,p02791,u385825353,1579464120,C++,C++14 (GCC 5.4.1),cpp,Accepted,78,256,484,
s284037900,p02791,u335830383,1579464120,Python,PyPy3 (2.4.0),py,Accepted,248,75472,207,
s099661407,p02791,u725792883,1579464119,C++,C++14 (GCC 5.4.1),cpp,Accepted,19,1792,3474,
s932604254,p02791,u401900157,1579464119,C++,C++14 (GCC 5.4.1),cpp,Accepted,18,1792,805,
s508057193,p02791,u571086530,1579464119,C++,C++14 (GCC 5.4.1),cpp,Accepted,63,1792,995,
s613419262,p02791,u127314985,1579464117,C++,C++14 (GCC 5.4.1),cpp,Accepted,60,1024,298,
s020087869,p02791,u609061751,1579464117,Python,PyPy3 (2.4.0),py,Accepted,260,71760,205,
s812285896,p02791,u525537745,1579464116,C++,C++14 (GCC 5.4.1),cpp,Accepted,59,256,226,
s834172487,p02791,u916637712,1579464115,Python,Python (3.4.3),py,Accepted,122,17780,171,
s546561152,p02791,u323125813,1579464115,Python,PyPy3 (2.4.0),py,Accepted,260,75472,164,
s320979283,p02791,u705184090,1579464115,C++,C++14 (GCC 5.4.1),cpp,Time Limit Exceeded,2103,1024,1530,
s247846329,p02791,u225084815,1579464115,Python,PyPy3 (2.4.0),py,Wrong Answer,246,75344,163,
s788193901,p02791,u998733244,1579464115,Python,PyPy3 (2.4.0),py,Time Limit Exceeded,2107,77536,230,
s670797204,p02791,u162649889,1579464114,C++,C++14 (GCC 5.4.1),cpp,Accepted,20,2036,597,
s319734420,p02791,u535523790,1579464114,C++,C++14 (GCC 5.4.1),cpp,Accepted,77,1024,450,
s671171294,p02791,u673058945,1579464114,C++,C++14 (GCC 5.4.1),cpp,Wrong Answer,78,256,265,
s253568297,p02791,u517471988,1579464113,C++,C++14 (GCC 5.4.1),cpp,Accepted,21,3456,1323,
s403867935,p02791,u356883173,1579464113,C++,C++14 (GCC 5.4.1),cpp,Accepted,19,1024,412,
s450451963,p02791,u714538557,1579464113,C++,C++14 (GCC 5.4.1),cpp,Accepted,60,1792,1028,
s432041797,p02791,u799691369,1579464113,Python,Python (3.4.3),py,Accepted,111,24872,161,
s793773177,p02791,u352969025,1579464113,C++,C++14 (GCC 5.4.1),cpp,Accepted,77,1792,404,
s794348336,p02791,u956908227,1579464112,C++,C++14 (GCC 5.4.1),cpp,Accepted,78,1024,258,
s449490515,p02791,u558242240,1579464111,Python,PyPy3 (2.4.0),py,Accepted,264,76496,162,
s823870513,p02791,u262403099,1579464111,Kotlin,Kotlin (1.0.0),kt,Accepted,651,82924,276,
s175308742,p02791,u129617569,1579464111,C++,C++14 (GCC 5.4.1),cpp,Wrong Answer,77,1024,271,
s292564587,p02791,u197694618,1579464110,C++,C++14 (GCC 5.4.1),cpp,Wrong Answer,13,896,436,
s580942748,p02791,u228223940,1579464110,Python,Python (3.4.3),py,Accepted,129,26012,184,
s645616099,p02791,u397070717,1579464110,C++,C++14 (GCC 5.4.1),cpp,Accepted,61,1024,565,
s256426785,p02791,u531718792,1579464110,C++,C++14 (GCC 5.4.1),cpp,Wrong Answer,67,1024,306,
s624961955,p02791,u136090046,1579464109,Python,Python (3.4.3),py,Accepted,104,24744,165,
s355255063,p02791,u685662874,1579464109,Python,Python (3.4.3),py,Time Limit Exceeded,2104,25476,289,
s480579112,p02791,u474423089,1579464109,Python,Python (3.4.3),py,Accepted,88,24744,142,
s080034869,p02791,u657913472,1579464109,Bash,Bash (GNU bash v4.3.11),sh,Wrong Answer,70,1744,36,
s666858984,p02791,u334703235,1579464109,Python,Python (3.4.3),py,Accepted,104,24744,160,
s718874873,p02791,u310381103,1579464109,Python,Python (3.4.3),py,Accepted,118,24872,150,
s165759414,p02791,u235107623,1579464108,C++,C++14 (GCC 5.4.1),cpp,Accepted,67,1792,327,
s082292991,p02791,u695655590,1579464108,Python,Python (3.4.3),py,Accepted,106,24744,157,
s801904700,p02791,u809690311,1579464107,C++,C++14 (GCC 5.4.1),cpp,Accepted,77,1024,459,
s639012489,p02791,u057226835,1579464107,C++,C++14 (GCC 5.4.1),cpp,Accepted,65,1792,1088,
s890742167,p02791,u373586461,1579464107,C++,C++14 (GCC 5.4.1),cpp,Accepted,59,256,1333,
s296390937,p02791,u156815136,1579464106,C++,C++14 (GCC 5.4.1),cpp,Time Limit Exceeded,2103,1024,500,
s801608269,p02791,u849660048,1579464106,Python,PyPy3 (2.4.0),py,Accepted,258,76624,144,
s181313887,p02791,u305721160,1579464105,C++,C++14 (GCC 5.4.1),cpp,Accepted,93,11264,805,
s265772940,p02791,u344119694,1579464105,C++,C++14 (GCC 5.4.1),cpp,Accepted,77,1024,401,
s807081309,p02791,u717001163,1579464105,C#,C# (Mono 4.6.2.0),cs,Wrong Answer,111,31580,778,
s414013381,p02791,u126288554,1579464105,C++,C++14 (GCC 5.4.1),cpp,Accepted,63,1792,821,
s240577902,p02791,u833652240,1579464105,C++,C++14 (GCC 5.4.1),cpp,Accepted,79,256,279,
s571701232,p02791,u818078165,1579464104,Python,Python (3.4.3),py,Accepted,126,24744,192,
s191463199,p02791,u774539708,1579464104,Python,Python (3.4.3),py,Time Limit Exceeded,2104,24744,137,
s586360689,p02791,u583628727,1579464104,C++,C++14 (GCC 5.4.1),cpp,Accepted,60,1792,322,
s138747824,p02791,u035448833,1579464103,C++,C++14 (GCC 5.4.1),cpp,Accepted,19,1024,541,
s278726076,p02791,u003552316,1579464103,C,C (Clang 3.8.0),c,Compile Error,,,906,
s007513577,p02791,u059223549,1579464103,Kotlin,Kotlin (1.0.0),kt,Wrong Answer,803,64844,359,
s608516979,p02791,u482374504,1579464102,Java,Java8 (OpenJDK 1.8.0),java,Accepted,577,63044,423,
s296696107,p02791,u069521477,1579464102,C++,C++14 (GCC 5.4.1),cpp,Accepted,19,5888,5453,
s567402746,p02791,u774906517,1579464102,C++,C++14 (GCC 5.4.1),cpp,Accepted,19,1024,2116,
s634518683,p02791,u503228842,1579464102,Python,Python (3.4.3),py,Accepted,89,24744,160,
s435342604,p02791,u077051605,1579464102,C++,C++14 (GCC 5.4.1),cpp,Accepted,59,1792,304,
s924931307,p02791,u432088501,1579464102,C++,C++14 (GCC 5.4.1),cpp,Time Limit Exceeded,2107,1024,405,
s747328734,p02791,u758884263,1579464101,Python,PyPy3 (2.4.0),py,Time Limit Exceeded,2112,137816,243,
s532820153,p02791,u849927712,1579464101,C++,C++14 (GCC 5.4.1),cpp,Accepted,18,1792,360,
s278234677,p02791,u412550879,1579464101,C++,C++14 (GCC 5.4.1),cpp,Accepted,69,1792,630,
s743973740,p02791,u944674002,1579464100,C++,C++14 (GCC 5.4.1),cpp,Accepted,62,3328,418,
s222357320,p02791,u616090453,1579464100,C++,C++14 (GCC 5.4.1),cpp,Accepted,60,1024,487,
s194167641,p02791,u787416686,1579464100,C++,C++14 (GCC 5.4.1),cpp,Accepted,18,1792,776,
s011831616,p02791,u119714109,1579464100,Python,PyPy3 (2.4.0),py,Wrong Answer,179,38484,444,
s836869710,p02791,u350267480,1579464099,C++,C++14 (GCC 5.4.1),cpp,Accepted,19,1024,1811,
s919115297,p02791,u535236942,1579464099,Python,Python (3.4.3),py,Accepted,112,24744,138,
s413651449,p02791,u057109575,1579464099,Python,PyPy3 (2.4.0),py,Accepted,255,84996,218,
s446916743,p02791,u264304509,1579464098,C++,C++14 (GCC 5.4.1),cpp,Accepted,119,10368,398,
s471769699,p02791,u534542874,1579464098,C++,C++14 (GCC 5.4.1),cpp,Accepted,61,256,247,
s370632205,p02791,u066029197,1579464098,C++,C++14 (GCC 5.4.1),cpp,Accepted,76,1024,271,
s112692799,p02791,u197497255,1579464097,Ruby,Ruby (2.3.3),rb,Accepted,113,15236,192,
s179341269,p02791,u123648284,1579464097,Python,Python (3.4.3),py,Accepted,97,24744,159,
s788563534,p02791,u272997285,1579464097,C++,C++14 (GCC 5.4.1),cpp,Accepted,64,1024,1049,
s470039203,p02791,u876386943,1579464097,C++,C++14 (GCC 5.4.1),cpp,Accepted,63,1024,675,
s795136207,p02791,u207948013,1579464096,C++,C++14 (GCC 5.4.1),cpp,Compile Error,,,298,
s485909977,p02791,u315984289,1579464096,Ruby,Ruby (2.3.3),rb,Accepted,96,13700,153,
s264214172,p02791,u371149954,1579464096,C++,C++14 (GCC 5.4.1),cpp,Accepted,60,1792,515,
s827618317,p02791,u882868478,1579464095,Nim,Nim (0.13.0),nim,Accepted,31,15104,248,
s808678407,p02791,u381761719,1579464095,C++,C++14 (GCC 5.4.1),cpp,Accepted,63,1400,672,
s448258856,p02791,u136473852,1579464095,C++,C++14 (GCC 5.4.1),cpp,Accepted,77,1024,382,
s528325368,p02791,u344586014,1579464094,C++,C++14 (GCC 5.4.1),cpp,Runtime Error,167,640,631,
s394259752,p02791,u103850114,1579464094,C++,C++14 (GCC 5.4.1),cpp,Accepted,62,1792,1231,
s936071369,p02791,u488636998,1579464094,Python,Python (3.4.3),py,Accepted,105,24744,158,
s943519454,p02791,u915277742,1579464094,C++,C++14 (GCC 5.4.1),cpp,Accepted,62,1792,289,
s797618220,p02791,u701199820,1579464094,Python,PyPy3 (2.4.0),py,Time Limit Exceeded,2108,77552,225,
s770801615,p02791,u463775490,1579464093,Python,Python (3.4.3),py,Accepted,108,25768,169,
s154785043,p02791,u377370946,1579464093,Python,Python (3.4.3),py,Runtime Error,17,2940,145,
s682638282,p02791,u899308536,1579464092,Python,Python (3.4.3),py,Time Limit Exceeded,2104,24744,221,
s115409457,p02791,u548977290,1579464092,C++,C++14 (GCC 5.4.1),cpp,Accepted,60,1024,348,
s503024347,p02791,u089885969,1579464092,C++,C++14 (GCC 5.4.1),cpp,Accepted,61,1024,383,
s847356621,p02791,u374929478,1579464092,C++,C++14 (GCC 5.4.1),cpp,Accepted,63,1024,918,
s979923584,p02791,u112317104,1579464091,PHP,PHP7 (7.0.15),php,Accepted,35,18932,191,
s320134356,p02791,u852839243,1579464091,C++,C++14 (GCC 5.4.1),cpp,Accepted,19,1792,470,
s270781442,p02791,u012776060,1579464090,C++,C++14 (GCC 5.4.1),cpp,Accepted,19,1792,945,
s016520165,p02791,u181037878,1579464090,C++,C++14 (GCC 5.4.1),cpp,Accepted,19,1792,1107,
s472177175,p02791,u300768980,1579464090,C++,C++14 (GCC 5.4.1),cpp,Time Limit Exceeded,2103,1024,369,
s932566401,p02791,u745223262,1579464090,Python,Python (3.4.3),py,Accepted,109,24744,151,
s082805891,p02791,u777923818,1579464089,Python,PyPy3 (2.4.0),py,Accepted,362,101376,325,
s434558893,p02791,u661125964,1579464088,C++,C++14 (GCC 5.4.1),cpp,Accepted,61,1024,364,
s269466381,p02791,u414943482,1579464088,C++,C++14 (GCC 5.4.1),cpp,Accepted,19,1024,1826,
s388729569,p02791,u234582237,1579464087,Python,Python (3.4.3),py,Accepted,111,24744,163,
s813707345,p02791,u912115033,1579464087,Python,Python (3.4.3),py,Accepted,154,24744,167,
s799886660,p02791,u139478771,1579464087,Kotlin,Kotlin (1.0.0),kt,Accepted,620,82872,345,
s466860141,p02791,u877184069,1579464087,Python,PyPy3 (2.4.0),py,Runtime Error,178,38640,176,
s399457535,p02791,u257162238,1579464086,Python,Python (3.4.3),py,Accepted,114,26012,374,
s023916295,p02791,u063380928,1579464086,C++,C++14 (GCC 5.4.1),cpp,Accepted,19,1792,4597,
s718938534,p02791,u852613820,1579464086,Python,Python (3.4.3),py,Time Limit Exceeded,2105,24744,162,
s445636578,p02791,u174028570,1579464086,C++,C++14 (GCC 5.4.1),cpp,Compile Error,,,253,
s374982310,p02791,u040016087,1579464085,Python,Python (3.4.3),py,Time Limit Exceeded,2104,24744,181,
s849302511,p02791,u319589470,1579464085,Python,Python (3.4.3),py,Accepted,89,24744,125,
s022514713,p02791,u086672186,1579464085,C++,C++14 (GCC 5.4.1),cpp,Accepted,68,1792,976,
s238019497,p02791,u539953365,1579464085,Python,Python (3.4.3),py,Accepted,121,25768,175,
s147012558,p02791,u884028773,1579464084,C++,C++14 (GCC 5.4.1),cpp,Accepted,60,1792,408,
s013731144,p02791,u167307651,1579464084,Python,Python (3.4.3),py,Accepted,107,24744,145,
s298250739,p02791,u740900993,1579464084,Java,Java8 (OpenJDK 1.8.0),java,Time Limit Exceeded,2109,64740,754,
s288134907,p02791,u903005414,1579464084,Python,Python (3.4.3),py,Time Limit Exceeded,2109,34148,183,
s465200807,p02791,u799479335,1579464084,Python,PyPy3 (2.4.0),py,Time Limit Exceeded,2112,136396,161,
s103933843,p02791,u798894056,1579464084,Python,PyPy3 (2.4.0),py,Time Limit Exceeded,2109,119632,210,
s530052645,p02791,u883621917,1579464083,Python,PyPy3 (2.4.0),py,Accepted,258,71760,196,
s465466023,p02791,u690461923,1579464083,C++,C++14 (GCC 5.4.1),cpp,Accepted,19,1792,660,
s960364408,p02791,u842462845,1579464083,C++,C++14 (GCC 5.4.1),cpp,Accepted,65,1792,337,
s937370650,p02791,u711617636,1579464083,C#,C# (Mono 4.6.2.0),cs,Accepted,109,33628,946,
s853334641,p02791,u426572476,1579464082,Python,Python (3.4.3),py,Accepted,202,27580,300,
s537279855,p02791,u381959472,1579464082,Python,Python (3.4.3),py,Accepted,121,24744,245,
s132980911,p02791,u727787724,1579464082,Python,PyPy3 (2.4.0),py,Accepted,242,75472,252,
s683114292,p02791,u679439110,1579464082,Python,Python (3.4.3),py,Accepted,148,24872,164,
s912672112,p02791,u681084651,1579464082,C++,C++14 (GCC 5.4.1),cpp,Accepted,78,256,273,
s666622279,p02791,u133936772,1579464081,Python,Python (3.4.3),py,Time Limit Exceeded,2104,24744,104,
s054881711,p02791,u703205079,1579464081,C++,C++14 (GCC 5.4.1),cpp,Accepted,60,1792,2633,
s950327927,p02791,u649618744,1579464081,C++,C++14 (GCC 5.4.1),cpp,Accepted,22,1024,406,
s282417677,p02791,u309834353,1579464080,Python,Python (3.4.3),py,Accepted,110,24744,165,
s348715926,p02791,u273762429,1579464080,Ruby,Ruby (2.3.3),rb,Time Limit Exceeded,2108,18588,258,
s810238980,p02791,u432702669,1579464079,C++,C++14 (GCC 5.4.1),cpp,Wrong Answer,22,1024,235,
s709928800,p02791,u702817341,1579464079,C++,C++14 (GCC 5.4.1),cpp,Accepted,18,1792,5149,
s216397596,p02791,u009183599,1579464078,Java,Java8 (OpenJDK 1.8.0),java,Time Limit Exceeded,2109,56352,755,
s963029797,p02791,u728732647,1579464078,C++,C++14 (GCC 5.4.1),cpp,Accepted,18,1792,2720,
s973950035,p02791,u063896676,1579464078,Python,Python (3.4.3),py,Accepted,94,24744,168,
s634358627,p02791,u904833081,1579464078,C++,C++14 (GCC 5.4.1),cpp,Accepted,18,1792,498,
s580708638,p02791,u579455624,1579464077,Java,Java8 (OpenJDK 1.8.0),java,Time Limit Exceeded,2109,64940,657,
s545386295,p02791,u329573387,1579464077,Java,Java8 (OpenJDK 1.8.0),java,Accepted,214,42268,3890,
s860433655,p02791,u359619351,1579464076,Python,PyPy3 (2.4.0),py,Accepted,390,123724,2052,
s611241642,p02791,u428132025,1579464076,Python,Python (3.4.3),py,Wrong Answer,108,24744,168,
s390491666,p02791,u246366098,1579464076,C++,C++14 (GCC 5.4.1),cpp,Accepted,59,1792,341,
s076272030,p02791,u628253919,1579464075,C++,C++14 (GCC 5.4.1),cpp,Accepted,28,1792,486,
s888657810,p02791,u206390098,1579464075,C,C (GCC 5.4.1),c,Wrong Answer,22,896,263,
s070264001,p02791,u625729943,1579464075,Python,Python (3.4.3),py,Wrong Answer,188,25132,510,
s301460594,p02791,u030246664,1579464074,C++,C++14 (GCC 5.4.1),cpp,Accepted,60,1152,296,
s988531772,p02791,u867522815,1579464074,Rust,Rust (1.15.1),rs,Accepted,37,6396,1847,
s556867590,p02791,u547374216,1579464073,C++,C++14 (GCC 5.4.1),cpp,Wrong Answer,77,1024,262,
s661555822,p02791,u274811210,1579464073,PHP,PHP7 (7.0.15),php,Accepted,34,18932,209,
s169883331,p02791,u974214237,1579464072,C++,C++14 (GCC 5.4.1),cpp,Accepted,78,1024,532,
s057231604,p02791,u638795007,1579464072,Python,Python (3.4.3),py,Accepted,96,26084,1132,
s946822551,p02791,u596200441,1579464072,C++,C++14 (GCC 5.4.1),cpp,Wrong Answer,76,256,267,
s954058880,p02791,u372299304,1579464072,C++,C++14 (GCC 5.4.1),cpp,Accepted,63,1024,318,
s555160211,p02791,u930841425,1579464071,C++,C++14 (GCC 5.4.1),cpp,Accepted,63,1792,418,
s084972605,p02791,u041845863,1579464071,Python,Python (3.4.3),py,Wrong Answer,183,24744,257,
s842586649,p02791,u572483595,1579464071,Java,Java8 (OpenJDK 1.8.0),java,Accepted,224,48416,2789,
s460833531,p02791,u552290152,1579464071,Python,PyPy3 (2.4.0),py,Accepted,241,75472,155,
s685461112,p02791,u425858059,1579464070,C++,C++14 (GCC 5.4.1),cpp,Runtime Error,263,640,292,
s600208781,p02791,u720636500,1579464070,Python,Python (3.4.3),py,Accepted,95,24744,148,
s117669488,p02791,u696297562,1579464070,C++,C++14 (GCC 5.4.1),cpp,Accepted,78,1024,310,
s374278304,p02791,u674114383,1579464070,C++,C++14 (GCC 5.4.1),cpp,Accepted,19,1024,947,
s762235575,p02791,u881116515,1579464069,Python,Python (3.4.3),py,Accepted,89,24744,125,
s858903750,p02791,u762677575,1579464069,C++,C++14 (GCC 5.4.1),cpp,Accepted,64,1152,501,
s847003641,p02791,u968286297,1579464069,C++,C++14 (GCC 5.4.1),cpp,Accepted,77,1024,1531,
s217965374,p02791,u357758400,1579464069,Python,PyPy3 (2.4.0),py,Time Limit Exceeded,2111,136336,192,
s255129280,p02791,u984664611,1579464069,Python,Python (3.4.3),py,Accepted,184,26012,194,
s650232607,p02791,u169501420,1579464069,Python,Python (3.4.3),py,Accepted,95,24744,228,
s646385695,p02791,u237362582,1579464068,Python,PyPy3 (2.4.0),py,Accepted,245,67056,196,
s809490896,p02791,u020230257,1579464068,C++,C++14 (GCC 5.4.1),cpp,Accepted,18,384,892,
s371638170,p02791,u971166345,1579464068,C++,C++14 (GCC 5.4.1),cpp,Accepted,60,1024,745,
s267547500,p02791,u565624841,1579464068,C++,C++14 (GCC 5.4.1),cpp,Accepted,20,3328,5161,
s000860638,p02791,u843070415,1579464067,C++,C++14 (GCC 5.4.1),cpp,Accepted,79,256,311,
s096943839,p02791,u501163846,1579464067,C++,C++14 (GCC 5.4.1),cpp,Accepted,77,256,316,
s648327066,p02791,u984529214,1579464066,C++,C++14 (GCC 5.4.1),cpp,Accepted,19,1024,1693,
s757236457,p02791,u321954370,1579464066,C++,C++14 (GCC 5.4.1),cpp,Accepted,60,1024,548,
s847066763,p02791,u581634684,1579464066,Python,Python (3.4.3),py,Accepted,146,24744,146,
s766888076,p02791,u815026012,1579464066,C++,C++14 (GCC 5.4.1),cpp,Accepted,66,1792,295,
s037405470,p02791,u584242364,1579464066,C++,C++14 (GCC 5.4.1),cpp,Accepted,18,1024,1447,
s828122264,p02791,u814575783,1579464066,Go,Go (1.6),go,Wrong Answer,2108,7040,346,
s778720995,p02791,u443924743,1579464065,Ruby,Ruby (2.3.3),rb,Accepted,105,16516,167,
s590547492,p02791,u326891688,1579464065,Ruby,Ruby (2.3.3),rb,Accepted,169,19204,141,
s220202524,p02791,u504403442,1579464064,C++,C++14 (GCC 5.4.1),cpp,Accepted,18,1792,1663,
s577307464,p02791,u394289391,1579464064,C++,C++14 (GCC 5.4.1),cpp,Accepted,18,256,927,
s348393302,p02791,u983711104,1579464064,C++,C++14 (GCC 5.4.1),cpp,Accepted,79,256,241,
s107168263,p02791,u571173211,1579464064,C++,C++14 (GCC 5.4.1),cpp,Accepted,61,1024,1177,
s151308781,p02791,u214685595,1579464064,C++,C++14 (GCC 5.4.1),cpp,Accepted,62,1024,585,
s876759362,p02791,u239087789,1579464063,C++,C++14 (GCC 5.4.1),cpp,Accepted,77,256,253,
s559922588,p02791,u622748505,1579464063,C++,C++14 (GCC 5.4.1),cpp,Runtime Error,116,5760,1968,
s346878129,p02791,u016572066,1579464063,C++,C++14 (GCC 5.4.1),cpp,Accepted,22,1024,1143,
s918438575,p02791,u995861601,1579464063,Python,Python (3.4.3),py,Accepted,89,24744,140,
s981100796,p02791,u921177152,1579464062,C++,C++14 (GCC 5.4.1),cpp,Accepted,19,1792,1090,
s028606637,p02791,u525227429,1579464062,Python,Python (3.4.3),py,Accepted,102,24744,137,
s459223320,p02791,u858390154,1579464062,C++,C++14 (GCC 5.4.1),cpp,Accepted,77,256,267,
s783360483,p02791,u533232830,1579464062,Python,Python (3.4.3),py,Accepted,108,26012,163,
s027805350,p02791,u232401988,1579464062,C++,C++14 (GCC 5.4.1),cpp,Accepted,63,1024,399,
s807083378,p02791,u471212175,1579464062,C++,C++14 (GCC 5.4.1),cpp,Accepted,60,1792,568,
s013870349,p02791,u069460494,1579464061,C++,C++14 (GCC 5.4.1),cpp,Accepted,18,1792,1077,
s325256958,p02791,u208006483,1579464061,C#,C# (Mono 4.6.2.0),cs,Accepted,139,41464,13801,
s962259833,p02791,u679291177,1579464061,Ruby,Ruby (2.3.3),rb,Time Limit Exceeded,2113,87112,192,
s874697119,p02791,u208059640,1579464061,C++,C++14 (GCC 5.4.1),cpp,Accepted,59,1792,965,
s405925469,p02791,u542670845,1579464061,C++,C++14 (GCC 5.4.1),cpp,Accepted,61,1920,791,
s877438979,p02791,u101181042,1579464060,C++,C++14 (GCC 5.4.1),cpp,Time Limit Exceeded,2103,1920,446,
s715836137,p02791,u102126195,1579464060,Python,PyPy3 (2.4.0),py,Accepted,258,85840,211,
s572074817,p02791,u482226328,1579464060,Java,Java8 (OpenJDK 1.8.0),java,Accepted,113,22996,13997,
s085692613,p02791,u361841553,1579464060,Python,PyPy3 (2.4.0),py,Accepted,249,75344,324,
s637034515,p02791,u283907492,1579464060,C++,C++14 (GCC 5.4.1),cpp,Time Limit Exceeded,2103,1024,567,
s179940345,p02791,u369190981,1579464060,Java,Java8 (OpenJDK 1.8.0),java,Wrong Answer,2109,85224,4272,
s655706603,p02791,u712993629,1579464060,C++,C++14 (GCC 5.4.1),cpp,Wrong Answer,31,6528,2091,
s497585655,p02791,u542111796,1579464059,C++,C++14 (GCC 5.4.1),cpp,Accepted,63,1024,293,
s026893834,p02791,u434449690,1579464059,C++,C++14 (GCC 5.4.1),cpp,Accepted,21,256,535,
s626913673,p02791,u461573913,1579464059,C++,C++14 (GCC 5.4.1),cpp,Accepted,60,1024,312,
s220452008,p02791,u004707990,1579464059,C++,C++14 (GCC 5.4.1),cpp,Accepted,19,1024,436,
s586871567,p02791,u209713918,1579464059,C++,C++14 (GCC 5.4.1),cpp,Accepted,29,1024,1508,
s419682841,p02791,u186838327,1579464059,Python,Python (3.4.3),py,Accepted,106,24744,149,
s599354339,p02791,u503270460,1579464058,Ruby,Ruby (2.3.3),rb,Time Limit Exceeded,2113,55456,116,
s301875158,p02791,u423964598,1579464058,Python,Python (3.4.3),py,Time Limit Exceeded,2108,24744,206,
s610696953,p02791,u658960571,1579464058,C++,C++14 (GCC 5.4.1),cpp,Accepted,77,256,233,
s815993331,p02791,u572193732,1579464058,Python,Python (3.4.3),py,Accepted,108,24744,175,
s174394898,p02791,u382470710,1579464057,C++,C++14 (GCC 5.4.1),cpp,Accepted,18,1792,368,
s651390639,p02791,u454524105,1579464057,Python,Python (3.4.3),py,Wrong Answer,2104,25768,215,
s596409982,p02791,u521005690,1579464056,C++,C++14 (GCC 5.4.1),cpp,Accepted,77,256,964,
s091954115,p02791,u747390421,1579464056,C++,C++14 (GCC 5.4.1),cpp,Accepted,60,1024,304,
s571234062,p02791,u308523782,1579464056,C#,C# (Mono 4.6.2.0),cs,Accepted,114,33500,1537,
s956762891,p02791,u833212816,1579464056,Python,Python (3.4.3),py,Accepted,148,26012,227,
s416728322,p02791,u626708016,1579464055,C++,C++14 (GCC 5.4.1),cpp,Accepted,77,1024,327,
s312718848,p02791,u952557476,1579464055,C++,C++14 (GCC 5.4.1),cpp,Runtime Error,161,640,261,
s155573296,p02791,u155687575,1579464054,Python,Python (3.4.3),py,Accepted,113,24744,169,
s113456678,p02791,u194447791,1579464053,C++,C++14 (GCC 5.4.1),cpp,Accepted,18,1792,5562,
s829376271,p02791,u058809975,1579464053,Python,PyPy3 (2.4.0),py,Time Limit Exceeded,2108,77416,187,
s984160421,p02791,u530844517,1579464052,Python,PyPy3 (2.4.0),py,Accepted,252,75728,150,
s645436464,p02791,u377572376,1579464052,C++,C++14 (GCC 5.4.1),cpp,Accepted,397,14720,1853,
s333465201,p02791,u664272778,1579464052,C++,C++14 (GCC 5.4.1),cpp,Accepted,83,1024,329,
s735993769,p02791,u521652313,1579464051,C++,C++14 (GCC 5.4.1),cpp,Accepted,63,1792,348,
s360389075,p02791,u690781906,1579464051,Python,Python (3.4.3),py,Wrong Answer,116,24744,134,
s115621156,p02791,u459250870,1579464051,Java,Java8 (OpenJDK 1.8.0),java,Accepted,632,96108,647,
s367933622,p02791,u724687935,1579464051,Python,Python (3.4.3),py,Accepted,186,24744,229,
s867457139,p02791,u561083515,1579464050,Python,Python (3.4.3),py,Accepted,112,24744,175,
s721327224,p02791,u890183245,1579464050,Python,Python (3.4.3),py,Runtime Error,17,2940,184,
s770418458,p02791,u917363866,1579464049,Python,PyPy3 (2.4.0),py,Accepted,263,76368,167,
s851473343,p02791,u691896522,1579464049,Python,PyPy3 (2.4.0),py,Accepted,260,76368,178,
s973969218,p02791,u548992197,1579464049,Go,Go (1.6),go,Accepted,39,3584,1062,
s692659360,p02791,u601256119,1579464048,C++,C++14 (GCC 5.4.1),cpp,Wrong Answer,80,1024,218,
s752691637,p02791,u300092270,1579464048,C++,C++14 (GCC 5.4.1),cpp,Accepted,78,256,255,
s223309247,p02791,u317713173,1579464048,Python,PyPy3 (2.4.0),py,Accepted,257,76368,174,
s609633737,p02791,u158628538,1579464047,C++,C++14 (GCC 5.4.1),cpp,Accepted,76,256,2370,
s190932756,p02791,u502813058,1579464047,Go,Go (1.6),go,Wrong Answer,43,5248,1193,
s341903972,p02791,u430494842,1579464047,C++,C++14 (GCC 5.4.1),cpp,Accepted,19,1024,3864,
s472551780,p02791,u204616996,1579464047,Python,Python (3.4.3),py,Accepted,108,24744,145,
s284361902,p02791,u441250130,1579464047,C++,C++14 (GCC 5.4.1),cpp,Accepted,65,3328,657,
s121339083,p02791,u185050799,1579464047,C++,C++14 (GCC 5.4.1),cpp,Accepted,60,1792,2198,
s546924456,p02791,u301600230,1579464045,C,C (GCC 5.4.1),c,Time Limit Exceeded,2103,896,324,
s630177137,p02791,u535423069,1579464045,Python,Python (3.4.3),py,Accepted,168,25696,313,
s382881184,p02791,u636137609,1579464044,C++,C++14 (GCC 5.4.1),cpp,Accepted,80,1792,1029,
s874380169,p02791,u413184068,1579464044,Ruby,Ruby (2.3.3),rb,Time Limit Exceeded,2108,17412,211,
s614322574,p02791,u718774863,1579464044,C++,C++14 (GCC 5.4.1),cpp,Accepted,60,1792,1629,
s176746469,p02791,u634999820,1579464044,C++,C++14 (GCC 5.4.1),cpp,Accepted,64,1024,694,
s865170551,p02791,u648064928,1579464044,Python,Python (3.4.3),py,Time Limit Exceeded,2108,24744,186,
s394061284,p02791,u250583425,1579464043,Python,Python (3.4.3),py,Accepted,77,17780,296,
s809812006,p02791,u063871883,1579464043,C++,C++14 (GCC 5.4.1),cpp,Time Limit Exceeded,2103,1792,357,
s715807860,p02791,u851470173,1579464043,C++,C++14 (GCC 5.4.1),cpp,Accepted,18,256,830,
s339803167,p02791,u429599434,1579464043,C++,C++14 (GCC 5.4.1),cpp,Accepted,77,256,605,
s069376215,p02791,u060402593,1579464043,C++,C++14 (GCC 5.4.1),cpp,Accepted,20,128,265,
s225853511,p02791,u314642288,1579464043,C#,C# (Mono 4.6.2.0),cs,Accepted,109,35732,7683,
s334225684,p02791,u184929210,1579464043,C++,C++14 (GCC 5.4.1),cpp,Accepted,66,1024,402,
s168220274,p02791,u936602931,1579464042,C++,C++14 (GCC 5.4.1),cpp,Accepted,79,1024,461,
s800915836,p02791,u714642969,1579464041,Python,PyPy3 (2.4.0),py,Accepted,274,72028,365,
s916079202,p02791,u657065743,1579464041,Python,Python (3.4.3),py,Accepted,130,17940,183,
s716206657,p02791,u412164358,1579464041,C++,C++14 (GCC 5.4.1),cpp,Accepted,18,1792,11286,
s732603873,p02791,u993435350,1579464041,Python,Python (3.4.3),py,Time Limit Exceeded,2104,26012,136,
s055365343,p02791,u637220270,1579464041,C++,C++14 (GCC 5.4.1),cpp,Time Limit Exceeded,2103,1024,436,
s831312193,p02791,u890807039,1579464040,C++,C++14 (GCC 5.4.1),cpp,Accepted,80,1024,1268,
s270817070,p02791,u376099073,1579464040,Python,Python (3.4.3),py,Wrong Answer,109,24744,200,
s608533832,p02791,u960653324,1579464040,Python,Python (3.4.3),py,Accepted,113,25768,177,
s790164457,p02791,u596430580,1579464040,C++,C++14 (GCC 5.4.1),cpp,Accepted,77,1024,410,
s341596284,p02791,u203843959,1579464039,Python,Python (3.4.3),py,Accepted,90,26012,141,
s852831007,p02791,u657913472,1579464039,Bash,Bash (GNU bash v4.3.11),sh,Accepted,78,1688,40,
s875519698,p02791,u628332144,1579464039,C++,C++14 (GCC 5.4.1),cpp,Accepted,61,1792,782,
s893492270,p02791,u202886318,1579464039,Lisp,Common Lisp (SBCL 1.1.14),l,Accepted,412,61928,335,
s385892723,p02791,u278557567,1579464038,C++,C++14 (GCC 5.4.1),cpp,Accepted,18,1024,585,
s750294693,p02791,u116002573,1579464038,Python,PyPy3 (2.4.0),py,Accepted,251,75472,276,
s495723503,p02791,u344959886,1579464038,Python,PyPy3 (2.4.0),py,Time Limit Exceeded,2111,136944,142,
s965585632,p02791,u711433856,1579464038,C++,C++14 (GCC 5.4.1),cpp,Accepted,18,256,344,
s150886564,p02791,u397944802,1579464038,C++,C++14 (GCC 5.4.1),cpp,Accepted,90,9600,1691,
s458196770,p02791,u429960120,1579464038,C++,C++14 (GCC 5.4.1),cpp,Accepted,77,1024,252,
s331076703,p02791,u411557858,1579464038,C++,C++14 (GCC 5.4.1),cpp,Time Limit Exceeded,2103,1024,336,
s736771176,p02791,u644972721,1579464037,Python,Python (3.4.3),py,Accepted,149,24744,162,
s790207295,p02791,u573810484,1579464037,C++,C++14 (GCC 5.4.1),cpp,Accepted,21,1024,231,
s801148843,p02791,u654115954,1579464037,C++,C++14 (GCC 5.4.1),cpp,Time Limit Exceeded,2103,1152,618,
s706490746,p02791,u454087021,1579464036,C++,C++14 (GCC 5.4.1),cpp,Accepted,59,256,240,
s260725134,p02791,u061996193,1579464036,Java,Java8 (OpenJDK 1.8.0),java,Accepted,548,82544,391,
s060093478,p02791,u365078800,1579464036,Java,Java8 (OpenJDK 1.8.0),java,Accepted,574,80940,2748,
s871490838,p02791,u348868667,1579464035,Python,Python (3.4.3),py,Time Limit Exceeded,2104,24744,225,
s821382938,p02791,u106311097,1579464035,Python,Python (3.4.3),py,Accepted,95,26848,606,
s704155921,p02791,u698883164,1579464035,C++,C++14 (GCC 5.4.1),cpp,Accepted,19,1024,3113,
s560207801,p02791,u644907318,1579464034,Python,Python (3.4.3),py,Accepted,112,24744,158,
s112501842,p02791,u037006720,1579464034,C++,C++14 (GCC 5.4.1),cpp,Accepted,60,1272,406,
s354521547,p02791,u893269127,1579464033,Python,PyPy3 (2.4.0),py,Accepted,269,76496,195,
s656591445,p02791,u672402312,1579464033,Java,Java8 (OpenJDK 1.8.0),java,Accepted,549,66884,856,
s337109379,p02791,u696703226,1579464033,Python,PyPy3 (2.4.0),py,Wrong Answer,184,38484,8,
s655948549,p02791,u409872261,1579464033,C++,C++14 (GCC 5.4.1),cpp,Accepted,63,3328,2359,
s857196001,p02791,u222643545,1579464032,C++,C++14 (GCC 5.4.1),cpp,Wrong Answer,77,1024,401,
s377455393,p02791,u141610915,1579464032,Python,PyPy3 (2.4.0),py,Accepted,376,71888,637,
s162776026,p02791,u388719350,1579464032,Python,Python (3.4.3),py,Accepted,103,24744,197,
s838125472,p02791,u581262359,1579464032,C++,C++14 (GCC 5.4.1),cpp,Accepted,19,1792,4654,
s699638046,p02791,u245407321,1579464030,C++,C++14 (GCC 5.4.1),cpp,Accepted,77,1024,844,
s535914285,p02791,u283341082,1579464030,Python,Python (3.4.3),py,Time Limit Exceeded,2109,34148,275,
s403711533,p02791,u698598617,1579464030,C++,C++14 (GCC 5.4.1),cpp,Time Limit Exceeded,2103,1024,513,
s582936275,p02791,u281840563,1579464030,C++,C++14 (GCC 5.4.1),cpp,Accepted,23,1528,1113,
s623893460,p02791,u961674365,1579464030,Python,Python (3.4.3),py,Accepted,129,24744,120,
s264068843,p02791,u892687772,1579464030,C++,C++14 (GCC 5.4.1),cpp,Accepted,77,1024,874,
s453884057,p02791,u629650917,1579464029,C++,C++14 (GCC 5.4.1),cpp,Runtime Error,112,640,991,
s135073634,p02791,u650918644,1579464028,C++,C++14 (GCC 5.4.1),cpp,Accepted,62,1024,280,
s729706406,p02791,u285443936,1579464028,Python,Python (3.4.3),py,Accepted,156,24744,183,
s729103010,p02791,u314089899,1579464028,Python,Python (3.4.3),py,Accepted,97,25768,194,
s069485316,p02791,u548317837,1579464028,C++,C++ (GCC 5.4.1),cpp,Accepted,77,256,230,
s225585098,p02791,u284140331,1579464028,C++,C++14 (GCC 5.4.1),cpp,Accepted,19,1792,1644,
s022453437,p02791,u121192152,1579464028,Python,PyPy3 (2.4.0),py,Accepted,266,76624,177,
s010812142,p02791,u573785001,1579464028,C++,C++14 (GCC 5.4.1),cpp,Accepted,19,256,2716,
s568268827,p02791,u523130469,1579464027,Python,PyPy3 (2.4.0),py,Accepted,268,76496,195,
s627469438,p02791,u952467214,1579464027,Python,Python (3.4.3),py,Accepted,153,24744,170,
s335750034,p02791,u832748306,1579464027,C++,C++ (GCC 5.4.1),cpp,Accepted,21,256,716,
s412350188,p02791,u769965655,1579464027,C++,C++14 (GCC 5.4.1),cpp,Accepted,22,3328,1998,
s220751737,p02791,u313403396,1579464026,C++,C++14 (GCC 5.4.1),cpp,Accepted,77,1024,564,
s018469160,p02791,u153556810,1579464026,Java,Java8 (OpenJDK 1.8.0),java,Accepted,560,63972,340,
s465453633,p02791,u316432228,1579464026,Java,Java8 (OpenJDK 1.8.0),java,Accepted,208,47188,2481,
s035371920,p02791,u202634017,1579464026,Python,PyPy3 (2.4.0),py,Wrong Answer,267,76624,175,
s406366820,p02791,u691380397,1579464026,C++,C++14 (GCC 5.4.1),cpp,Accepted,60,1024,1077,
s079453600,p02791,u679159704,1579464026,C++,C++14 (GCC 5.4.1),cpp,Time Limit Exceeded,2107,1024,464,
s129900623,p02791,u915820887,1579464026,C++,C++14 (GCC 5.4.1),cpp,Accepted,13,1792,765,
s602752176,p02791,u896741788,1579464026,Python,Python (3.4.3),py,Accepted,90,24744,104,
s277058215,p02791,u882620594,1579464024,C++,C++14 (GCC 5.4.1),cpp,Accepted,80,1792,513,
s395632382,p02791,u945359338,1579464024,C++,C++14 (GCC 5.4.1),cpp,Accepted,63,1792,395,
s431389749,p02791,u672475305,1579464024,Python,Python (3.4.3),py,Accepted,136,24744,261,
s058993466,p02791,u684204084,1579464024,Python,Python (3.4.3),py,Accepted,110,24744,151,
s384633413,p02791,u352623442,1579464024,Python,Python (3.4.3),py,Accepted,115,24744,169,
s184243768,p02791,u818498408,1579464024,Java,Java8 (OpenJDK 1.8.0),java,Accepted,548,66024,349,
s413640430,p02791,u183896397,1579464023,Python,Python (3.4.3),py,Accepted,108,24744,159,
s932913688,p02791,u204842730,1579464023,Python,PyPy3 (2.4.0),py,Time Limit Exceeded,2111,136760,149,
s135881260,p02791,u239528020,1579464023,Python,Python (3.4.3),py,Accepted,107,24744,161,
s937099310,p02791,u364555831,1579464023,C#,C# (Mono 4.6.2.0),cs,Accepted,108,36556,770,
s652296406,p02791,u991846372,1579464022,C++,C++14 (GCC 5.4.1),cpp,Accepted,77,1024,392,
s267691620,p02791,u952130512,1579464022,C++,C++14 (GCC 5.4.1),cpp,Accepted,78,1024,2541,
s330538174,p02791,u550014122,1579464022,C++,C++14 (GCC 5.4.1),cpp,Accepted,65,1792,1292,
s835147002,p02791,u672177558,1579464021,C++,C++14 (GCC 5.4.1),cpp,Accepted,77,1024,315,
s615228550,p02791,u595289165,1579464021,Python,Python (3.4.3),py,Time Limit Exceeded,2104,24744,139,
s047023989,p02791,u072631296,1579464021,Java,Java8 (OpenJDK 1.8.0),java,Accepted,558,64612,561,
s903832210,p02791,u716591375,1579464020,C++,C++14 (GCC 5.4.1),cpp,Time Limit Exceeded,2103,512,271,
s441489719,p02791,u768896740,1579464020,Python,Python (3.4.3),py,Accepted,105,24744,176,
s991285408,p02791,u626468554,1579464020,Python,Python (3.4.3),py,Accepted,106,24744,156,
s699344422,p02791,u329706129,1579464020,Python,Python (3.4.3),py,Accepted,107,24744,147,
s982631725,p02791,u222822036,1579464020,JavaScript,JavaScript (node.js v5.12),js,Accepted,107,22224,1512,
s036035018,p02791,u759177660,1579464020,C++,C++14 (GCC 5.4.1),cpp,Accepted,19,1400,510,
s144933209,p02791,u221533195,1579464019,C++,C++14 (GCC 5.4.1),cpp,Accepted,21,256,236,
s909629377,p02791,u286078821,1579464019,C++,C++14 (GCC 5.4.1),cpp,Accepted,20,256,284,
s773352318,p02791,u104074027,1579464019,C++,C++14 (GCC 5.4.1),cpp,Accepted,19,1024,792,
s687875713,p02791,u500494303,1579464019,C++,C++14 (GCC 5.4.1),cpp,Time Limit Exceeded,2103,1024,293,
s221438614,p02791,u343198724,1579464019,C++,C++14 (GCC 5.4.1),cpp,Accepted,77,256,243,
s388730374,p02791,u497601987,1579464019,C++,C++14 (GCC 5.4.1),cpp,Accepted,20,1024,2140,
s954343372,p02791,u564089749,1579464019,C++,C++14 (GCC 5.4.1),cpp,Accepted,18,1024,604,
s935636521,p02791,u299043628,1579464018,C++,C++14 (GCC 5.4.1),cpp,Accepted,19,1792,641,
s836615350,p02791,u788717734,1579464018,C++,C++14 (GCC 5.4.1),cpp,Accepted,61,1792,370,
s636356875,p02791,u545411641,1579464018,Python,Python (3.4.3),py,Accepted,189,24744,303,
s278034325,p02791,u855866205,1579464017,Python,PyPy3 (2.4.0),py,Wrong Answer,241,75728,158,
s351840326,p02791,u904612569,1579464017,Python,Python (3.4.3),py,Accepted,126,24436,160,
s100813611,p02791,u054274920,1579464017,Python,Python (3.4.3),py,Accepted,107,24744,163,
s703025584,p02791,u715366261,1579464017,C++,C++14 (GCC 5.4.1),cpp,Accepted,61,1024,1632,
s080317154,p02791,u994521204,1579464017,Python,Python (3.4.3),py,Accepted,123,24744,159,
s071447462,p02791,u226912938,1579464016,Python,Python (3.4.3),py,Accepted,114,24744,180,
s519163402,p02791,u094821005,1579464016,C++,C++14 (GCC 5.4.1),cpp,Accepted,29,3328,1103,
s725384371,p02791,u562002567,1579464016,Java,Java8 (OpenJDK 1.8.0),java,Accepted,209,45908,1888,
s045108396,p02791,u931819817,1579464016,C++,C++14 (GCC 5.4.1),cpp,Accepted,20,128,267,
s459036343,p02791,u539639881,1579464015,Python,Python (3.4.3),py,Accepted,110,24744,188,
s206460015,p02791,u614550445,1579464015,C++,C++14 (GCC 5.4.1),cpp,Accepted,18,1024,1386,
s957907814,p02791,u367021138,1579464015,C++,C++14 (GCC 5.4.1),cpp,Accepted,21,1664,315,
s789400972,p02791,u470936782,1579464014,Python,Python (3.4.3),py,Wrong Answer,606,34012,282,
s813333293,p02791,u195036695,1579464014,C++,C++14 (GCC 5.4.1),cpp,Accepted,62,1024,1948,
s550526039,p02791,u594140666,1579464014,C++,C++14 (GCC 5.4.1),cpp,Accepted,76,256,446,
s837062747,p02791,u341267151,1579464013,Python,Python (3.4.3),py,Accepted,147,24744,138,
s450337526,p02791,u276796245,1579464013,C++,C++14 (GCC 5.4.1),cpp,Accepted,60,1792,1032,
s934314016,p02791,u748808390,1579464013,C++,C++14 (GCC 5.4.1),cpp,Accepted,82,1024,1366,
s460874938,p02791,u460529791,1579464012,C++,C++14 (GCC 5.4.1),cpp,Accepted,17,256,1692,
s304373583,p02791,u997340502,1579464012,C++,C++14 (GCC 5.4.1),cpp,Accepted,162,9600,722,
s162339500,p02791,u416095653,1579464012,C#,C# (Mono 4.6.2.0),cs,Accepted,102,33116,547,
s084265649,p02791,u658960571,1579464010,C++,C++14 (GCC 5.4.1),cpp,Compile Error,,,231,
s764197514,p02791,u872581897,1579464010,C++,C++14 (GCC 5.4.1),cpp,Accepted,80,1024,427,
s251661042,p02791,u976817999,1579464010,C++,C++14 (GCC 5.4.1),cpp,Accepted,79,256,655,
s070664929,p02791,u616029737,1579464010,C++,C++14 (GCC 5.4.1),cpp,Accepted,19,1792,2755,
s583138185,p02791,u799603904,1579464009,C++,C++14 (GCC 5.4.1),cpp,Accepted,34,4992,747,
s485653295,p02791,u132033278,1579464009,C++,C++14 (GCC 5.4.1),cpp,Accepted,19,1024,825,
s276905880,p02791,u771541325,1579464008,C++,C++14 (GCC 5.4.1),cpp,Accepted,80,1024,897,
s272658099,p02791,u997641430,1579464008,Python,Python (3.4.3),py,Accepted,93,24744,158,
s816737317,p02791,u315475695,1579464008,C++,C++14 (GCC 5.4.1),cpp,Accepted,19,3328,1864,
s517016129,p02791,u423352690,1579464008,C++,C++14 (GCC 5.4.1),cpp,Accepted,80,1792,616,
s142426970,p02791,u074306398,1579464007,C++,C++14 (GCC 5.4.1),cpp,Accepted,60,1024,299,
s237120796,p02791,u090649502,1579464007,Python,Python (3.4.3),py,Time Limit Exceeded,2105,27008,673,
s372984099,p02791,u878967567,1579464007,C++,C++14 (GCC 5.4.1),cpp,Accepted,77,1024,518,
s071270917,p02791,u903311413,1579464007,C++,C++14 (GCC 5.4.1),cpp,Accepted,61,1024,1856,
s012635712,p02791,u372144784,1579464006,Python,PyPy3 (2.4.0),py,Accepted,260,76624,225,
s991531608,p02791,u649618744,1579464006,C++,C++14 (GCC 5.4.1),cpp,Runtime Error,135,640,404,
s839207139,p02791,u663017137,1579464006,C++,C++14 (GCC 5.4.1),cpp,Accepted,18,1792,1214,
s278055381,p02791,u311379832,1579464005,Python,Python (3.4.3),py,Accepted,182,26012,251,
s005008619,p02791,u639032323,1579464005,C++,C++14 (GCC 5.4.1),cpp,Accepted,77,1024,546,
s624118129,p02791,u220212997,1579464004,C++,C++14 (GCC 5.4.1),cpp,Accepted,19,1024,3367,
s268652192,p02791,u419877586,1579464004,Python,PyPy3 (2.4.0),py,Accepted,266,76624,139,
s088671600,p02791,u652683896,1579464003,Rust,Rust (1.15.1),rs,Accepted,14,8444,1706,
s313040400,p02791,u684901760,1579464003,C++,C++14 (GCC 5.4.1),cpp,Accepted,22,1792,1752,
s634398922,p02791,u428853051,1579464003,C++,C++14 (GCC 5.4.1),cpp,Accepted,59,256,408,
s382180957,p02791,u078832908,1579464003,Java,Java8 (OpenJDK 1.8.0),java,Accepted,551,79416,461,
s022147021,p02791,u322162884,1579464003,C++,C++14 (GCC 5.4.1),cpp,Accepted,60,1400,946,
s305742229,p02791,u370478299,1579464002,C++,C++14 (GCC 5.4.1),cpp,Accepted,59,256,580,
s379574457,p02791,u328099989,1579464002,Python,PyPy3 (2.4.0),py,Accepted,264,75472,201,
s045352789,p02791,u982630224,1579464002,Java,Java8 (OpenJDK 1.8.0),java,Accepted,592,67344,421,
s737156556,p02791,u106964380,1579464002,C++,C++14 (GCC 5.4.1),cpp,Accepted,19,1792,4841,
s602314111,p02791,u391157755,1579464002,Python,Python (3.4.3),py,Accepted,91,17940,178,
s056468623,p02791,u248670337,1579464002,Python,Python (3.4.3),py,Accepted,129,24744,107,
s715907266,p02791,u005702636,1579464002,C++,C++14 (GCC 5.4.1),cpp,Accepted,76,256,3147,
s308668548,p02791,u759165663,1579464002,C++,C++14 (GCC 5.4.1),cpp,Accepted,19,1024,1426,
s721757139,p02791,u036411476,1579464002,C++,C++14 (GCC 5.4.1),cpp,Accepted,63,1024,330,
s612404585,p02791,u848737670,1579464002,C++,C++14 (GCC 5.4.1),cpp,Accepted,155,10368,315,
s258944014,p02791,u332258971,1579464002,C++,C++14 (GCC 5.4.1),cpp,Accepted,59,256,508,
s233792388,p02791,u099001254,1579464001,C#,C# (Mono 4.6.2.0),cs,Wrong Answer,95,31452,1084,
s497775896,p02791,u232682623,1579464001,Java,Java8 (OpenJDK 1.8.0),java,Accepted,226,47516,4422,
s109157446,p02791,u064963667,1579464001,Python,Python (3.4.3),py,Accepted,109,24744,177,
s687480415,p02791,u696486967,1579464000,C++,C++14 (GCC 5.4.1),cpp,Accepted,76,1024,311,
s453586499,p02791,u923657126,1579464000,Python,Python (3.4.3),py,Accepted,122,24744,196,
s437408367,p02791,u969116807,1579463999,C++,C++14 (GCC 5.4.1),cpp,Accepted,66,1792,584,
s416970526,p02791,u954176652,1579463999,C++,C++14 (GCC 5.4.1),cpp,Accepted,19,1792,2480,
s701855004,p02791,u513960802,1579463999,Java,Java8 (OpenJDK 1.8.0),java,Accepted,577,65328,491,
s976791738,p02791,u024616993,1579463999,C++,C++14 (GCC 5.4.1),cpp,Accepted,19,1024,1335,
s450461980,p02791,u313994303,1579463999,C++,C++14 (GCC 5.4.1),cpp,Accepted,19,3456,1195,
s664181145,p02791,u423656246,1579463999,C++,C++14 (GCC 5.4.1),cpp,Accepted,77,256,286,
s813949317,p02791,u300579805,1579463999,Python,Python (3.4.3),py,Accepted,496,35324,418,
s949859223,p02791,u543167400,1579463998,C++,C++14 (GCC 5.4.1),cpp,Accepted,86,10368,1883,
s492977083,p02791,u676586714,1579463998,C++,C++14 (GCC 5.4.1),cpp,Accepted,17,384,1873,
s110866256,p02791,u341846697,1579463998,C++,C++14 (GCC 5.4.1),cpp,Time Limit Exceeded,2103,1792,559,
s391642841,p02791,u626129192,1579463997,C++,C++14 (GCC 5.4.1),cpp,Accepted,19,1792,1043,
s391467051,p02791,u912294434,1579463997,C++,C++14 (GCC 5.4.1),cpp,Accepted,109,9600,1030,
s402424820,p02791,u238186830,1579463997,C++,C++14 (GCC 5.4.1),cpp,Accepted,159,9600,1555,
s565536750,p02791,u409872261,1579463997,C++,C++14 (GCC 5.4.1),cpp,Runtime Error,185,1024,2359,
s891943012,p02791,u292849987,1579463997,Python,Python (3.4.3),py,Time Limit Exceeded,2104,25768,269,
s217651647,p02791,u097304477,1579463997,Java,Java8 (OpenJDK 1.8.0),java,Accepted,111,25812,7410,
s504135357,p02791,u018646913,1579463996,Java,Java8 (OpenJDK 1.8.0),java,Accepted,570,65532,447,
s689874795,p02791,u806657856,1579463996,C++,C++14 (GCC 5.4.1),cpp,Accepted,77,256,308,
s861198761,p02791,u764076797,1579463995,C++,C++14 (GCC 5.4.1),cpp,Accepted,61,2420,1013,
s176538978,p02791,u875541682,1579463995,C++,C++14 (GCC 5.4.1),cpp,Accepted,66,1024,987,
s833761923,p02791,u806517102,1579463995,C++,C++14 (GCC 5.4.1),cpp,Accepted,91,9600,833,
s305923871,p02791,u894950682,1579463995,C++,C++14 (GCC 5.4.1),cpp,Accepted,62,9600,4814,
s544522535,p02791,u209767598,1579463995,C++,C++14 (GCC 5.4.1),cpp,Time Limit Exceeded,2107,384,702,
s838067394,p02791,u904020199,1579463994,C++,C++14 (GCC 5.4.1),cpp,Time Limit Exceeded,2103,1792,522,
s203611228,p02791,u468743462,1579463994,C++,C++14 (GCC 5.4.1),cpp,Accepted,152,10368,956,
s820279855,p02791,u441770899,1579463994,Java,Java8 (OpenJDK 1.8.0),java,Accepted,222,48212,4070,
s162232023,p02791,u225053756,1579463993,Python,Python (3.4.3),py,Accepted,111,25768,172,
s867543326,p02791,u796789068,1579463993,Python,Python (3.4.3),py,Accepted,90,24744,174,
s718358135,p02791,u460185449,1579463993,Python,PyPy3 (2.4.0),py,Time Limit Exceeded,2107,77520,160,
s820702070,p02791,u729246375,1579463993,Ruby,Ruby (2.3.3),rb,Accepted,98,15236,139,
s994407134,p02791,u563502845,1579463993,C++,C++14 (GCC 5.4.1),cpp,Accepted,18,1792,1267,
s433113313,p02791,u630664279,1579463991,C++,C++14 (GCC 5.4.1),cpp,Accepted,63,1792,421,
s404407547,p02791,u324881146,1579463991,Java,Java8 (OpenJDK 1.8.0),java,Accepted,587,65176,401,
s996238379,p02791,u794807449,1579463991,C++,C++14 (GCC 5.4.1),cpp,Accepted,61,1920,875,
s469485902,p02791,u885523920,1579463991,C++,C++14 (GCC 5.4.1),cpp,Accepted,18,1024,328,
s117913885,p02791,u889817605,1579463991,C++,C++14 (GCC 5.4.1),cpp,Accepted,60,1792,358,
s033847615,p02791,u586336940,1579463990,C++,C++14 (GCC 5.4.1),cpp,Accepted,76,256,319,
s206635224,p02791,u620755587,1579463990,Python,Python (3.4.3),py,Accepted,146,25816,166,
s329871143,p02791,u747184036,1579463989,C++,C++14 (GCC 5.4.1),cpp,Accepted,18,256,576,
s128580300,p02791,u844069204,1579463989,Java,Java8 (OpenJDK 1.8.0),java,Accepted,492,65300,407,
s961355551,p02791,u376099073,1579463989,Python,Python (3.4.3),py,Wrong Answer,111,24744,199,
s546245164,p02791,u398025421,1579463988,C++,C++14 (GCC 5.4.1),cpp,Accepted,103,9728,605,
s031316295,p02791,u447708702,1579463988,C++,C++14 (GCC 5.4.1),cpp,Accepted,27,1792,1575,
s719216459,p02791,u382773334,1579463988,C++,C++14 (GCC 5.4.1),cpp,Accepted,235,10368,913,
s731210505,p02791,u343935874,1579463988,C++,C++14 (GCC 5.4.1),cpp,Accepted,61,1024,377,
s372948515,p02791,u012133968,1579463988,Ruby,Ruby (2.3.3),rb,Accepted,99,15236,144,
s685634425,p02791,u846796522,1579463988,C++,C++14 (GCC 5.4.1),cpp,Accepted,60,1024,1322,
s647963710,p02791,u825378567,1579463988,Python,Python (3.4.3),py,Time Limit Exceeded,2104,24744,200,
s045060130,p02791,u935984175,1579463988,Python,Python (3.4.3),py,Accepted,110,25116,246,
s910961018,p02791,u588369531,1579463987,C++,C++14 (GCC 5.4.1),cpp,Wrong Answer,2103,1024,2710,
s876522903,p02791,u397031956,1579463987,C++,C++14 (GCC 5.4.1),cpp,Accepted,77,256,336,
s914918828,p02791,u451080461,1579463986,Java,Java8 (OpenJDK 1.8.0),java,Accepted,590,86892,724,
s557967137,p02791,u237316771,1579463986,Python,Python (3.4.3),py,Accepted,105,27520,519,
s348263201,p02791,u711539583,1579463986,Python,PyPy3 (2.4.0),py,Accepted,280,86864,188,
s714902049,p02791,u677253688,1579463986,Python,Python (3.4.3),py,Accepted,89,24744,142,
s069939226,p02791,u472216275,1579463986,Python,PyPy3 (2.4.0),py,Accepted,252,75600,172,
s802143444,p02791,u663862781,1579463985,C++,C++14 (GCC 5.4.1),cpp,Accepted,19,1024,730,
s341974694,p02791,u434282696,1579463984,C++,C++14 (GCC 5.4.1),cpp,Accepted,62,1024,473,
s788183966,p02791,u497952650,1579463984,Python,Python (3.4.3),py,Accepted,169,24744,188,
s704786244,p02791,u176645218,1579463984,Python,PyPy3 (2.4.0),py,Accepted,273,77468,150,
s112346077,p02791,u082801599,1579463984,C++,C++14 (GCC 5.4.1),cpp,Accepted,76,256,250,
s868194312,p02791,u645369394,1579463984,C++,C++14 (GCC 5.4.1),cpp,Accepted,59,1024,304,
s499463896,p02791,u947304300,1579463984,C++,C++14 (GCC 5.4.1),cpp,Accepted,18,1792,872,
s951089117,p02791,u861095163,1579463984,Java,Java8 (OpenJDK 1.8.0),java,Accepted,120,25320,12142,
s015364658,p02791,u150542210,1579463983,Go,Go (1.6),go,Accepted,42,5504,1646,
s994752868,p02791,u806517102,1579463983,C++,C++14 (Clang 3.8.0),cpp,Compile Error,,,833,
s290283702,p02791,u795506884,1579463983,C++,C++14 (GCC 5.4.1),cpp,Accepted,60,1024,323,
s967069371,p02791,u111497285,1579463983,Python,Python (3.4.3),py,Accepted,151,24744,189,
s974680256,p02791,u896451538,1579463983,Python,Python (3.4.3),py,Accepted,124,26844,708,
s619924486,p02791,u458927061,1579463983,C++,C++14 (GCC 5.4.1),cpp,Accepted,18,256,628,
s232599326,p02791,u551351897,1579463982,C++,C++14 (GCC 5.4.1),cpp,Accepted,19,1024,999,
s195611172,p02791,u491279738,1579463982,C++,C++14 (GCC 5.4.1),cpp,Accepted,62,1792,579,
s058955364,p02791,u215115622,1579463981,Python,PyPy3 (2.4.0),py,Accepted,242,75472,170,
s661712052,p02791,u464957469,1579463981,C++,C++14 (GCC 5.4.1),cpp,Wrong Answer,64,1152,218,
s367017235,p02791,u222293734,1579463980,C++,C++14 (GCC 5.4.1),cpp,Accepted,69,2168,1648,
s999965759,p02791,u296518383,1579463980,Python,PyPy3 (2.4.0),py,Accepted,260,76752,182,
s377951342,p02791,u927949305,1579463980,C++,C++14 (GCC 5.4.1),cpp,Accepted,19,1024,1894,
s122349802,p02791,u509167006,1579463980,C++,C++14 (GCC 5.4.1),cpp,Accepted,18,1792,555,
s863783785,p02791,u196629968,1579463980,C++,C++14 (GCC 5.4.1),cpp,Accepted,59,1024,412,
s993453844,p02791,u799939777,1579463979,C++,C++14 (GCC 5.4.1),cpp,Accepted,60,1792,1070,
s570023211,p02791,u594477812,1579463979,Python,PyPy3 (2.4.0),py,Accepted,268,76752,131,
s740454276,p02791,u581736493,1579463979,C++,C++14 (GCC 5.4.1),cpp,Accepted,28,1792,1262,
s866105082,p02791,u319322407,1579463979,C++,C++14 (GCC 5.4.1),cpp,Accepted,19,1024,717,
s872948682,p02791,u192280767,1579463979,C++,C++14 (GCC 5.4.1),cpp,Accepted,60,1024,295,
s839387265,p02791,u596368396,1579463978,Python,PyPy3 (2.4.0),py,Accepted,249,75616,159,
s196965662,p02791,u619248223,1579463978,C++,C++14 (GCC 5.4.1),cpp,Accepted,22,256,365,
s767025873,p02791,u428397309,1579463978,Python,Python (3.4.3),py,Accepted,92,24744,193,
s183433606,p02791,u843265043,1579463977,C++,C++14 (GCC 5.4.1),cpp,Accepted,21,1024,453,
s837646678,p02791,u648061881,1579463977,C++,C++14 (GCC 5.4.1),cpp,Accepted,15,1024,833,
s980406091,p02791,u762193256,1579463977,C#,C# (Mono 4.6.2.0),cs,Accepted,183,19164,3635,
s682591835,p02791,u095266283,1579463977,C++,C++14 (GCC 5.4.1),cpp,Accepted,30,3456,3174,
s698139566,p02791,u110383054,1579463977,C++,C++14 (GCC 5.4.1),cpp,Accepted,77,1024,385,
s318483749,p02791,u821323926,1579463977,Java,Java8 (OpenJDK 1.8.0),java,Accepted,196,46040,1184,
s244926264,p02791,u680850076,1579463976,C++,C++14 (GCC 5.4.1),cpp,Accepted,18,1792,1053,
s011829003,p02791,u493750228,1579463976,C++,C++14 (GCC 5.4.1),cpp,Accepted,19,1792,1289,
s330980912,p02791,u616547520,1579463976,C++,C++14 (GCC 5.4.1),cpp,Accepted,18,256,1762,
s771316129,p02791,u222866518,1579463976,C++,C++14 (GCC 5.4.1),cpp,Accepted,78,256,352,
s567448199,p02791,u499381410,1579463975,Python,PyPy3 (2.4.0),py,Accepted,322,65780,1644,
s758676846,p02791,u936985471,1579463975,Python,Python (3.4.3),py,Accepted,106,24744,149,
s811044295,p02791,u229148215,1579463975,C++,C++14 (GCC 5.4.1),cpp,Accepted,63,1024,495,
s958505827,p02791,u888249344,1579463975,C++,C++14 (GCC 5.4.1),cpp,Accepted,18,1792,421,
s280565820,p02791,u914802579,1579463975,Python,Python (3.4.3),py,Accepted,175,24744,131,
s122912842,p02791,u063550903,1579463975,Python,Python (3.4.3),py,Wrong Answer,107,25768,162,
s217117224,p02791,u398437835,1579463974,C++,C++14 (GCC 5.4.1),cpp,Accepted,19,1792,1222,
s768798741,p02791,u949798495,1579463974,C++,C++14 (GCC 5.4.1),cpp,Accepted,19,1024,5183,
s355576612,p02791,u961683878,1579463974,Python,Python (3.4.3),py,Time Limit Exceeded,2109,29424,327,
s739916827,p02791,u052247353,1579463974,C++,C++14 (GCC 5.4.1),cpp,Accepted,84,3072,2666,
s609191501,p02791,u280859559,1579463974,C++,C++14 (GCC 5.4.1),cpp,Accepted,18,1024,400,
s204183057,p02791,u577127055,1579463973,C++,C++14 (GCC 5.4.1),cpp,Accepted,21,1792,1008,
s310986630,p02791,u037006720,1579463972,C++,C++14 (GCC 5.4.1),cpp,Compile Error,,,408,
s998478430,p02791,u019233781,1579463972,C++,C++14 (GCC 5.4.1),cpp,Accepted,21,1024,1437,
s632185888,p02791,u104282757,1579463972,Python,Python (3.4.3),py,Accepted,132,25736,687,
s642022254,p02791,u612175324,1579463972,C++,C++14 (GCC 5.4.1),cpp,Accepted,61,1792,343,
s955694561,p02791,u970308980,1579463972,Python,Python (3.4.3),py,Accepted,113,24744,157,
s546270009,p02791,u714878632,1579463971,Python,Python (3.4.3),py,Accepted,313,35020,506,
s538734097,p02791,u608726540,1579463971,Python,Python (3.4.3),py,Time Limit Exceeded,2104,24744,149,
s118584153,p02791,u786831102,1579463971,C++,C++14 (GCC 5.4.1),cpp,Accepted,21,1024,578,
s452129326,p02791,u343198724,1579463970,C++,C++14 (GCC 5.4.1),cpp,Wrong Answer,76,256,224,
s491569142,p02791,u142234618,1579463970,C++,C++14 (GCC 5.4.1),cpp,Accepted,77,1024,304,
s453054171,p02791,u563743611,1579463970,C++,C++14 (GCC 5.4.1),cpp,Accepted,76,256,620,
s904757356,p02791,u533664916,1579463970,C++,C++14 (GCC 5.4.1),cpp,Accepted,63,4352,377,
s460851749,p02791,u382431597,1579463969,Python,PyPy3 (2.4.0),py,Accepted,256,76368,188,
s469001007,p02791,u269804060,1579463969,C++,C++14 (GCC 5.4.1),cpp,Accepted,60,256,331,
s614415489,p02791,u299761130,1579463969,Ruby,Ruby (2.3.3),rb,Accepted,102,15236,179,
s616470869,p02791,u363992934,1579463969,Python,Python (3.4.3),py,Time Limit Exceeded,2104,24872,209,
s146894900,p02791,u764058295,1579463969,C++,C++14 (GCC 5.4.1),cpp,Accepted,46,3200,2367,
s794345665,p02791,u398025421,1579463969,C++,C++14 (GCC 5.4.1),cpp,Compile Error,,,604,
s217929435,p02791,u588341295,1579463968,Python,Python (3.4.3),py,Accepted,1300,25864,1702,
s035974025,p02791,u842939260,1579463968,C++,C++14 (GCC 5.4.1),cpp,Accepted,19,1024,956,
s583109800,p02791,u567815593,1579463968,C++,C++14 (GCC 5.4.1),cpp,Accepted,19,1024,358,
s325021563,p02791,u083960235,1579463968,Python,Python (3.4.3),py,Time Limit Exceeded,2104,27200,910,
s065070797,p02791,u231122239,1579463968,Python,Python (3.4.3),py,Accepted,111,24872,173,
s036646892,p02791,u235172502,1579463968,Python,Python (3.4.3),py,Accepted,151,24744,142,
s757274014,p02791,u010090035,1579463968,Python,Python (3.4.3),py,Accepted,126,24744,151,
s647191762,p02791,u714269187,1579463967,C++,C++14 (GCC 5.4.1),cpp,Wrong Answer,18,1792,639,
s621745799,p02791,u760859588,1579463967,C++,C++14 (GCC 5.4.1),cpp,Accepted,18,1792,889,
s264827089,p02791,u442810826,1579463967,Python,Python (3.4.3),py,Time Limit Exceeded,2109,36164,231,
s250600278,p02791,u100277898,1579463967,Python,Python (3.4.3),py,Accepted,97,24744,147,
s643164115,p02791,u148209568,1579463966,C++,C++14 (GCC 5.4.1),cpp,Accepted,18,1792,1178,
s889793385,p02791,u116328320,1579463966,Rust,Rust (1.15.1),rs,Accepted,14,8444,864,
s417187985,p02791,u759162415,1579463966,C++,C++14 (GCC 5.4.1),cpp,Accepted,18,1792,1581,
s076755515,p02791,u483992368,1579463966,C++,C++14 (GCC 5.4.1),cpp,Accepted,62,1024,445,
s515725135,p02791,u417817181,1579463966,C++,C++14 (GCC 5.4.1),cpp,Accepted,20,128,253,
s218813947,p02791,u069799734,1579463966,C++,C++14 (GCC 5.4.1),cpp,Accepted,79,1024,744,
s535246367,p02791,u491314298,1579463965,C++,C++14 (GCC 5.4.1),cpp,Accepted,60,1024,449,
s605108204,p02791,u424602097,1579463965,C++,C++14 (GCC 5.4.1),cpp,Accepted,63,1152,521,
s034541872,p02791,u779455925,1579463965,Python,PyPy3 (2.4.0),py,Accepted,256,76752,201,
s634683433,p02791,u523969266,1579463965,C++,C++14 (GCC 5.4.1),cpp,Accepted,60,1792,1935,
s038709777,p02791,u755830696,1579463964,C++,C++14 (GCC 5.4.1),cpp,Accepted,88,10368,397,
s022261784,p02791,u486097563,1579463964,C++,C++14 (GCC 5.4.1),cpp,Accepted,67,1400,354,
s284307630,p02791,u204842730,1579463964,Python,Python (3.4.3),py,Time Limit Exceeded,2104,24744,149,
s825593022,p02791,u917282863,1579463964,C++,C++14 (GCC 5.4.1),cpp,Accepted,60,1024,882,
s404833598,p02791,u197300773,1579463964,Python,Python (3.4.3),py,Accepted,105,24744,135,
s659195596,p02791,u006425112,1579463964,Python,Python (3.4.3),py,Accepted,106,24744,211,
s282692023,p02791,u740054550,1579463964,C++,C++14 (GCC 5.4.1),cpp,Accepted,78,256,3215,
s235846384,p02791,u189479417,1579463964,Python,Python (3.4.3),py,Accepted,110,24744,151,
s850588860,p02791,u806517102,1579463963,C++,C++14 (Clang 3.8.0),cpp,Compile Error,,,833,
s251345212,p02791,u886790158,1579463963,C++,C++14 (Clang 3.8.0),cpp,Wrong Answer,166,1024,421,
s134442693,p02791,u775378453,1579463963,C++,C++14 (GCC 5.4.1),cpp,Accepted,19,1792,1478,
s431079772,p02791,u905220966,1579463963,C++,C++14 (GCC 5.4.1),cpp,Accepted,115,11264,1387,
s612499614,p02791,u225470629,1579463963,Java,Java8 (OpenJDK 1.8.0),java,Accepted,204,46092,6283,
s318616419,p02791,u186426563,1579463962,Python,Python (3.4.3),py,Accepted,109,24744,169,
s082869796,p02791,u522266645,1579463962,C++,C++14 (GCC 5.4.1),cpp,Accepted,20,128,205,
s745157280,p02791,u657913472,1579463962,C++,C++14 (GCC 5.4.1),cpp,Accepted,77,256,160,
s370772588,p02791,u584790715,1579463961,Python,Python (3.4.3),py,Accepted,144,26012,157,
s516589220,p02791,u067237725,1579463961,C++,C++14 (GCC 5.4.1),cpp,Accepted,19,1024,650,
s389351364,p02791,u642120132,1579463961,C++,C++14 (GCC 5.4.1),cpp,Accepted,61,1024,301,
s464680553,p02791,u895409580,1579463961,C++,C++14 (GCC 5.4.1),cpp,Accepted,60,1024,427,
s374714193,p02791,u617037231,1579463961,Python,Python (3.4.3),py,Time Limit Exceeded,2104,24744,191,
s655200435,p02791,u365917065,1579463960,C++,C++14 (GCC 5.4.1),cpp,Accepted,77,1024,315,
s071553079,p02791,u189326411,1579463960,Python,Python (3.4.3),py,Accepted,96,24744,135,
s035187582,p02791,u534998883,1579463959,C++,C++14 (GCC 5.4.1),cpp,Accepted,60,1024,699,
s256947188,p02791,u437371397,1579463959,C++,C++14 (GCC 5.4.1),cpp,Accepted,18,256,391,
s300010276,p02791,u828664775,1579463959,C++,C++14 (GCC 5.4.1),cpp,Accepted,78,1024,464,
s249444424,p02791,u418785081,1579463958,C++,C++14 (GCC 5.4.1),cpp,Accepted,76,256,247,
s390599678,p02791,u341447450,1579463958,C++,C++14 (GCC 5.4.1),cpp,Accepted,67,1920,837,
s954658707,p02791,u293518505,1579463958,C++,C++14 (GCC 5.4.1),cpp,Accepted,61,1792,956,
s152273721,p02791,u745561510,1579463958,Python,PyPy3 (2.4.0),py,Accepted,245,75472,181,
s581791754,p02791,u895515293,1579463958,Python,PyPy3 (2.4.0),py,Accepted,259,76752,789,
s265333105,p02791,u811817592,1579463958,Python,Python (3.4.3),py,Accepted,110,24744,210,
s872135366,p02791,u432551953,1579463958,Python,PyPy3 (2.4.0),py,Accepted,251,71004,372,
s834569957,p02791,u178432859,1579463958,Python,Python (3.4.3),py,Accepted,113,24744,166,
s626645028,p02791,u202894455,1579463958,Rust,Rust (1.15.1),rs,Accepted,15,12540,882,
s044543658,p02791,u032627078,1579463958,C++,C++14 (GCC 5.4.1),cpp,Accepted,94,1792,799,
s324107838,p02791,u213143761,1579463957,C#,C# (Mono 4.6.2.0),cs,Accepted,109,34012,517,
s100626111,p02791,u222668979,1579463957,Python,Python (3.4.3),py,Time Limit Exceeded,2104,24744,178,
s661057860,p02791,u099643902,1579463956,Python,Python (3.4.3),py,Accepted,105,24744,161,
s938281281,p02791,u174105158,1579463956,C++,C++14 (GCC 5.4.1),cpp,Accepted,77,256,268,
s737233821,p02791,u858575800,1579463956,C++,C++14 (GCC 5.4.1),cpp,Accepted,66,1024,338,
s045118350,p02791,u941438707,1579463956,Python,Python (3.4.3),py,Accepted,88,25116,128,
s292855773,p02791,u526603504,1579463955,Python,Python (3.4.3),py,Accepted,90,24744,145,
s744332220,p02791,u337199858,1579463955,C++,C++14 (GCC 5.4.1),cpp,Accepted,77,1792,1638,
s425763683,p02791,u830009609,1579463955,C++,C++14 (GCC 5.4.1),cpp,Accepted,77,1024,442,
s041772063,p02791,u172111219,1579463955,Python,PyPy3 (2.4.0),py,Wrong Answer,477,96368,335,
s741825109,p02791,u082670343,1579463955,Java,Java8 (OpenJDK 1.8.0),java,Accepted,110,24384,11224,
s084263181,p02791,u644332191,1579463954,C++,C++14 (GCC 5.4.1),cpp,Accepted,79,1024,797,
s737309219,p02791,u522200796,1579463954,C++,C++14 (GCC 5.4.1),cpp,Accepted,63,1024,289,
s833100077,p02791,u967508551,1579463954,Java,Java8 (OpenJDK 1.8.0),java,Accepted,109,26324,9798,
s783216632,p02791,u550061714,1579463954,Python,Python (3.4.3),py,Accepted,91,24744,158,
s844967211,p02791,u245407321,1579463954,C++,C++14 (GCC 5.4.1),cpp,Runtime Error,166,640,840,
s902276931,p02791,u211236379,1579463953,Python,Python (3.4.3),py,Accepted,91,24744,242,
s159143547,p02791,u955202970,1579463953,C++,C++14 (GCC 5.4.1),cpp,Accepted,60,1024,292,
s084395158,p02791,u047371023,1579463953,C++,C++14 (GCC 5.4.1),cpp,Accepted,28,1792,402,
s121525813,p02791,u604352408,1579463953,Ruby,Ruby (2.3.3),rb,Accepted,159,20484,158,
s188708754,p02791,u748241164,1579463952,Python,Python (3.4.3),py,Accepted,147,24744,171,
s935157358,p02791,u182171064,1579463952,C++,C++14 (GCC 5.4.1),cpp,Accepted,59,256,263,
s344245622,p02791,u720321944,1579463952,C++,C++14 (GCC 5.4.1),cpp,Time Limit Exceeded,2103,1024,342,
s597503166,p02791,u104896619,1579463951,C++,C++14 (GCC 5.4.1),cpp,Accepted,66,1920,734,
s568379113,p02791,u280978334,1579463951,Python,Python (3.4.3),py,Accepted,108,24872,310,
s926380037,p02791,u374531474,1579463951,Python,Python (3.4.3),py,Accepted,104,24744,154,
s217292747,p02791,u953095464,1579463951,C++,C++14 (GCC 5.4.1),cpp,Accepted,62,1024,341,
s778277209,p02791,u644293699,1579463950,C++,C++14 (GCC 5.4.1),cpp,Accepted,77,256,292,
s232576129,p02791,u045712871,1579463950,Java,Java8 (OpenJDK 1.8.0),java,Accepted,576,65036,555,
s737673952,p02791,u541410431,1579463950,C++,C++14 (GCC 5.4.1),cpp,Accepted,76,256,888,
s880573331,p02791,u371763408,1579463950,Python,Python (3.4.3),py,Accepted,136,24744,155,
s170677357,p02791,u550573951,1579463949,C++,C++14 (GCC 5.4.1),cpp,Accepted,91,1400,548,
s674608793,p02791,u775013393,1579463949,C++,C++14 (GCC 5.4.1),cpp,Accepted,59,1024,1462,
s452900898,p02791,u550294762,1579463949,Python,Python (3.4.3),py,Accepted,108,24744,220,
s893447756,p02791,u735891571,1579463949,Python,Python (3.4.3),py,Accepted,96,24744,150,
s999325233,p02791,u755499606,1579463948,C++,C++14 (GCC 5.4.1),cpp,Accepted,62,1792,361,
s151884531,p02791,u077141270,1579463948,Python,PyPy3 (2.4.0),py,Accepted,263,70992,361,
s972622798,p02791,u363315718,1579463948,Python,PyPy3 (2.4.0),py,Accepted,255,81616,652,
s652725122,p02791,u630452895,1579463948,C++,C++14 (GCC 5.4.1),cpp,Accepted,21,1792,573,
s175245847,p02791,u743229067,1579463947,C++,C++14 (GCC 5.4.1),cpp,Accepted,60,1024,2243,
s204933060,p02791,u596372590,1579463947,C++,C++14 (GCC 5.4.1),cpp,Accepted,21,1024,964,
s775700200,p02791,u590530218,1579463947,C++,C++14 (GCC 5.4.1),cpp,Accepted,76,256,531,
s931061746,p02791,u707870100,1579463947,Python,Python (3.4.3),py,Accepted,130,25120,273,
s177566515,p02791,u524870111,1579463947,Python,Python (3.4.3),py,Accepted,101,23588,359,
s601938963,p02791,u193690465,1579463946,C++,C++14 (GCC 5.4.1),cpp,Accepted,18,256,1980,
s272943496,p02791,u540761833,1579463946,Python,Python (3.4.3),py,Accepted,174,25272,300,
s246702058,p02791,u787416686,1579463946,C++,C++14 (GCC 5.4.1),cpp,Wrong Answer,20,1792,776,
s302035527,p02791,u585632200,1579463946,TypeScript,TypeScript (2.1.6),ts,Accepted,105,22224,1034,
s460143138,p02791,u463184562,1579463946,C++,C++14 (GCC 5.4.1),cpp,Wrong Answer,77,1024,426,
s365606591,p02791,u319329587,1579463945,C++,C++14 (GCC 5.4.1),cpp,Time Limit Exceeded,2103,1792,766,
s826751414,p02791,u164352406,1579463945,C++,C++14 (GCC 5.4.1),cpp,Accepted,76,256,311,
s385241289,p02791,u618002097,1579463945,Python,PyPy3 (2.4.0),py,Accepted,297,76496,172,
s034480399,p02791,u744305661,1579463945,C++,C++14 (GCC 5.4.1),cpp,Accepted,60,1024,532,
s885444380,p02791,u697090185,1579463944,C++,C++14 (GCC 5.4.1),cpp,Time Limit Exceeded,2103,1792,624,
s116830195,p02791,u886747123,1579463944,Python,Python (3.4.3),py,Accepted,156,26012,247,
s454337280,p02791,u442039299,1579463944,Java,Java8 (OpenJDK 1.8.0),java,Accepted,585,62700,359,
s863818738,p02791,u824132304,1579463944,C++,C++14 (GCC 5.4.1),cpp,Accepted,77,1024,577,
s584226020,p02791,u476482490,1579463944,Java,Java8 (OpenJDK 1.8.0),java,Accepted,579,62488,475,
s421691073,p02791,u071221052,1579463944,C++,C++14 (GCC 5.4.1),cpp,Accepted,18,1792,1159,
s756972593,p02791,u048904090,1579463944,C++,C++14 (GCC 5.4.1),cpp,Accepted,78,256,286,
s255061979,p02791,u489124637,1579463943,Python,PyPy3 (2.4.0),py,Accepted,265,76624,160,
s484445372,p02791,u722535636,1579463943,C++,C++14 (GCC 5.4.1),cpp,Accepted,18,1792,1000,
s156765519,p02791,u195132800,1579463943,C++,C++14 (GCC 5.4.1),cpp,Accepted,61,1792,914,
s656856524,p02791,u383303619,1579463943,C++,C++14 (GCC 5.4.1),cpp,Accepted,21,1024,335,
s510227721,p02791,u464110417,1579463943,C++,C++14 (GCC 5.4.1),cpp,Accepted,19,3328,422,
s461389858,p02791,u223133214,1579463943,Python,PyPy3 (2.4.0),py,Accepted,260,76496,165,
s328332153,p02791,u797994565,1579463942,Python,Python (3.4.3),py,Accepted,140,24744,203,
s823060869,p02791,u951480280,1579463942,Python,Python (3.4.3),py,Time Limit Exceeded,2104,24744,125,
s673551762,p02791,u462434199,1579463942,C++,C++14 (GCC 5.4.1),cpp,Accepted,21,1792,675,
s940207969,p02791,u796408111,1579463942,C++,C++14 (GCC 5.4.1),cpp,Accepted,60,1024,1531,
s938341083,p02791,u375619974,1579463942,C++,C++14 (GCC 5.4.1),cpp,Accepted,59,1792,2654,
s063383058,p02791,u902500155,1579463942,C++,C++14 (GCC 5.4.1),cpp,Accepted,59,256,668,
s763293441,p02791,u516353059,1579463942,C++,C++14 (GCC 5.4.1),cpp,Accepted,18,1792,2122,
s352371619,p02791,u540877546,1579463941,C++,C++14 (GCC 5.4.1),cpp,Time Limit Exceeded,2103,1024,550,
s572107900,p02791,u290279680,1579463941,Python,Python (3.4.3),py,Time Limit Exceeded,2104,24744,147,
s615516231,p02791,u103600314,1579463941,Go,Go (1.6),go,Accepted,44,5248,7165,
s384590210,p02791,u784022244,1579463940,Python,PyPy3 (2.4.0),py,Wrong Answer,252,75472,122,
s693962448,p02791,u156918752,1579463940,C++,C++14 (GCC 5.4.1),cpp,Wrong Answer,78,256,286,
s091712870,p02791,u938841444,1579463940,C++,C++14 (GCC 5.4.1),cpp,Accepted,60,1024,1093,
s897172617,p02791,u895382169,1579463939,C++,C++14 (GCC 5.4.1),cpp,Accepted,77,256,1466,
s261426378,p02791,u221594565,1579463939,C++,C++14 (GCC 5.4.1),cpp,Accepted,18,1792,542,
s010760476,p02791,u638661457,1579463939,C++,C++14 (GCC 5.4.1),cpp,Accepted,78,1024,677,
s613103634,p02791,u963610246,1579463939,C++,C++14 (GCC 5.4.1),cpp,Accepted,18,1024,402,
s606811620,p02791,u968846084,1579463938,Python,Python (3.4.3),py,Accepted,106,24744,129,
s401896038,p02791,u740122945,1579463938,C++,C++14 (GCC 5.4.1),cpp,Accepted,12,1024,1549,
s387526227,p02791,u660444966,1579463938,Java,Java8 (OpenJDK 1.8.0),java,Accepted,573,62700,453,
s089152740,p02791,u587669944,1579463937,Python,Python (3.4.3),py,Time Limit Exceeded,2104,25768,315,
s933022966,p02791,u960267905,1579463937,C++,C++14 (GCC 5.4.1),cpp,Accepted,22,3328,1380,
s574174310,p02791,u063131621,1579463937,C++,C++14 (GCC 5.4.1),cpp,Accepted,79,256,321,
s005651319,p02791,u638320267,1579463936,Python,Python (3.4.3),py,Accepted,178,25768,205,
s768883926,p02791,u381755004,1579463936,C++,C++14 (GCC 5.4.1),cpp,Accepted,62,3328,792,
s015523975,p02791,u673361376,1579463936,Python,PyPy3 (2.4.0),py,Wrong Answer,292,85200,293,
s376647097,p02791,u489316980,1579463936,Java,Java8 (OpenJDK 1.8.0),java,Accepted,467,50944,446,
s434985873,p02791,u560988566,1579463936,Python,Python (3.4.3),py,Accepted,108,24744,160,
s089599342,p02791,u848088933,1579463936,C++,C++14 (GCC 5.4.1),cpp,Accepted,18,256,1169,
s466769688,p02791,u315597999,1579463936,Ruby,Ruby (2.3.3),rb,Accepted,106,16988,159,
s168734173,p02791,u258048343,1579463936,C++,C++14 (GCC 5.4.1),cpp,Accepted,19,1024,739,
s370982667,p02791,u094534482,1579463936,C++,C++14 (GCC 5.4.1),cpp,Accepted,63,1920,1699,
s460488444,p02791,u676699191,1579463936,C++,C++14 (GCC 5.4.1),cpp,Accepted,60,1024,529,
s014829901,p02791,u892222895,1579463936,C++,C++14 (GCC 5.4.1),cpp,Accepted,13,1024,601,
s478544271,p02791,u902151549,1579463935,Python,PyPy3 (2.4.0),py,Accepted,240,75344,214,
s703877136,p02791,u298297089,1579463935,Python,Python (3.4.3),py,Accepted,89,24744,143,
s424354016,p02791,u693034345,1579463935,C#,C# (Mono 4.6.2.0),cs,Accepted,93,29020,554,
s783301799,p02791,u224481909,1579463935,C++,C++14 (GCC 5.4.1),cpp,Accepted,104,11264,943,
s902141238,p02791,u751718721,1579463935,C++,C++14 (GCC 5.4.1),cpp,Accepted,182,10368,3734,
s838632013,p02791,u377566715,1579463934,C++,C++14 (GCC 5.4.1),cpp,Accepted,22,3328,525,
s117334634,p02791,u592610268,1579463934,C++,C++14 (GCC 5.4.1),cpp,Accepted,60,1792,2695,
s825300659,p02791,u924451152,1579463934,C++,C++14 (GCC 5.4.1),cpp,Accepted,64,1024,376,
s568311078,p02791,u586681080,1579463933,Haskell,Haskell (GHC 7.10.3),hs,Accepted,14,6396,13580,
s282129722,p02791,u807028974,1579463933,Python,PyPy3 (2.4.0),py,Accepted,270,77132,1749,
s220287443,p02791,u401013791,1579463933,C++,C++14 (GCC 5.4.1),cpp,Accepted,23,2420,628,
s595171333,p02791,u331081465,1579463933,C++,C++14 (GCC 5.4.1),cpp,Wrong Answer,19,1024,548,
s345088434,p02791,u167307651,1579463932,Python,PyPy3 (2.4.0),py,Time Limit Exceeded,2112,136704,131,
s476908924,p02791,u862095327,1579463932,C++,C++14 (GCC 5.4.1),cpp,Accepted,18,256,969,
s155447110,p02791,u729617972,1579463932,Java,Java8 (OpenJDK 1.8.0),java,Accepted,583,64424,447,
s243713083,p02791,u223857357,1579463932,C++,C++14 (GCC 5.4.1),cpp,Accepted,76,256,514,
s667594593,p02791,u021083776,1579463932,C++,C++14 (GCC 5.4.1),cpp,Accepted,80,1024,292,
s149832735,p02791,u561992253,1579463931,Python,Python (3.4.3),py,Accepted,114,24744,190,
s610460374,p02791,u637170240,1579463931,Python,PyPy3 (2.4.0),py,Accepted,262,76624,158,
s518414488,p02791,u142577570,1579463931,C++,C++14 (GCC 5.4.1),cpp,Accepted,63,1024,585,
s297658615,p02791,u650620788,1579463931,Ruby,Ruby (2.3.3),rb,Accepted,97,16516,164,
s905610520,p02791,u191196346,1579463931,Ruby,Ruby (2.3.3),rb,Accepted,98,16516,151,
s401291005,p02791,u654127147,1579463931,Python,PyPy3 (2.4.0),py,Accepted,257,76880,204,
s899591389,p02791,u256351611,1579463930,Python,Python (3.4.3),py,Accepted,112,24744,155,
s233645269,p02791,u603234915,1579463930,C++,C++14 (GCC 5.4.1),cpp,Accepted,78,256,516,
s994297556,p02791,u382423941,1579463929,Python,PyPy3 (2.4.0),py,Accepted,304,76496,142,
s955791709,p02791,u101264341,1579463928,C++,C++14 (GCC 5.4.1),cpp,Accepted,67,1792,672,
s336066776,p02791,u942813425,1579463928,C++,C++14 (GCC 5.4.1),cpp,Accepted,18,1792,1384,
s738101140,p02791,u883323885,1579463928,C++,C++14 (GCC 5.4.1),cpp,Accepted,76,1024,639,
s544491943,p02791,u982944976,1579463928,Python,Python (3.4.3),py,Accepted,109,27028,176,
s635725586,p02791,u601681349,1579463928,C++,C++14 (GCC 5.4.1),cpp,Accepted,18,256,605,
s576086265,p02791,u221285045,1579463928,C++,C++14 (GCC 5.4.1),cpp,Accepted,18,1792,1573,
s514895989,p02791,u430527172,1579463927,C++,C++14 (GCC 5.4.1),cpp,Accepted,77,256,395,
s176337081,p02791,u025592199,1579463927,C++,C++14 (GCC 5.4.1),cpp,Accepted,77,256,1857,
s368349842,p02791,u820236331,1579463927,C++,C++14 (GCC 5.4.1),cpp,Accepted,76,256,228,
s793807224,p02791,u688375653,1579463927,Python,Python (3.4.3),py,Wrong Answer,117,25716,312,
s705279414,p02791,u651317892,1579463927,C++,C++14 (GCC 5.4.1),cpp,Accepted,60,1792,435,
s499482775,p02791,u314966857,1579463926,C++,C++14 (GCC 5.4.1),cpp,Accepted,60,1152,1022,
s245040995,p02791,u107406081,1579463926,C++,C++14 (GCC 5.4.1),cpp,Accepted,77,1024,332,
s348370405,p02791,u269278772,1579463926,C++,C++14 (GCC 5.4.1),cpp,Accepted,81,256,597,
s697700826,p02791,u407160848,1579463926,Python,PyPy3 (2.4.0),py,Accepted,264,73436,697,
s950250297,p02791,u598812605,1579463925,Python,Python (3.4.3),py,Accepted,143,24744,200,
s815523193,p02791,u073586914,1579463925,C++,C++14 (GCC 5.4.1),cpp,Accepted,20,128,204,
s397201616,p02791,u557519890,1579463925,Java,Java8 (OpenJDK 1.8.0),java,Accepted,629,94292,877,
s292898676,p02791,u673513296,1579463925,C++,C++14 (GCC 5.4.1),cpp,Accepted,76,256,317,
s503028405,p02791,u591016708,1579463924,Python,Python (3.4.3),py,Wrong Answer,123,24744,134,
s501355247,p02791,u899316634,1579463924,C++,C++14 (GCC 5.4.1),cpp,Accepted,89,10368,8552,
s763438475,p02791,u618649215,1579463924,C++,C++14 (GCC 5.4.1),cpp,Accepted,60,1024,290,
s638260996,p02791,u798818115,1579463924,Python,Python (3.4.3),py,Accepted,111,24744,184,
s288373220,p02791,u764956288,1579463924,Python,Python (3.4.3),py,Accepted,80,24436,294,
s117538507,p02791,u963055157,1579463923,C++,C++14 (GCC 5.4.1),cpp,Accepted,61,1792,564,
s446765668,p02791,u657913472,1579463923,C++,C++14 (GCC 5.4.1),cpp,Wrong Answer,77,256,153,
s783869090,p02791,u938924220,1579463923,Haskell,Haskell (GHC 7.10.3),hs,Accepted,24,4732,946,
s708903659,p02791,u411418267,1579463923,C++,C++14 (GCC 5.4.1),cpp,Accepted,61,2036,546,
s769952739,p02791,u087950716,1579463922,C++,C++14 (GCC 5.4.1),cpp,Accepted,21,1024,294,
s998181625,p02791,u360153728,1579463921,Java,Java8 (OpenJDK 1.8.0),java,Accepted,112,23764,14391,
s129983859,p02791,u539011156,1579463921,C++,C++14 (GCC 5.4.1),cpp,Accepted,61,1152,1315,
s308141018,p02791,u869919400,1579463920,Python,PyPy3 (2.4.0),py,Accepted,247,75728,175,
s701234680,p02791,u090994275,1579463920,C++,C++14 (Clang 3.8.0),cpp,Accepted,173,2560,1711,
s410526479,p02791,u480938608,1579463919,C++,C++14 (GCC 5.4.1),cpp,Accepted,60,1024,415,
s534624475,p02791,u124565122,1579463919,Java,Java8 (OpenJDK 1.8.0),java,Accepted,101,24020,4196,
s368380614,p02791,u843722521,1579463919,Python,PyPy3 (2.4.0),py,Accepted,262,76624,219,
s143632138,p02791,u188601253,1579463919,C++,C++14 (GCC 5.4.1),cpp,Accepted,18,256,726,
s784268846,p02791,u314008046,1579463918,C++,C++14 (GCC 5.4.1),cpp,Accepted,60,1024,838,
s338991950,p02791,u837951457,1579463918,C++,C++14 (GCC 5.4.1),cpp,Accepted,69,3840,925,
s196684661,p02791,u458268106,1579463918,Java,Java8 (OpenJDK 1.8.0),java,Accepted,114,23860,19994,
s380715178,p02791,u017078415,1579463918,C++,C++14 (GCC 5.4.1),cpp,Accepted,18,1024,689,
s609657941,p02791,u685922019,1579463917,C++,C++14 (GCC 5.4.1),cpp,Accepted,60,1024,565,
s320046169,p02791,u108808596,1579463917,C++,C++14 (GCC 5.4.1),cpp,Accepted,8,2304,4325,
s599109132,p02791,u757584836,1579463917,C++,C++14 (GCC 5.4.1),cpp,Accepted,60,1024,278,
s330930656,p02791,u168630353,1579463917,Python,PyPy3 (2.4.0),py,Accepted,260,66668,183,
s567049891,p02791,u231230182,1579463917,C++,C++14 (GCC 5.4.1),cpp,Accepted,76,256,252,
s477388026,p02791,u521723672,1579463917,C++,C++14 (GCC 5.4.1),cpp,Accepted,19,1792,1587,
s374141196,p02791,u916743460,1579463917,C++,C++14 (GCC 5.4.1),cpp,Accepted,19,1024,694,
s513232352,p02791,u457985479,1579463917,C++,C++14 (GCC 5.4.1),cpp,Accepted,18,1024,1688,
s034290007,p02791,u818349438,1579463917,Python,PyPy3 (2.4.0),py,Time Limit Exceeded,2111,136796,133,
s164169069,p02791,u846686917,1579463916,C++,C++14 (GCC 5.4.1),cpp,Accepted,78,1024,467,
s216611234,p02791,u370608397,1579463916,C#,C# (Mono 4.6.2.0),cs,Accepted,97,31068,5172,
s437508802,p02791,u073852194,1579463916,Python,Python (3.4.3),py,Accepted,115,24744,167,
s628164660,p02791,u399721252,1579463916,Python,Python (3.4.3),py,Accepted,123,25768,170,
s769952596,p02791,u079330987,1579463916,C++,C++14 (GCC 5.4.1),cpp,Accepted,5,256,5085,
s595886514,p02791,u548163222,1579463915,C++,C++14 (GCC 5.4.1),cpp,Accepted,77,1024,202,
s818421970,p02791,u824905100,1579463915,C++,C++14 (GCC 5.4.1),cpp,Accepted,60,1792,15056,
s286851041,p02791,u086878393,1579463915,C++,C++14 (GCC 5.4.1),cpp,Accepted,94,9600,2251,
s039724545,p02791,u978109511,1579463914,C++,C++14 (GCC 5.4.1),cpp,Accepted,21,1792,2231,
s549403458,p02791,u209647862,1579463914,C++,C++14 (GCC 5.4.1),cpp,Accepted,21,1792,3130,
s579973584,p02791,u803481017,1579463914,C++,C++14 (GCC 5.4.1),cpp,Accepted,62,1024,326,
s450830856,p02791,u255001744,1579463914,C++,C++14 (GCC 5.4.1),cpp,Accepted,66,1024,658,
s112860827,p02791,u347640436,1579463913,Python,Python (3.4.3),py,Accepted,107,24744,162,
s091116368,p02791,u571199625,1579463913,Python,Python (3.4.3),py,Accepted,109,24744,200,
s163872013,p02791,u066413086,1579463913,Python,Python (3.4.3),py,Accepted,135,26140,156,
s317034915,p02791,u782009499,1579463913,Python,Python (3.4.3),py,Accepted,95,24744,170,
s798086956,p02791,u462078186,1579463913,C++,C++14 (GCC 5.4.1),cpp,Accepted,61,384,3638,
s924717458,p02791,u866325115,1579463912,Ruby,Ruby (2.3.3),rb,Time Limit Exceeded,2109,19204,179,
s539575269,p02791,u593934357,1579463912,Python,Python (3.4.3),py,Accepted,109,24744,165,
s080218283,p02791,u211160392,1579463912,Python,Python (3.4.3),py,Accepted,94,24744,136,
s966407373,p02791,u530606147,1579463912,Python,Python (3.4.3),py,Accepted,153,25456,319,
s293751314,p02791,u304104630,1579463912,C++,C++14 (GCC 5.4.1),cpp,Accepted,59,256,238,
s051120406,p02791,u065456707,1579463911,C++,C++14 (GCC 5.4.1),cpp,Accepted,78,1024,427,
s184776492,p02791,u701556979,1579463911,C++,C++14 (GCC 5.4.1),cpp,Accepted,61,1792,441,
s175749650,p02791,u959822889,1579463911,C++,C++14 (GCC 5.4.1),cpp,Accepted,60,1024,6741,
s788099500,p02791,u201678045,1579463911,C++,C++14 (GCC 5.4.1),cpp,Accepted,64,2548,430,
s829335362,p02791,u170839742,1579463911,Python,Python (3.4.3),py,Accepted,136,25768,160,
s781622446,p02791,u655125439,1579463911,Java,Java8 (OpenJDK 1.8.0),java,Accepted,248,52136,960,
s161452182,p02791,u552357043,1579463910,Python,Python (3.4.3),py,Accepted,109,24744,160,
s447157469,p02791,u864667985,1579463910,C++,C++14 (GCC 5.4.1),cpp,Accepted,77,1024,941,
s257095641,p02791,u118211443,1579463910,Python,Python (3.4.3),py,Wrong Answer,94,26012,153,
s048156117,p02791,u822169805,1579463910,C++,C++14 (GCC 5.4.1),cpp,Accepted,117,10368,1074,
s197574203,p02791,u342111042,1579463910,C++,C++14 (GCC 5.4.1),cpp,Accepted,60,1024,262,
s363291420,p02791,u264265458,1579463909,C++,C++14 (GCC 5.4.1),cpp,Wrong Answer,19,1920,2726,
s067527996,p02791,u983149868,1579463909,C++,C++14 (GCC 5.4.1),cpp,Accepted,27,2168,554,
s808044760,p02791,u158422204,1579463909,C++,C++14 (GCC 5.4.1),cpp,Accepted,20,3328,461,
s574711207,p02791,u176567747,1579463909,C++,C++14 (GCC 5.4.1),cpp,Accepted,18,1792,718,
s250810227,p02791,u020746846,1579463909,C++,C++14 (GCC 5.4.1),cpp,Accepted,18,1024,1140,
s552294310,p02791,u948911484,1579463909,Python,Python (3.4.3),py,Accepted,111,24744,141,
s288765216,p02791,u461993794,1579463909,Go,Go (1.6),go,Accepted,39,2048,380,
s172653045,p02791,u704326829,1579463908,C++,C++14 (GCC 5.4.1),cpp,Accepted,21,1024,358,
s300780565,p02791,u156918752,1579463908,C++,C++14 (GCC 5.4.1),cpp,Wrong Answer,78,256,286,
s036902199,p02791,u895858420,1579463908,Kotlin,Kotlin (1.0.0),kt,Wrong Answer,710,83104,411,
s328265807,p02791,u991664217,1579463907,C++,C++14 (Clang 3.8.0),cpp,Accepted,169,1024,3211,
s028990458,p02791,u231918578,1579463907,C++,C++14 (GCC 5.4.1),cpp,Accepted,18,256,576,
s248922056,p02791,u619819312,1579463907,Python,Python (3.4.3),py,Accepted,186,24744,135,
s357407047,p02791,u254187258,1579463906,C++,C++14 (GCC 5.4.1),cpp,Accepted,19,1400,1655,
s117147158,p02791,u790142428,1579463906,C++,C++14 (GCC 5.4.1),cpp,Accepted,77,1024,380,
s854907867,p02791,u385244248,1579463906,Python,Python (3.4.3),py,Accepted,132,23952,242,
s971145437,p02791,u184572586,1579463905,C++,C++14 (GCC 5.4.1),cpp,Accepted,67,24448,3321,
s231159487,p02791,u718758485,1579463905,C++,C++14 (GCC 5.4.1),cpp,Accepted,62,1024,302,
s527724122,p02791,u552137999,1579463905,C++,C++14 (GCC 5.4.1),cpp,Accepted,79,256,267,
s701866273,p02791,u850544260,1579463904,C++,C++14 (GCC 5.4.1),cpp,Accepted,18,256,1065,
s148553766,p02791,u409343817,1579463904,C++,C++14 (GCC 5.4.1),cpp,Accepted,18,256,482,
s811723492,p02791,u467398838,1579463904,C++,C++14 (GCC 5.4.1),cpp,Wrong Answer,18,1792,354,
s253023995,p02791,u996290370,1579463903,C++,C++14 (GCC 5.4.1),cpp,Accepted,19,1024,462,
s558675390,p02791,u073057072,1579463903,C++,C++14 (GCC 5.4.1),cpp,Accepted,117,9600,728,
s066297075,p02791,u181950635,1579463903,C++,C++14 (GCC 5.4.1),cpp,Accepted,20,256,658,
s327984669,p02791,u022138926,1579463903,Nim,Nim (0.13.0),nim,Accepted,33,15484,14690,
s324805213,p02791,u979004569,1579463903,Kotlin,Kotlin (1.0.0),kt,Accepted,659,84732,448,
s394428549,p02791,u121748552,1579463902,C++,C++14 (GCC 5.4.1),cpp,Accepted,18,256,580,
s299321291,p02791,u238640707,1579463902,Java,Java8 (OpenJDK 1.8.0),java,Accepted,221,50152,2850,
s223725670,p02791,u365364616,1579463902,Python,Python (3.4.3),py,Accepted,140,24744,149,
s902144145,p02791,u920024824,1579463900,C++,C++14 (GCC 5.4.1),cpp,Accepted,77,256,211,
s818338829,p02791,u882039496,1579463900,C++,C++14 (GCC 5.4.1),cpp,Accepted,60,1024,317,
s961507208,p02791,u980909653,1579463900,C++,C++14 (GCC 5.4.1),cpp,Accepted,78,256,510,
s641946421,p02791,u360515075,1579463900,Python,Python (3.4.3),py,Time Limit Exceeded,2104,24744,196,
s306088072,p02791,u017167684,1579463900,C++,C++14 (GCC 5.4.1),cpp,Accepted,60,1792,312,
s836144672,p02791,u524020590,1579463899,C++,C++14 (GCC 5.4.1),cpp,Accepted,18,1792,5314,
s212392044,p02791,u422029490,1579463899,C++,C++14 (GCC 5.4.1),cpp,Accepted,62,1024,849,
s592633420,p02791,u420082791,1579463899,C,C (GCC 5.4.1),c,Accepted,21,256,4576,
s937153088,p02791,u530107518,1579463899,C++,C++14 (GCC 5.4.1),cpp,Accepted,19,1792,1936,
s481280646,p02791,u097790401,1579463899,C#,C# (Mono 4.6.2.0),cs,Accepted,98,33116,1251,
s311010936,p02791,u798316285,1579463899,Python,Python (3.4.3),py,Accepted,114,24744,142,
s611074835,p02791,u205369691,1579463898,D,D (DMD64 v2.070.1),d,Accepted,38,11408,1501,
s251583666,p02791,u800011493,1579463898,C++,C++14 (GCC 5.4.1),cpp,Accepted,18,1792,2665,
s034168709,p02791,u752603777,1579463898,C++,C++14 (GCC 5.4.1),cpp,Accepted,61,256,1138,
s102979402,p02791,u504228740,1579463898,Java,Java8 (OpenJDK 1.8.0),java,Accepted,584,61472,313,
s212608730,p02791,u980655160,1579463898,C++,C++14 (GCC 5.4.1),cpp,Accepted,18,1792,822,
s500639455,p02791,u158253287,1579463897,C++,C++14 (GCC 5.4.1),cpp,Accepted,68,1792,1155,
s887529494,p02791,u216374186,1579463897,C++,C++14 (GCC 5.4.1),cpp,Accepted,78,256,254,
s989392380,p02791,u820225607,1579463897,C++,C++14 (GCC 5.4.1),cpp,Accepted,77,256,260,
s362806200,p02791,u855429581,1579463897,C++,C++14 (GCC 5.4.1),cpp,Accepted,21,1664,489,
s942399408,p02791,u745266708,1579463897,Java,Java8 (OpenJDK 1.8.0),java,Accepted,705,100932,461,
s284571602,p02791,u714378447,1579463897,Python,Python (3.4.3),py,Accepted,187,26012,206,
s282541879,p02791,u158566670,1579463896,C++,C++14 (GCC 5.4.1),cpp,Accepted,21,1024,462,
s403066588,p02791,u087950716,1579463895,C++,C++14 (GCC 5.4.1),cpp,Runtime Error,109,640,294,
s981311312,p02791,u254122409,1579463895,C#,C# (Mono 4.6.2.0),cs,Accepted,110,34508,463,
s118944589,p02791,u752498851,1579463895,C++,C++14 (GCC 5.4.1),cpp,Accepted,18,1792,1805,
s853223484,p02791,u754375546,1579463894,Ruby,Ruby (2.3.3),rb,Accepted,96,14940,187,
s505736623,p02791,u162948713,1579463894,C++,C++14 (Clang 3.8.0),cpp,Accepted,160,1024,972,
s685856223,p02791,u138062788,1579463894,C++,C++14 (GCC 5.4.1),cpp,Accepted,61,1792,612,
s107379642,p02791,u520841950,1579463894,C++,C++14 (GCC 5.4.1),cpp,Accepted,60,1792,565,
s030552490,p02791,u121922047,1579463894,C,C (GCC 5.4.1),c,Accepted,22,128,182,
s626209835,p02791,u983062344,1579463894,C++,C++14 (GCC 5.4.1),cpp,Accepted,63,1024,276,
s935004805,p02791,u135248164,1579463893,C++,C++14 (GCC 5.4.1),cpp,Accepted,20,1792,1199,
s391734189,p02791,u869595612,1579463893,Python,Python (3.4.3),py,Accepted,146,26612,363,
s079414465,p02791,u488352661,1579463892,C++,C++14 (GCC 5.4.1),cpp,Accepted,79,1024,388,
s807832932,p02791,u600759947,1579463892,C++,C++14 (GCC 5.4.1),cpp,Accepted,60,1152,372,
s220866327,p02791,u095426154,1579463892,Python,Python (3.4.3),py,Accepted,107,24744,158,
s105545923,p02791,u566428756,1579463891,Python,Python (3.4.3),py,Accepted,107,24744,139,
s495100451,p02791,u168579419,1579463891,C++,C++14 (GCC 5.4.1),cpp,Accepted,80,5888,13057,
s813556094,p02791,u428267713,1579463891,C++,C++14 (GCC 5.4.1),cpp,Accepted,21,1792,467,
s757121870,p02791,u490553751,1579463891,Python,Python (3.4.3),py,Accepted,115,25748,198,
s253347314,p02791,u073549161,1579463890,Python,Python (3.4.3),py,Accepted,163,24744,175,
s884572993,p02791,u365512540,1579463890,C++,C++14 (GCC 5.4.1),cpp,Accepted,62,1024,2067,
s690559382,p02791,u184335045,1579463890,C++,C++14 (GCC 5.4.1),cpp,Accepted,77,256,733,
s348504092,p02791,u967843578,1579463889,C++,C++14 (GCC 5.4.1),cpp,Accepted,28,1024,2084,
s624138698,p02791,u121921603,1579463889,Python,PyPy3 (2.4.0),py,Accepted,293,71504,180,
s486696507,p02791,u303356821,1579463889,C++,C++14 (GCC 5.4.1),cpp,Accepted,79,256,432,
s695711209,p02791,u999803454,1579463889,C#,C# (Mono 4.6.2.0),cs,Accepted,107,35676,3049,
s768877884,p02791,u173041855,1579463888,C++,C++14 (GCC 5.4.1),cpp,Accepted,62,1792,843,
s514532466,p02791,u751724075,1579463888,Python,Python (3.4.3),py,Accepted,110,24744,190,
s916589690,p02791,u818349438,1579463888,Python,Python (3.4.3),py,Time Limit Exceeded,2108,24744,133,
s180148877,p02791,u537874719,1579463888,C++,C++14 (GCC 5.4.1),cpp,Accepted,67,1792,2439,
s108234777,p02791,u105533331,1579463887,C++,C++14 (GCC 5.4.1),cpp,Compile Error,,,258,
s139290347,p02791,u683134447,1579463887,Python,Python (3.4.3),py,Accepted,90,24744,162,
s719488807,p02791,u577747009,1579463887,C++,C++14 (GCC 5.4.1),cpp,Accepted,77,256,608,
s869950124,p02791,u358748139,1579463886,C++,C++14 (GCC 5.4.1),cpp,Accepted,62,1024,2839,
s739642923,p02791,u650620788,1579463886,Ruby,Ruby (2.3.3),rb,Wrong Answer,97,18564,164,
s573843887,p02791,u638629468,1579463885,Go,Go (1.6),go,Accepted,40,3584,478,
s201236580,p02791,u204973596,1579463885,C++,C++14 (GCC 5.4.1),cpp,Accepted,63,1920,507,
s255558712,p02791,u693133807,1579463885,C++,C++14 (GCC 5.4.1),cpp,Accepted,19,1024,522,
s556718126,p02791,u259396003,1579463884,C++,C++14 (GCC 5.4.1),cpp,Accepted,28,3956,542,
s271252762,p02791,u609061751,1579463884,Python,PyPy3 (2.4.0),py,Time Limit Exceeded,2111,137204,177,
s792885953,p02791,u276980836,1579463884,C,C (GCC 5.4.1),c,Accepted,22,896,757,
s578458915,p02791,u057109575,1579463884,Python,PyPy3 (2.4.0),py,Wrong Answer,379,84996,204,
s173785601,p02791,u240895927,1579463884,C++,C++14 (GCC 5.4.1),cpp,Accepted,77,1024,245,
s881378644,p02791,u466671756,1579463883,Rust,Rust (1.15.1),rs,Wrong Answer,15,10492,759,
s817624845,p02791,u729166490,1579463883,C++,C++14 (GCC 5.4.1),cpp,Accepted,61,256,1404,
s676068515,p02791,u827242258,1579463883,Java,Java8 (OpenJDK 1.8.0),java,Accepted,250,38000,3135,
s007225320,p02791,u179243010,1579463882,C++,C++14 (GCC 5.4.1),cpp,Accepted,19,4224,947,
s714172147,p02791,u838867638,1579463882,C++,C++14 (GCC 5.4.1),cpp,Accepted,19,1024,2869,
s308973470,p02791,u624505752,1579463882,Ruby,Ruby (2.3.3),rb,Accepted,99,15236,313,
s292036138,p02791,u031178961,1579463881,C++,C++14 (GCC 5.4.1),cpp,Accepted,60,1024,436,
s975206602,p02791,u756978984,1579463880,C++,C++14 (GCC 5.4.1),cpp,Accepted,21,256,2194,
s996911212,p02791,u848736574,1579463879,C++,C++14 (GCC 5.4.1),cpp,Accepted,62,1792,1407,
s005030999,p02791,u975485663,1579463879,Python,Python (3.4.3),py,Time Limit Exceeded,2104,24744,191,
s291338250,p02791,u463697306,1579463879,C++,C++14 (GCC 5.4.1),cpp,Accepted,19,1024,913,
s457915426,p02791,u698902360,1579463879,Python,PyPy3 (2.4.0),py,Accepted,253,75472,171,
s119557109,p02791,u635484372,1579463879,C++,C++14 (GCC 5.4.1),cpp,Accepted,21,1792,2133,
s068477968,p02791,u310752653,1579463879,Rust,Rust (1.15.1),rs,Accepted,16,14588,2436,
s941876469,p02791,u544361885,1579463879,C#,C# (Mono 4.6.2.0),cs,Accepted,110,31580,20328,
s122449793,p02791,u387221709,1579463879,C++,C++14 (GCC 5.4.1),cpp,Accepted,62,1024,341,
s433120999,p02791,u627214330,1579463878,C++,C++14 (GCC 5.4.1),cpp,Accepted,66,1024,291,
s893565000,p02791,u211706121,1579463878,Python,Python (3.4.3),py,Accepted,128,24744,131,
s641306119,p02791,u675509234,1579463877,C++,C++14 (GCC 5.4.1),cpp,Accepted,78,1024,279,
s521198050,p02791,u426397594,1579463877,C++,C++14 (Clang 3.8.0),cpp,Accepted,164,1792,1086,
s736100323,p02791,u312025627,1579463877,Python,PyPy3 (2.4.0),py,Accepted,257,76752,235,
s354934532,p02791,u717322584,1579463877,C++,C++14 (GCC 5.4.1),cpp,Accepted,76,256,487,
s168910518,p02791,u677121387,1579463876,Python,Python (3.4.3),py,Accepted,156,24744,158,
s001348181,p02791,u016726316,1579463876,C++,C++14 (GCC 5.4.1),cpp,Accepted,77,256,219,
s241050790,p02791,u898749314,1579463876,C++,C++14 (GCC 5.4.1),cpp,Accepted,62,1024,900,
s319374357,p02791,u929199273,1579463876,C++,C++14 (GCC 5.4.1),cpp,Accepted,63,1024,574,
s776318896,p02791,u832527250,1579463876,C++,C++14 (GCC 5.4.1),cpp,Accepted,21,256,235,
s091088137,p02791,u728566015,1579463876,Python,Python (3.4.3),py,Accepted,112,24744,160,
s531869613,p02791,u164938953,1579463876,C++,C++14 (GCC 5.4.1),cpp,Accepted,100,11264,988,
s345654138,p02791,u236990712,1579463876,C++,C++14 (GCC 5.4.1),cpp,Accepted,21,1792,664,
s565539526,p02791,u177897754,1579463876,C++,C++14 (GCC 5.4.1),cpp,Accepted,19,1792,1611,
s140376530,p02791,u708255304,1579463875,Python,Python (3.4.3),py,Accepted,109,24744,170,
s466018222,p02791,u834771741,1579463875,C++,C++14 (GCC 5.4.1),cpp,Accepted,67,1792,630,
s799018065,p02791,u237513745,1579463875,Python,Python (3.4.3),py,Accepted,105,24744,163,
s444840767,p02791,u195257137,1579463875,Ruby,Ruby (2.3.3),rb,Accepted,167,20484,161,
s023459278,p02791,u736729525,1579463875,Python,Python (3.4.3),py,Accepted,139,24744,159,
s092621733,p02791,u066478371,1579463875,C++,C++14 (GCC 5.4.1),cpp,Accepted,34,1792,1398,
s472636652,p02791,u600402037,1579463874,Python,Python (3.4.3),py,Accepted,124,25716,290,
s501825843,p02791,u579875569,1579463874,C++,C++14 (GCC 5.4.1),cpp,Accepted,19,1792,9958,
s119168074,p02791,u559765551,1579463874,C++,C++14 (GCC 5.4.1),cpp,Accepted,60,1024,305,
s575471081,p02791,u117348081,1579463874,Python,Python (3.4.3),py,Accepted,168,24744,189,
s829082601,p02791,u945181840,1579463873,Python,Python (3.4.3),py,Accepted,127,25884,216,
s374577561,p02791,u452009494,1579463873,C++,C++14 (GCC 5.4.1),cpp,Accepted,66,1792,1544,
s174642818,p02791,u614302741,1579463873,C++,C++14 (GCC 5.4.1),cpp,Accepted,77,1024,371,
s547535515,p02791,u156778176,1579463872,C++,C++14 (GCC 5.4.1),cpp,Accepted,78,256,430,
s560110029,p02791,u837951457,1579463872,C++,C++14 (GCC 5.4.1),cpp,Runtime Error,160,3072,924,
s170139158,p02791,u017078415,1579463872,C++,C++14 (GCC 5.4.1),cpp,Wrong Answer,19,1024,688,
s679947112,p02791,u045575753,1579463872,C++,C++14 (GCC 5.4.1),cpp,Accepted,77,1024,394,
s207933656,p02791,u503228842,1579463872,Python,Python (3.4.3),py,Wrong Answer,103,24744,156,
s622817327,p02791,u547448704,1579463872,C++,C++14 (GCC 5.4.1),cpp,Accepted,77,1024,887,
s319842266,p02791,u254871849,1579463870,Python,Python (3.4.3),py,Accepted,91,25116,265,
s999665286,p02791,u372177994,1579463870,C++,C++14 (GCC 5.4.1),cpp,Accepted,77,1792,701,
s038347188,p02791,u303645731,1579463870,C++,C++14 (GCC 5.4.1),cpp,Accepted,12,896,1424,
s792390672,p02791,u835820697,1579463870,C++,C++14 (GCC 5.4.1),cpp,Accepted,93,9600,735,
s817272795,p02791,u796609861,1579463870,C++,C++14 (GCC 5.4.1),cpp,Accepted,78,256,296,
s753054286,p02791,u459798349,1579463870,Python,Python (3.4.3),py,Accepted,114,25768,158,
s376124956,p02791,u587202199,1579463870,C++,C++14 (GCC 5.4.1),cpp,Accepted,79,1024,291,
s866576035,p02791,u487252913,1579463869,Java,Java8 (OpenJDK 1.8.0),java,Accepted,579,66340,728,
s332151672,p02791,u714269187,1579463869,C++,C++14 (GCC 5.4.1),cpp,Wrong Answer,18,1792,630,
s221850593,p02791,u534953209,1579463869,Python,Python (3.4.3),py,Accepted,104,24744,159,
s480971864,p02791,u325282913,1579463868,Python,Python (3.4.3),py,Accepted,131,24744,156,
s464106969,p02791,u900045983,1579463868,Python,Python (3.4.3),py,Accepted,370,34168,1219,
s211265727,p02791,u143182201,1579463868,C++,C++14 (GCC 5.4.1),cpp,Accepted,19,1024,335,
s820803362,p02791,u415400221,1579463868,Ruby,Ruby (2.3.3),rb,Wrong Answer,106,16516,113,
s619297669,p02791,u527398664,1579463868,C++,C++14 (GCC 5.4.1),cpp,Accepted,77,1024,295,
s477768759,p02791,u065079240,1579463867,Python,Python (3.4.3),py,Accepted,115,24744,177,
s583240116,p02791,u212437180,1579463867,Nim,Nim (0.13.0),nim,Accepted,30,13820,6311,
s844692772,p02791,u585586208,1579463867,C++,C++14 (GCC 5.4.1),cpp,Accepted,19,1024,2791,
s072238671,p02791,u326152409,1579463867,C++,C++14 (GCC 5.4.1),cpp,Accepted,59,1792,529,
s327070661,p02791,u825369110,1579463867,C++,C++ (GCC 5.4.1),cpp,Compile Error,,,1228,
s741350956,p02791,u426143712,1579463867,C++,C++14 (GCC 5.4.1),cpp,Accepted,60,1792,456,
s361224904,p02791,u026867297,1579463866,C++,C++14 (GCC 5.4.1),cpp,Accepted,59,384,335,
s797720796,p02791,u004311543,1579463866,C#,C# (Mono 4.6.2.0),cs,Accepted,168,50756,6817,
s293384641,p02791,u989345508,1579463866,Python,Python (3.4.3),py,Accepted,119,24744,152,
s573308462,p02791,u063043074,1579463866,C++,C++14 (GCC 5.4.1),cpp,Accepted,134,11264,884,
s749386508,p02791,u096635831,1579463865,Rust,Rust (1.15.1),rs,Accepted,17,13040,21468,
s919593045,p02791,u218036413,1579463865,C++,C++14 (GCC 5.4.1),cpp,Wrong Answer,60,1024,397,
s418684714,p02791,u639210885,1579463865,C++,C++14 (GCC 5.4.1),cpp,Accepted,20,256,246,
s471879120,p02791,u596117821,1579463864,C,C (GCC 5.4.1),c,Accepted,21,1664,1443,
s119355210,p02791,u572472538,1579463864,C++,C++14 (GCC 5.4.1),cpp,Accepted,18,1792,3633,
s815772616,p02791,u952708174,1579463864,Python,Python (3.4.3),py,Accepted,88,25768,241,
s322672454,p02791,u809967037,1579463863,C++,C++14 (GCC 5.4.1),cpp,Accepted,19,1792,2392,
s991684080,p02791,u122034453,1579463863,C++,C++14 (GCC 5.4.1),cpp,Accepted,66,2168,331,
s452747304,p02791,u922299738,1579463863,C++,C++14 (GCC 5.4.1),cpp,Accepted,18,1792,5867,
s739868843,p02791,u052499405,1579463863,Python,Python (3.4.3),py,Accepted,111,25748,262,
s946259212,p02791,u918935103,1579463863,Python,Python (3.4.3),py,Accepted,108,24744,148,
s186441115,p02791,u115110170,1579463862,Python,Python (3.4.3),py,Accepted,109,24744,150,
s740677718,p02791,u373958718,1579463862,C++,C++14 (GCC 5.4.1),cpp,Accepted,18,1792,5765,
s113707019,p02791,u426683236,1579463862,C++,C++14 (GCC 5.4.1),cpp,Accepted,18,1792,4617,
s624645026,p02791,u253952966,1579463862,Python,Python (3.4.3),py,Accepted,135,24744,154,
s342733847,p02791,u783675879,1579463862,C++,C++14 (GCC 5.4.1),cpp,Accepted,80,138880,19700,
s667041517,p02791,u482770395,1579463861,Python,Python (3.4.3),py,Accepted,108,26012,157,
s222234949,p02791,u110064530,1579463861,Ruby,Ruby (2.3.3),rb,Accepted,172,16516,172,
s209256425,p02791,u402629484,1579463861,Python,Python (3.4.3),py,Accepted,93,20464,668,
s222863963,p02791,u926678805,1579463861,Python,PyPy3 (2.4.0),py,Accepted,269,76624,152,
s640320643,p02791,u653807637,1579463860,Python,Python (3.4.3),py,Accepted,117,24744,164,
s096798782,p02791,u174434198,1579463860,C++,C++14 (GCC 5.4.1),cpp,Accepted,60,1024,468,
s715313573,p02791,u624171666,1579463860,C++,C++14 (GCC 5.4.1),cpp,Accepted,18,1024,1655,
s004572862,p02791,u711540245,1579463860,C++,C++14 (GCC 5.4.1),cpp,Accepted,25,1024,916,
s796134520,p02791,u203033720,1579463860,C++,C++14 (GCC 5.4.1),cpp,Accepted,98,3072,1547,
s139394021,p02791,u091650402,1579463860,C++,C++14 (GCC 5.4.1),cpp,Accepted,19,1792,1747,
s266048236,p02791,u668191971,1579463859,C++,C++14 (GCC 5.4.1),cpp,Accepted,62,1024,806,
s028476012,p02791,u061539997,1579463859,Python,Python (3.4.3),py,Accepted,98,17780,123,
s701311881,p02791,u956908227,1579463858,C++,C++14 (GCC 5.4.1),cpp,Wrong Answer,80,1024,245,
s431204084,p02791,u875541682,1579463858,C++,C++14 (GCC 5.4.1),cpp,Wrong Answer,66,1024,913,
s089990718,p02791,u394853232,1579463858,C++,C++14 (Clang 3.8.0),cpp,Accepted,23,1024,2781,
s324039269,p02791,u244203620,1579463858,C,C (GCC 5.4.1),c,Accepted,22,128,193,
s522569870,p02791,u450922311,1579463858,C++,C++14 (GCC 5.4.1),cpp,Accepted,87,11264,6200,
s856004169,p02791,u015993380,1579463858,C++,C++14 (GCC 5.4.1),cpp,Accepted,19,1792,700,
s434174693,p02791,u852690916,1579463858,Python,Python (3.4.3),py,Accepted,131,24744,138,
s910149831,p02791,u799479335,1579463858,Python,PyPy3 (2.4.0),py,Time Limit Exceeded,2112,136828,140,
s184603831,p02791,u091870478,1579463857,C,C (GCC 5.4.1),c,Time Limit Exceeded,2103,1024,291,
s233545328,p02791,u277153875,1579463857,C++,C++14 (GCC 5.4.1),cpp,Accepted,62,1792,1285,
s266769758,p02791,u656098965,1579463856,C++,C++14 (GCC 5.4.1),cpp,Accepted,21,1024,547,
s134792892,p02791,u939782227,1579463856,C++,C++14 (GCC 5.4.1),cpp,Accepted,19,1024,939,
s808316837,p02791,u347057617,1579463856,C++,C++14 (GCC 5.4.1),cpp,Accepted,60,256,697,
s733873491,p02791,u693027786,1579463856,C++,C++14 (GCC 5.4.1),cpp,Accepted,60,1792,4199,
s723240684,p02791,u623954643,1579463855,C++,C++14 (GCC 5.4.1),cpp,Accepted,18,1024,495,
s207759159,p02791,u115888500,1579463855,C++,C++14 (GCC 5.4.1),cpp,Accepted,79,256,3124,
s386612098,p02791,u094191970,1579463855,Python,Python (3.4.3),py,Accepted,90,24744,110,
s852979735,p02791,u624689667,1579463855,Python,PyPy3 (2.4.0),py,Accepted,256,75980,169,
s793640248,p02791,u106259576,1579463854,C++,C++14 (GCC 5.4.1),cpp,Accepted,20,256,263,
s664412261,p02791,u594787118,1579463854,C++,C++14 (GCC 5.4.1),cpp,Accepted,18,1792,1425,
s025737041,p02791,u676247559,1579463854,C++,C++14 (GCC 5.4.1),cpp,Accepted,91,11264,567,
s874162941,p02791,u620755070,1579463853,Python,Python (3.4.3),py,Accepted,114,25768,151,
s767729182,p02791,u712535609,1579463853,C++,C++14 (GCC 5.4.1),cpp,Accepted,77,1400,435,
s019773851,p02791,u388817534,1579463853,C++,C++14 (GCC 5.4.1),cpp,Accepted,60,1792,483,
s433585219,p02791,u194268736,1579463853,C++,C++14 (GCC 5.4.1),cpp,Accepted,63,1792,337,
s327505867,p02791,u833212816,1579463853,Python,Python (3.4.3),py,Time Limit Exceeded,2104,24744,184,
s518399049,p02791,u596822503,1579463852,Ruby,Ruby (2.3.3),rb,Accepted,106,16516,148,
s602062422,p02791,u926416331,1579463852,C++,C++14 (GCC 5.4.1),cpp,Accepted,62,1024,327,
s518922503,p02791,u335667012,1579463852,C++,C++14 (GCC 5.4.1),cpp,Accepted,59,1792,980,
s859474422,p02791,u336011173,1579463852,C++,C++14 (GCC 5.4.1),cpp,Accepted,18,1024,1086,
s558054137,p02791,u762152622,1579463852,C++,C++14 (GCC 5.4.1),cpp,Accepted,23,256,263,
s964597324,p02791,u379959788,1579463851,Python,Python (3.4.3),py,Accepted,152,24744,233,
s935336955,p02791,u144980750,1579463851,C++,C++14 (GCC 5.4.1),cpp,Accepted,62,1024,413,
s615050224,p02791,u471684875,1579463851,Python,PyPy3 (2.4.0),py,Accepted,256,75600,138,
s013403559,p02791,u352200121,1579463851,C++,C++14 (GCC 5.4.1),cpp,Accepted,19,1024,481,
s212190539,p02791,u675751622,1579463851,C++,C++14 (GCC 5.4.1),cpp,Accepted,60,1024,361,
s752051058,p02791,u917834174,1579463850,C++,C++14 (GCC 5.4.1),cpp,Accepted,18,1792,581,
s570875491,p02791,u528720841,1579463850,C++,C++14 (GCC 5.4.1),cpp,Accepted,60,1024,1536,
s843936657,p02791,u773067679,1579463850,C++,C++14 (GCC 5.4.1),cpp,Accepted,19,1024,707,
s140590517,p02791,u970348538,1579463850,Python,Python (3.4.3),py,Accepted,95,24956,148,
s683832930,p02791,u938993305,1579463850,C#,C# (Mono 4.6.2.0),cs,Accepted,97,31068,411,
s070372741,p02791,u765321936,1579463849,C++,C++14 (GCC 5.4.1),cpp,Accepted,18,1024,1874,
s449404917,p02791,u845442981,1579463849,Java,Java8 (OpenJDK 1.8.0),java,Accepted,581,88852,548,
s196049796,p02791,u767664985,1579463848,Python,Python (3.4.3),py,Accepted,95,24744,150,
s604681389,p02791,u276999104,1579463848,C++,C++14 (GCC 5.4.1),cpp,Accepted,140,9600,226,
s541306275,p02791,u708042136,1579463848,C#,C# (Mono 4.6.2.0),cs,Accepted,96,29404,2123,
s769700006,p02791,u655723240,1579463848,C++,C++14 (GCC 5.4.1),cpp,Accepted,46,4352,3728,
s911863244,p02791,u053856575,1579463847,Python,Python (3.4.3),py,Accepted,157,24744,164,
s629507330,p02791,u267022560,1579463847,C++,C++14 (GCC 5.4.1),cpp,Accepted,60,1024,902,
s954140506,p02791,u640561074,1579463847,C++,C++14 (GCC 5.4.1),cpp,Accepted,20,1024,769,
s401202743,p02791,u993074316,1579463847,C++,C++14 (GCC 5.4.1),cpp,Accepted,78,256,243,
s447245691,p02791,u801102476,1579463847,C++,C++14 (GCC 5.4.1),cpp,Accepted,78,1024,962,
s500964926,p02791,u299869545,1579463847,Python,Python (3.4.3),py,Accepted,93,17780,147,
s503936018,p02791,u179778090,1579463846,C++,C++14 (GCC 5.4.1),cpp,Accepted,77,1152,294,
s553805425,p02791,u343454379,1579463846,Python,Python (3.4.3),py,Accepted,109,24744,139,
s300558714,p02791,u415325136,1579463846,C++,C++14 (GCC 5.4.1),cpp,Accepted,18,256,274,
s319379060,p02791,u139300044,1579463846,C++,C++14 (GCC 5.4.1),cpp,Accepted,77,256,1464,
s907318079,p02791,u224756887,1579463845,C++,C++14 (GCC 5.4.1),cpp,Accepted,60,3072,10865,
s778751521,p02791,u172929647,1579463845,C++,C++14 (GCC 5.4.1),cpp,Accepted,50,72320,6665,
s075452762,p02791,u569736690,1579463845,Java,Java8 (OpenJDK 1.8.0),java,Accepted,572,62936,430,
s083889299,p02791,u254775795,1579463845,C++,C++14 (GCC 5.4.1),cpp,Accepted,19,1024,555,
s519900546,p02791,u485731913,1579463845,C++,C++14 (GCC 5.4.1),cpp,Time Limit Exceeded,2103,1024,837,
s953332245,p02791,u241874341,1579463845,Java,Java8 (OpenJDK 1.8.0),java,Accepted,462,62796,941,
s096690683,p02791,u916064357,1579463845,C++,C++14 (GCC 5.4.1),cpp,Accepted,27,26880,1402,
s699492365,p02791,u934272719,1579463844,C++,C++14 (GCC 5.4.1),cpp,Accepted,78,1792,1577,
s257022083,p02791,u337775536,1579463844,C++,C++14 (GCC 5.4.1),cpp,Accepted,26,1024,3312,
s002016233,p02791,u607229598,1579463844,C++,C++14 (GCC 5.4.1),cpp,Accepted,59,1792,2088,
s178994254,p02791,u853132965,1579463843,C++,C++14 (GCC 5.4.1),cpp,Accepted,61,1792,1129,
s836605511,p02791,u368796742,1579463843,Python,Python (3.4.3),py,Accepted,106,24744,169,
s019209711,p02791,u727064118,1579463843,C++,C++14 (GCC 5.4.1),cpp,Accepted,106,9600,1017,
s955548478,p02791,u340293807,1579463843,C++,C++14 (GCC 5.4.1),cpp,Accepted,61,1024,1008,
s535395173,p02791,u225581241,1579463843,C++,C++14 (GCC 5.4.1),cpp,Accepted,24,3956,847,
s356943441,p02791,u092465766,1579463843,C++,C++14 (GCC 5.4.1),cpp,Accepted,19,1024,1015,
s600912175,p02791,u291873788,1579463843,C++,C++14 (GCC 5.4.1),cpp,Accepted,77,1024,411,
s343462152,p02791,u500496457,1579463842,C++,C++14 (Clang 3.8.0),cpp,Accepted,22,1024,2917,
s978525339,p02791,u658993896,1579463841,C++,C++14 (GCC 5.4.1),cpp,Accepted,76,384,505,
s241612746,p02791,u539339654,1579463840,C++,C++14 (GCC 5.4.1),cpp,Accepted,18,256,1810,
s517078255,p02791,u877415670,1579463840,Python,Python (3.4.3),py,Accepted,108,24744,150,
s315023907,p02791,u147049801,1579463840,C++,C++14 (GCC 5.4.1),cpp,Accepted,62,1792,6327,
s782551321,p02791,u256281774,1579463840,Python,Python (3.4.3),py,Wrong Answer,66,19368,144,
s058450608,p02791,u872887731,1579463840,Python,Python (3.4.3),py,Accepted,112,24744,157,
s326593265,p02791,u908436921,1579463839,C++,C++14 (GCC 5.4.1),cpp,Accepted,19,1024,1025,
s784771036,p02791,u503549962,1579463839,Ruby,Ruby (2.3.3),rb,Accepted,98,15236,127,
s870485134,p02791,u194908943,1579463839,C++,C++14 (GCC 5.4.1),cpp,Accepted,18,1792,1274,
s842423835,p02791,u929880800,1579463839,C#,C# (Mono 4.6.2.0),cs,Accepted,98,31068,1462,
s756632690,p02791,u783255320,1579463838,Python,Python (3.4.3),py,Accepted,111,25768,164,
s529311192,p02791,u484460274,1579463838,C++,C++14 (GCC 5.4.1),cpp,Accepted,60,1792,520,
s107145243,p02791,u110996038,1579463838,C++,C++14 (GCC 5.4.1),cpp,Accepted,63,1024,386,
s561519114,p02791,u201660334,1579463838,Python,Python (3.4.3),py,Accepted,105,24744,169,
s601857784,p02791,u467785978,1579463838,C++,C++14 (GCC 5.4.1),cpp,Accepted,77,1024,424,
s184155528,p02791,u274833929,1579463838,C++,C++14 (GCC 5.4.1),cpp,Accepted,130,11136,1884,
s095332550,p02791,u208440216,1579463837,C++,C++14 (GCC 5.4.1),cpp,Accepted,63,1024,646,
s448309177,p02791,u294159462,1579463837,C++,C++14 (GCC 5.4.1),cpp,Accepted,21,1792,682,
s347318459,p02791,u313043608,1579463837,C++,C++14 (GCC 5.4.1),cpp,Accepted,62,1792,435,
s066054561,p02791,u395620499,1579463836,C++,C++14 (GCC 5.4.1),cpp,Accepted,77,384,723,
s704164372,p02791,u859125915,1579463836,C++,C++14 (GCC 5.4.1),cpp,Accepted,66,1024,647,
s089039335,p02791,u598720217,1579463836,Python,Python (3.4.3),py,Accepted,114,24744,219,
s194144399,p02791,u652057333,1579463836,Python,PyPy3 (2.4.0),py,Accepted,255,76624,189,
s980013615,p02791,u835937527,1579463836,C++,C++14 (GCC 5.4.1),cpp,Accepted,59,1792,387,
s758105644,p02791,u313766957,1579463835,C++,C++14 (GCC 5.4.1),cpp,Accepted,153,10368,322,
s043763353,p02791,u462405902,1579463835,C++,C++14 (GCC 5.4.1),cpp,Accepted,18,1792,1346,
s186912113,p02791,u498487134,1579463835,Python,PyPy3 (2.4.0),py,Accepted,253,76496,146,
s943404780,p02791,u417360233,1579463835,C++,C++14 (GCC 5.4.1),cpp,Accepted,19,1024,6748,
s158198837,p02791,u619197965,1579463834,Python,Python (3.4.3),py,Accepted,162,25768,152,
s484811230,p02791,u864171425,1579463834,C++,C++14 (GCC 5.4.1),cpp,Accepted,19,1024,502,
s180830873,p02791,u855429581,1579463834,C++,C++14 (GCC 5.4.1),cpp,Runtime Error,145,896,489,
s880717203,p02791,u102334466,1579463834,C++,C++14 (GCC 5.4.1),cpp,Accepted,79,1024,329,
s255258958,p02791,u632094970,1579463834,C++,C++14 (GCC 5.4.1),cpp,Accepted,77,256,897,
s411880095,p02791,u992875223,1579463834,C++,C++14 (GCC 5.4.1),cpp,Accepted,62,1024,472,
s407715525,p02791,u257668305,1579463833,Ruby,Ruby (2.3.3),rb,Accepted,98,18564,175,
s320267045,p02791,u242680486,1579463833,C++,C++14 (GCC 5.4.1),cpp,Accepted,66,1792,3105,
s109268652,p02791,u766779796,1579463832,C++,C++14 (GCC 5.4.1),cpp,Accepted,60,1024,1468,
s787900079,p02791,u193182854,1579463832,Python,Python (3.4.3),py,Accepted,128,24744,157,
s427458818,p02791,u785989355,1579463832,Python,PyPy3 (2.4.0),py,Accepted,265,76624,163,
s530527593,p02791,u819300485,1579463832,C++,C++14 (GCC 5.4.1),cpp,Wrong Answer,73,3328,802,
s000731305,p02791,u522680423,1579463832,C++,C++14 (GCC 5.4.1),cpp,Accepted,69,13312,450,
s554995152,p02791,u892395063,1579463832,Java,Java8 (OpenJDK 1.8.0),java,Wrong Answer,479,60512,612,
s782862981,p02791,u134519179,1579463831,C++,C++14 (GCC 5.4.1),cpp,Accepted,19,1024,978,
s283443157,p02791,u686443944,1579463831,C++,C++14 (GCC 5.4.1),cpp,Accepted,28,1024,330,
s103786234,p02791,u679906187,1579463830,C++,C++14 (GCC 5.4.1),cpp,Accepted,77,256,545,
s342919650,p02791,u484036205,1579463830,C++,C++14 (GCC 5.4.1),cpp,Accepted,19,1024,348,
s680279332,p02791,u064857495,1579463830,C++,C++14 (GCC 5.4.1),cpp,Accepted,19,1792,1312,
s471566467,p02791,u524019694,1579463830,Ruby,Ruby (2.3.3),rb,Accepted,117,18496,222,
s960933933,p02791,u125467827,1579463829,C++,C++14 (GCC 5.4.1),cpp,Accepted,18,1792,1097,
s589271118,p02791,u086849314,1579463828,C++,C++14 (GCC 5.4.1),cpp,Accepted,21,1024,276,
s530508417,p02791,u071109514,1579463828,C++,C++14 (GCC 5.4.1),cpp,Accepted,20,2420,669,
s510588083,p02791,u654470292,1579463828,Python,PyPy3 (2.4.0),py,Accepted,264,70480,208,
s302962657,p02791,u726615467,1579463828,Python,Python (3.4.3),py,Accepted,145,24744,174,
s400933126,p02791,u987267288,1579463828,C++,C++14 (GCC 5.4.1),cpp,Accepted,59,1792,8107,
s103382411,p02791,u776194115,1579463827,C++,C++14 (GCC 5.4.1),cpp,Accepted,20,3456,1282,
s132623869,p02791,u959888075,1579463827,C#,C# (Mono 4.6.2.0),cs,Accepted,112,33628,7045,
s612317271,p02791,u492026192,1579463827,Python,PyPy3 (2.4.0),py,Accepted,244,75600,152,
s297785473,p02791,u986437843,1579463827,C++,C++14 (GCC 5.4.1),cpp,Accepted,19,1792,136223,
s707493714,p02791,u201808715,1579463826,C++,C++14 (GCC 5.4.1),cpp,Accepted,77,1024,1038,
s401549622,p02791,u285359987,1579463826,C++,C++14 (GCC 5.4.1),cpp,Accepted,60,1400,510,
s002828027,p02791,u893188242,1579463826,Java,Java8 (OpenJDK 1.8.0),java,Accepted,117,23800,6415,
s274648763,p02791,u350997995,1579463826,Python,Python (3.4.3),py,Accepted,152,24744,161,
s868927476,p02791,u445624660,1579463826,Python,Python (3.4.3),py,Accepted,127,24744,263,
s353657487,p02791,u839397805,1579463826,C++,C++14 (GCC 5.4.1),cpp,Accepted,60,1024,604,
s137683880,p02791,u158415851,1579463826,C++,C++14 (GCC 5.4.1),cpp,Accepted,18,1024,2508,
s766443780,p02791,u075428894,1579463826,C++,C++14 (GCC 5.4.1),cpp,Accepted,19,1792,979,
s779196143,p02791,u760505850,1579463826,C++,C++14 (GCC 5.4.1),cpp,Accepted,19,1024,680,
s487176466,p02791,u885625076,1579463825,C++,C++14 (GCC 5.4.1),cpp,Accepted,64,1792,351,
s487932798,p02791,u824237520,1579463825,Python,Python (3.4.3),py,Accepted,89,24744,306,
s128053888,p02791,u495903598,1579463825,C++,C++14 (GCC 5.4.1),cpp,Accepted,60,1024,598,
s100351255,p02791,u030685402,1579463825,C++,C++14 (GCC 5.4.1),cpp,Accepted,18,1024,2623,
s211620011,p02791,u223904637,1579463824,Python,Python (3.4.3),py,Accepted,139,24744,131,
s299386062,p02791,u728732647,1579463824,C++,C++14 (GCC 5.4.1),cpp,Wrong Answer,30,3456,2932,
s671225032,p02791,u885940406,1579463824,C++,C++ (GCC 5.4.1),cpp,Accepted,77,256,224,
s272465189,p02791,u625741705,1579463824,C++,C++14 (GCC 5.4.1),cpp,Accepted,78,256,321,
s083591887,p02791,u918714262,1579463824,C++,C++14 (GCC 5.4.1),cpp,Accepted,7,2048,3562,
s650165013,p02791,u736861509,1579463824,C++,C++14 (GCC 5.4.1),cpp,Accepted,19,1400,5283,
s864374142,p02791,u988961969,1579463824,C++,C++14 (GCC 5.4.1),cpp,Accepted,66,1792,763,
s806260352,p02791,u843985264,1579463823,C++,C++14 (GCC 5.4.1),cpp,Accepted,20,3328,456,
s122910910,p02791,u620059302,1579463823,C++,C++14 (GCC 5.4.1),cpp,Accepted,66,1024,571,
s284675632,p02791,u997368585,1579463823,C++,C++14 (GCC 5.4.1),cpp,Accepted,59,1792,1849,
s606842738,p02791,u917972976,1579463823,C++,C++14 (Clang 3.8.0),cpp,Accepted,32,1792,3681,
s274307263,p02791,u660245210,1579463822,Python,Python (3.4.3),py,Accepted,109,24744,137,
s229880369,p02791,u032226420,1579463822,C++,C++14 (GCC 5.4.1),cpp,Accepted,17,256,762,
s908036303,p02791,u032267656,1579463822,Python,PyPy3 (2.4.0),py,Accepted,256,75600,153,
s839121852,p02791,u306932475,1579463822,C++,C++14 (GCC 5.4.1),cpp,Accepted,62,256,608,
s887025784,p02791,u634743753,1579463822,C++,C++14 (GCC 5.4.1),cpp,Accepted,118,11264,1692,
s571806628,p02791,u224756887,1579463822,C++,C++14 (GCC 5.4.1),cpp,Runtime Error,161,2688,10865,
s488499554,p02791,u263654061,1579463821,C++,C++14 (GCC 5.4.1),cpp,Accepted,78,256,553,
s740979439,p02791,u810735437,1579463821,C++,C++14 (GCC 5.4.1),cpp,Accepted,19,1024,963,
s624943211,p02791,u648061881,1579463821,C++,C++14 (GCC 5.4.1),cpp,Wrong Answer,14,1024,829,
s884530282,p02791,u603303736,1579463821,C++,C++14 (GCC 5.4.1),cpp,Accepted,112,6656,8479,
s617714881,p02791,u705184090,1579463821,C++,C++14 (GCC 5.4.1),cpp,Wrong Answer,19,1024,1433,
s807272325,p02791,u419330815,1579463821,C++,C++14 (Clang 3.8.0),cpp,Accepted,177,1792,1138,
s267848015,p02791,u128456980,1579463820,C++,C++14 (GCC 5.4.1),cpp,Accepted,61,1792,969,
s374039496,p02791,u026537738,1579463820,C++,C++14 (GCC 5.4.1),cpp,Accepted,60,1024,1783,
s595259890,p02791,u434509016,1579463820,Ruby,Ruby (2.3.3),rb,Accepted,104,15236,177,
s094098549,p02791,u385631112,1579463819,Ruby,Ruby (2.3.3),rb,Accepted,109,16532,795,
s403424420,p02791,u930089439,1579463819,C++,C++14 (GCC 5.4.1),cpp,Accepted,18,1792,667,
s657535640,p02791,u300780693,1579463819,C++,C++14 (GCC 5.4.1),cpp,Accepted,18,1792,988,
s503398542,p02791,u792078574,1579463818,Python,Python (3.4.3),py,Accepted,93,24744,149,
s838804792,p02791,u244626757,1579463818,C++,C++14 (GCC 5.4.1),cpp,Accepted,60,1024,267,
s431179919,p02791,u964273035,1579463818,Go,Go (1.6),go,Accepted,38,2048,1561,
s682161098,p02791,u550314572,1579463818,Java,Java8 (OpenJDK 1.8.0),java,Accepted,331,38012,135989,
s995370838,p02791,u555498801,1579463817,Python,Python (3.4.3),py,Accepted,97,24872,140,
s259649369,p02791,u962714577,1579463817,C++,C++14 (GCC 5.4.1),cpp,Accepted,18,1792,2285,
s472854495,p02791,u236193715,1579463817,C++,C++14 (GCC 5.4.1),cpp,Accepted,60,1792,218,
s116520967,p02791,u053831624,1579463817,C++,C++14 (GCC 5.4.1),cpp,Accepted,122,9600,1506,
s790166351,p02791,u282164747,1579463817,Go,Go (1.6),go,Accepted,951,7552,222,
s671679034,p02791,u739318530,1579463817,C++,C++14 (GCC 5.4.1),cpp,Accepted,20,256,407,
s591329400,p02791,u231578174,1579463817,C++,C++14 (GCC 5.4.1),cpp,Accepted,20,256,210,
s305170013,p02791,u875408597,1579463816,D,D (DMD64 v2.070.1),d,Accepted,38,11408,924,
s657198680,p02791,u036411476,1579463816,C++,C++14 (GCC 5.4.1),cpp,Wrong Answer,60,1024,290,
s856988062,p02791,u182791129,1579463816,C++,C++14 (GCC 5.4.1),cpp,Accepted,79,256,207,
s172510544,p02791,u747602774,1579463816,Python,Python (3.4.3),py,Accepted,111,24872,152,
s556596711,p02791,u577246184,1579463815,C++,C++14 (GCC 5.4.1),cpp,Accepted,18,256,326,
s613980059,p02791,u355424600,1579463815,C++,C++14 (GCC 5.4.1),cpp,Accepted,78,256,1413,
s297218483,p02791,u244203620,1579463814,C,C (GCC 5.4.1),c,Wrong Answer,22,128,191,
s335948800,p02791,u986276444,1579463814,C++,C++14 (GCC 5.4.1),cpp,Accepted,20,1792,801,
s936797932,p02791,u192903163,1579463814,C++,C++14 (GCC 5.4.1),cpp,Accepted,18,256,488,
s611930005,p02791,u365058393,1579463814,C++,C++14 (GCC 5.4.1),cpp,Accepted,19,1400,353,
s383701495,p02791,u557831058,1579463814,C++,C++14 (GCC 5.4.1),cpp,Accepted,28,1792,550,
s634362657,p02791,u506255180,1579463813,C++,C++14 (GCC 5.4.1),cpp,Accepted,60,1152,702,
s713177663,p02791,u624800360,1579463813,C++,C++14 (GCC 5.4.1),cpp,Accepted,60,1792,1306,
s136034334,p02791,u922449550,1579463813,Python,Python (3.4.3),py,Accepted,96,24872,131,
s803141004,p02791,u965943031,1579463813,C++,C++14 (GCC 5.4.1),cpp,Accepted,19,1792,4927,
s884700464,p02791,u121794232,1579463812,C++,C++14 (GCC 5.4.1),cpp,Accepted,60,1920,398,
s808755662,p02791,u004426682,1579463812,C++,C++14 (GCC 5.4.1),cpp,Accepted,18,256,361,
s245321642,p02791,u627417051,1579463811,Python,PyPy3 (2.4.0),py,Accepted,252,70384,456,
s150361696,p02791,u873104118,1579463811,C++,C++14 (GCC 5.4.1),cpp,Accepted,19,1024,723,
s100753006,p02791,u365513379,1579463811,C++,C++14 (GCC 5.4.1),cpp,Accepted,76,1024,565,
s633757656,p02791,u517411077,1579463810,C++,C++14 (GCC 5.4.1),cpp,Accepted,60,1920,750,
s496510413,p02791,u106297876,1579463810,C++,C++14 (GCC 5.4.1),cpp,Accepted,18,1792,1217,
s340747767,p02791,u707524027,1579463810,C++,C++14 (GCC 5.4.1),cpp,Accepted,19,1024,3000,
s917680913,p02791,u253726906,1579463809,Java,Java8 (OpenJDK 1.8.0),java,Accepted,587,65284,339,
s154881951,p02791,u126227204,1579463809,Python,Python (3.4.3),py,Accepted,106,25984,690,
s857955811,p02791,u291434263,1579463809,C++,C++14 (GCC 5.4.1),cpp,Accepted,21,256,222,
s403666044,p02791,u620480037,1579463808,Python,PyPy3 (2.4.0),py,Accepted,248,76112,138,
s600701441,p02791,u222293734,1579463808,C++,C++14 (GCC 5.4.1),cpp,Wrong Answer,66,2168,1647,
s598585029,p02791,u328858746,1579463808,Python,Python (3.4.3),py,Accepted,109,24744,156,
s456099752,p02791,u255172538,1579463808,C++,C++14 (GCC 5.4.1),cpp,Accepted,62,1920,346,
s280583427,p02791,u283958128,1579463808,C++,C++14 (GCC 5.4.1),cpp,Accepted,18,1792,4330,
s283272303,p02791,u594787118,1579463807,C++,C++14 (GCC 5.4.1),cpp,Wrong Answer,18,1792,1429,
s800399059,p02791,u624645160,1579463807,C++,C++14 (GCC 5.4.1),cpp,Accepted,76,256,1635,
s289641174,p02791,u468262978,1579463807,C++,C++14 (GCC 5.4.1),cpp,Accepted,18,1792,3890,
s605252076,p02791,u667135132,1579463807,Python,PyPy3 (2.4.0),py,Accepted,254,75344,154,
s045523386,p02791,u334712262,1579463806,Python,PyPy3 (2.4.0),py,Wrong Answer,357,92236,1346,
s762640974,p02791,u095021077,1579463805,Python,Python (3.4.3),py,Accepted,109,24920,131,
s918441335,p02791,u480130675,1579463805,Python,Python (3.4.3),py,Accepted,111,25768,169,
s842863630,p02791,u761529120,1579463805,Python,PyPy3 (2.4.0),py,Accepted,261,76624,268,
s383170515,p02791,u013408661,1579463805,C++,C++14 (GCC 5.4.1),cpp,Accepted,61,1792,381,
s920739416,p02791,u615194706,1579463805,C++,C++14 (GCC 5.4.1),cpp,Accepted,63,1024,331,
s372344446,p02791,u208713671,1579463805,Python,PyPy3 (2.4.0),py,Accepted,254,76496,163,
s763323631,p02791,u502709453,1579463803,C++,C++14 (GCC 5.4.1),cpp,Accepted,19,1024,4236,
s638061904,p02791,u795506884,1579463803,C++,C++14 (GCC 5.4.1),cpp,Wrong Answer,61,1024,323,
s776413699,p02791,u602677143,1579463802,Python,Python (3.4.3),py,Wrong Answer,120,24744,140,
s719016370,p02791,u683588090,1579463802,C++,C++14 (GCC 5.4.1),cpp,Accepted,60,1792,597,
s383399604,p02791,u853817705,1579463802,C++,C++14 (GCC 5.4.1),cpp,Accepted,59,256,456,
s718489329,p02791,u592686932,1579463802,C++,C++14 (GCC 5.4.1),cpp,Accepted,18,1792,2518,
s083149418,p02791,u681557252,1579463801,C++,C++14 (GCC 5.4.1),cpp,Accepted,77,1024,319,
s148544215,p02791,u740836226,1579463801,Ruby,Ruby (2.3.3),rb,Accepted,99,15236,145,
s148404421,p02791,u894258749,1579463801,Python,PyPy3 (2.4.0),py,Accepted,259,76496,188,
s958964561,p02791,u018872912,1579463801,C++,C++14 (GCC 5.4.1),cpp,Accepted,59,1792,556,
s059396658,p02791,u656753546,1579463801,C++,C++14 (GCC 5.4.1),cpp,Accepted,19,1792,394,
s008473131,p02791,u943624079,1579463800,Rust,Rust (1.15.1),rs,Accepted,54,6396,1513,
s752696449,p02791,u054501336,1579463800,C++,C++14 (GCC 5.4.1),cpp,Accepted,79,1152,909,
s510076465,p02791,u509368316,1579463799,Python,Python (3.4.3),py,Accepted,95,24744,113,
s314791548,p02791,u855866205,1579463799,Python,PyPy3 (2.4.0),py,Wrong Answer,250,75472,148,
s377469583,p02791,u230147738,1579463799,C++,C++14 (GCC 5.4.1),cpp,Accepted,59,1792,3048,
s273489167,p02791,u895641117,1579463798,Python,Python (3.4.3),py,Accepted,149,24744,173,
s721730726,p02791,u287132915,1579463798,Python,Python (3.4.3),py,Accepted,107,24744,162,
s338006210,p02791,u929156598,1579463798,C++,C++14 (GCC 5.4.1),cpp,Accepted,17,256,468,
s756124940,p02791,u341406884,1579463797,C++,C++14 (GCC 5.4.1),cpp,Accepted,77,1792,681,
s092101797,p02791,u969686438,1579463797,C++,C++14 (GCC 5.4.1),cpp,Accepted,114,9600,4140,
s861400103,p02791,u239239546,1579463797,C++,C++14 (GCC 5.4.1),cpp,Accepted,77,1024,1170,
s104839766,p02791,u097317219,1579463797,Python,PyPy3 (2.4.0),py,Accepted,260,76368,157,
s125693964,p02791,u521389909,1579463797,C++,C++14 (GCC 5.4.1),cpp,Accepted,62,1024,613,
s150792309,p02791,u316464887,1579463797,Python,Python (3.4.3),py,Accepted,77,24744,188,
s228470126,p02791,u981708764,1579463796,D,D (DMD64 v2.070.1),d,Accepted,37,11536,27324,
s583117997,p02791,u615782628,1579463796,C,C (Clang 3.8.0),c,Accepted,23,1792,11583,
s223477596,p02791,u940831163,1579463796,Python,Python (3.4.3),py,Accepted,114,24744,178,
s310147409,p02791,u275797573,1579463796,C++,C++14 (GCC 5.4.1),cpp,Accepted,60,1792,12988,
s053704070,p02791,u901295506,1579463796,C++,C++14 (GCC 5.4.1),cpp,Accepted,78,256,288,
s366006483,p02791,u715026660,1579463796,C++,C++14 (GCC 5.4.1),cpp,Accepted,104,9600,779,
s592947090,p02791,u541055501,1579463795,Java,Java8 (OpenJDK 1.8.0),java,Accepted,161,25504,5859,
s475383562,p02791,u696290869,1579463795,C++,C++14 (Clang 3.8.0),cpp,Accepted,169,1792,1205,
s918689707,p02791,u692657943,1579463794,C++,C++14 (GCC 5.4.1),cpp,Accepted,20,3328,1645,
s646092958,p02791,u540491484,1579463794,C++,C++14 (GCC 5.4.1),cpp,Accepted,19,1024,1181,
s925948222,p02791,u374051158,1579463794,C++,C++14 (GCC 5.4.1),cpp,Accepted,18,256,478,
s084307060,p02791,u735499035,1579463794,C++,C++14 (GCC 5.4.1),cpp,Accepted,76,256,261,
s616220181,p02791,u008229752,1579463794,C++,C++14 (GCC 5.4.1),cpp,Accepted,60,1024,2388,
s171924087,p02791,u052332717,1579463793,C++,C++14 (GCC 5.4.1),cpp,Accepted,19,1024,2129,
s221876258,p02791,u673338219,1579463793,Python,Python (3.4.3),py,Accepted,112,24744,161,
s690283280,p02791,u068692021,1579463793,Python,Python (3.4.3),py,Accepted,88,24744,172,
s093957142,p02791,u566529875,1579463793,Python,PyPy3 (2.4.0),py,Accepted,248,75600,172,
s485933222,p02791,u671257784,1579463793,C++,C++14 (GCC 5.4.1),cpp,Accepted,18,256,3603,
s150013792,p02791,u982234424,1579463792,C++,C++14 (GCC 5.4.1),cpp,Accepted,61,1792,924,
s358434845,p02791,u561186440,1579463792,C++,C++14 (GCC 5.4.1),cpp,Accepted,60,1152,446,
s583592293,p02791,u705190507,1579463792,C++,C++14 (GCC 5.4.1),cpp,Accepted,102,18432,1479,
s708995111,p02791,u782098901,1579463792,Python,Python (3.4.3),py,Accepted,142,24744,171,
s460624420,p02791,u932038818,1579463792,Rust,Rust (1.15.1),rs,Accepted,41,8828,309291,
s634583343,p02791,u118875091,1579463792,C++,C++14 (GCC 5.4.1),cpp,Accepted,60,1024,678,
s153948273,p02791,u080318287,1579463791,C++,C++14 (GCC 5.4.1),cpp,Accepted,59,5888,3498,
s032517043,p02791,u905715926,1579463791,C++,C++14 (GCC 5.4.1),cpp,Accepted,123,11264,769,
s231370405,p02791,u385617244,1579463791,C++,C++14 (GCC 5.4.1),cpp,Accepted,19,1024,30451,
s928461500,p02791,u952289831,1579463791,C++,C++14 (GCC 5.4.1),cpp,Accepted,19,1024,1005,
s644470930,p02791,u896838289,1579463790,C++,C++14 (GCC 5.4.1),cpp,Accepted,19,1024,4112,
s718357928,p02791,u995107278,1579463790,C++,C++14 (GCC 5.4.1),cpp,Accepted,18,1792,471,
s258546232,p02791,u699826748,1579463789,C++,C++14 (GCC 5.4.1),cpp,Accepted,20,256,194,
s913877016,p02791,u601444374,1579463789,C++,C++14 (GCC 5.4.1),cpp,Accepted,19,1024,885,
s015203932,p02791,u794173881,1579463789,Python,PyPy3 (2.4.0),py,Accepted,279,76880,225,
s257821318,p02791,u545305086,1579463789,C++,C++14 (GCC 5.4.1),cpp,Accepted,78,1024,786,
s439726349,p02791,u382427338,1579463789,C++,C++14 (GCC 5.4.1),cpp,Accepted,17,256,3488,
s584550158,p02791,u705974985,1579463789,Go,Go (1.6),go,Accepted,37,4608,5708,
s578910066,p02791,u675249209,1579463789,C++,C++14 (GCC 5.4.1),cpp,Accepted,18,1792,914,
s297243692,p02791,u843985264,1579463789,C++,C++14 (GCC 5.4.1),cpp,Runtime Error,109,2560,454,
s696809442,p02791,u866968224,1579463789,C++,C++14 (GCC 5.4.1),cpp,Accepted,19,256,419,
s672988624,p02791,u195608881,1579463789,Rust,Rust (1.15.1),rs,Accepted,37,6396,2126,
s505599936,p02791,u263830634,1579463788,Python,Python (3.4.3),py,Accepted,92,24744,160,
s661311012,p02791,u225891650,1579463788,C++,C++14 (GCC 5.4.1),cpp,Accepted,18,1024,1102,
s520278343,p02791,u247679666,1579463788,C++,C++14 (GCC 5.4.1),cpp,Accepted,63,1024,1157,
s469678963,p02791,u829859091,1579463787,Python,Python (3.4.3),py,Accepted,112,24744,164,
s801297046,p02791,u768104057,1579463787,C++,C++14 (GCC 5.4.1),cpp,Accepted,19,1792,2097,
s419222104,p02791,u107077805,1579463787,C++,C++14 (GCC 5.4.1),cpp,Accepted,78,1024,303,
s441030898,p02791,u352600849,1579463787,Lisp,Common Lisp (SBCL 1.1.14),l,Accepted,224,22372,5469,
s992003157,p02791,u245366924,1579463786,C++,C++14 (GCC 5.4.1),cpp,Accepted,21,1024,6024,
s803401970,p02791,u677523557,1579463786,Python,Python (3.4.3),py,Accepted,91,24744,159,
s441959170,p02791,u987591601,1579463785,C++,C++14 (GCC 5.4.1),cpp,Accepted,19,1024,1960,
s551211960,p02791,u970449052,1579463785,Python,Python (3.4.3),py,Accepted,150,24744,141,
s782418635,p02791,u643613120,1579463785,JavaScript,JavaScript (node.js v5.12),js,Accepted,111,22224,1060,
s371945650,p02791,u667084803,1579463785,Python,Python (3.4.3),py,Accepted,106,24744,181,
s302261247,p02791,u266643907,1579463784,C++,C++14 (GCC 5.4.1),cpp,Accepted,19,1792,1456,
s783143245,p02791,u941753895,1579463784,Python,Python (3.4.3),py,Accepted,120,26684,640,
s269556797,p02791,u911888981,1579463784,C++,C++14 (GCC 5.4.1),cpp,Accepted,21,1792,1802,
s687321775,p02791,u563698482,1579463784,C#,C# (Mono 4.6.2.0),cs,Accepted,115,33500,2032,
s515875220,p02791,u815026012,1579463784,C++,C++14 (GCC 5.4.1),cpp,Wrong Answer,60,1792,260,
s731115994,p02791,u094155508,1579463783,C++,C++14 (Clang 3.8.0),cpp,Accepted,160,1024,804,
s009562795,p02791,u136869985,1579463783,C++,C++14 (GCC 5.4.1),cpp,Accepted,18,1024,406,
s494776188,p02791,u114234520,1579463783,C++,C++14 (GCC 5.4.1),cpp,Accepted,59,1792,606,
s298264997,p02791,u187878098,1579463782,C++,C++14 (GCC 5.4.1),cpp,Accepted,19,1024,1026,
s115842547,p02791,u644070128,1579463782,C++,C++14 (GCC 5.4.1),cpp,Accepted,59,1792,6264,
s009993778,p02791,u591411772,1579463781,Python,PyPy3 (2.4.0),py,Accepted,272,71516,317,
s263559903,p02791,u868099754,1579463781,C++,C++14 (GCC 5.4.1),cpp,Accepted,59,1024,826,
s101014190,p02791,u899220667,1579463781,C++,C++14 (GCC 5.4.1),cpp,Accepted,56,1792,6608,
s697772239,p02791,u112775098,1579463780,C++,C++14 (GCC 5.4.1),cpp,Accepted,78,256,457,
s945113967,p02791,u433195318,1579463780,C++,C++14 (GCC 5.4.1),cpp,Accepted,19,1792,1708,
s252687887,p02791,u899645116,1579463780,C++,C++14 (GCC 5.4.1),cpp,Accepted,67,1792,964,
s286773245,p02791,u818283165,1579463780,Python,Python (3.4.3),py,Accepted,105,24744,156,
s012040167,p02791,u053309694,1579463779,C++,C++14 (GCC 5.4.1),cpp,Accepted,18,384,422,
s021389145,p02791,u363369454,1579463778,C++,C++14 (GCC 5.4.1),cpp,Accepted,61,1024,465,
s821438081,p02791,u726551316,1579463778,C++,C++14 (GCC 5.4.1),cpp,Accepted,21,256,414,
s216118884,p02791,u492131209,1579463778,C++,C++14 (GCC 5.4.1),cpp,Accepted,79,1920,600,
s329873014,p02791,u862412671,1579463778,C++,C++14 (GCC 5.4.1),cpp,Accepted,19,1024,469,
s065139272,p02791,u093744128,1579463778,C++,C++14 (GCC 5.4.1),cpp,Accepted,18,1792,561,
s210163390,p02791,u425351967,1579463778,C++,C++14 (Clang 3.8.0),cpp,Accepted,167,1024,320,
s702761095,p02791,u710088134,1579463778,C++,C++14 (GCC 5.4.1),cpp,Accepted,21,1024,229,
s534028017,p02791,u859773831,1579463778,Python,Python (3.4.3),py,Accepted,113,24744,136,
s746966241,p02791,u946090308,1579463777,C++,C++14 (GCC 5.4.1),cpp,Accepted,60,1792,612,
s177102940,p02791,u504836877,1579463777,Python,PyPy3 (2.4.0),py,Accepted,253,76880,155,
s874240677,p02791,u131797876,1579463776,C++,C++14 (GCC 5.4.1),cpp,Accepted,58,256,822,
s206730740,p02791,u968797213,1579463776,C++,C++14 (Clang 3.8.0),cpp,Accepted,12,888,742,
s760081862,p02791,u030090262,1579463776,C++,C++14 (GCC 5.4.1),cpp,Accepted,60,1024,1277,
s463295719,p02791,u351239842,1579463775,D,D (DMD64 v2.070.1),d,Wrong Answer,37,11280,566,
s326948924,p02791,u055447809,1579463775,C++,C++14 (GCC 5.4.1),cpp,Accepted,76,256,245,
s112252592,p02791,u802234509,1579463774,Python,PyPy3 (2.4.0),py,Accepted,303,76616,156,
s594314785,p02791,u539517139,1579463774,Python,Python (3.4.3),py,Accepted,108,24744,122,
s125267185,p02791,u634461820,1579463774,Python,PyPy3 (2.4.0),py,Accepted,347,101580,391,
s943473623,p02791,u314050667,1579463774,Python,Python (3.4.3),py,Accepted,145,24744,160,
s566296462,p02791,u994988729,1579463774,Python,Python (3.4.3),py,Accepted,156,24744,165,
s634212036,p02791,u111365362,1579463773,Python,Python (3.4.3),py,Accepted,104,24744,148,
s900274482,p02791,u293523151,1579463773,C++,C++14 (GCC 5.4.1),cpp,Accepted,18,256,688,
s501467095,p02791,u546047488,1579463773,Java,Java8 (OpenJDK 1.8.0),java,Accepted,199,49232,2241,
s803835333,p02791,u212904724,1579463773,C++,C++14 (GCC 5.4.1),cpp,Accepted,104,13540,3120,
s575766530,p02791,u407844316,1579463773,C++,C++14 (GCC 5.4.1),cpp,Accepted,18,1792,1994,
s454754810,p02791,u874947858,1579463772,C++,C++14 (GCC 5.4.1),cpp,Accepted,18,384,1514,
s652699274,p02791,u196579381,1579463772,Python,PyPy3 (2.4.0),py,Accepted,266,76240,145,
s744987488,p02791,u970523279,1579463772,Python,PyPy3 (2.4.0),py,Accepted,265,76496,186,
s211680337,p02791,u522636435,1579463771,Java,Java8 (OpenJDK 1.8.0),java,Accepted,226,49548,571,
s637516351,p02791,u794927332,1579463770,Java,Java8 (OpenJDK 1.8.0),java,Accepted,555,62724,633,
s451190966,p02791,u337381518,1579463770,C++,C++14 (GCC 5.4.1),cpp,Accepted,21,256,261,
s529908335,p02791,u545368057,1579463770,Python,Python (3.4.3),py,Accepted,89,24744,142,
s023469588,p02791,u215860196,1579463770,C++,C++14 (GCC 5.4.1),cpp,Accepted,18,256,455,
s821041447,p02791,u644344565,1579463770,D,D (DMD64 v2.070.1),d,Accepted,38,11536,1977,
s390811687,p02791,u959479368,1579463770,C++,C++14 (GCC 5.4.1),cpp,Accepted,18,256,414,
s543246459,p02791,u600300412,1579463769,C,C (GCC 5.4.1),c,Accepted,22,1024,270,
s861698637,p02791,u541884637,1579463769,C++,C++14 (GCC 5.4.1),cpp,Accepted,60,1024,666,
s388235263,p02791,u434231045,1579463769,C++,C++14 (GCC 5.4.1),cpp,Accepted,19,1792,2937,
s091215801,p02791,u893063840,1579463768,Python,Python (3.4.3),py,Accepted,126,24744,146,
s620612837,p02791,u188117876,1579463768,C++,C++14 (GCC 5.4.1),cpp,Accepted,61,1024,400,
s665833550,p02791,u590225792,1579463768,C++,C++14 (GCC 5.4.1),cpp,Accepted,13,1024,831,
s650321638,p02791,u348231925,1579463767,C++,C++14 (GCC 5.4.1),cpp,Accepted,60,1024,609,
s042396116,p02791,u102602414,1579463767,C++,C++14 (GCC 5.4.1),cpp,Accepted,60,1024,1657,
s999351936,p02791,u701136990,1579463767,C++,C++14 (GCC 5.4.1),cpp,Accepted,79,384,211,
s876359486,p02791,u460609472,1579463766,Scala,Scala (2.11.7),scala,Accepted,816,72452,4038,
s697888848,p02791,u017810624,1579463766,Python,Python (3.4.3),py,Accepted,105,24744,135,
s505553084,p02791,u565695643,1579463766,C++,C++14 (GCC 5.4.1),cpp,Accepted,17,256,479,
s534412746,p02791,u019489252,1579463766,Ruby,Ruby (2.3.3),rb,Accepted,100,15228,78,
s447931099,p02791,u942033906,1579463766,Python,Python (3.4.3),py,Accepted,108,24744,134,
s953587915,p02791,u615258936,1579463766,C++,C++14 (GCC 5.4.1),cpp,Accepted,63,1024,546,
s624822534,p02791,u374099594,1579463765,Python,Python (2.7.6),py,Accepted,143,19988,125,
s960111785,p02791,u424103788,1579463765,C++,C++14 (GCC 5.4.1),cpp,Accepted,18,256,423,
s765374625,p02791,u892251744,1579463765,Python,PyPy3 (2.4.0),py,Accepted,242,70352,289,
s416498060,p02791,u618697411,1579463765,C++,C++14 (GCC 5.4.1),cpp,Accepted,59,1024,315,
s180171599,p02791,u950523274,1579463765,C++,C++14 (GCC 5.4.1),cpp,Accepted,21,256,722,
s829809822,p02791,u174404613,1579463764,C++,C++14 (GCC 5.4.1),cpp,Accepted,61,1024,897,
s503383307,p02791,u057866967,1579463764,C++,C++14 (GCC 5.4.1),cpp,Accepted,60,1792,609,
s241756339,p02791,u528748570,1579463764,Python,Python (3.4.3),py,Accepted,96,24744,150,
s517241690,p02791,u915797797,1579463763,C++,C++14 (GCC 5.4.1),cpp,Accepted,66,1024,352,
s745208293,p02791,u943070796,1579463763,C++,C++14 (GCC 5.4.1),cpp,Accepted,61,4096,6908,
s108606292,p02791,u976833038,1579463763,C++,C++14 (GCC 5.4.1),cpp,Accepted,77,256,298,
s411266663,p02791,u185690073,1579463763,C++,C++14 (GCC 5.4.1),cpp,Accepted,77,256,313,
s724311279,p02791,u322714721,1579463763,C++,C++14 (GCC 5.4.1),cpp,Accepted,60,1024,508,
s143808928,p02791,u268793453,1579463763,C++,C++14 (GCC 5.4.1),cpp,Accepted,60,1024,328,
s470644607,p02791,u887771535,1579463762,C++,C++14 (GCC 5.4.1),cpp,Accepted,21,1024,296,
s914194597,p02791,u871980676,1579463762,Python,Python (3.4.3),py,Accepted,106,25232,210,
s021645504,p02791,u081193942,1579463762,Python,Python (3.4.3),py,Accepted,93,24744,148,
s564338167,p02791,u649565175,1579463762,C++,C++14 (GCC 5.4.1),cpp,Accepted,60,1024,401,
s944551142,p02791,u754514364,1579463762,C++,C++14 (GCC 5.4.1),cpp,Accepted,67,1792,3301,
s012151747,p02791,u633284019,1579463760,C++,C++14 (GCC 5.4.1),cpp,Accepted,18,1792,2568,
s649489426,p02791,u505558493,1579463760,Kotlin,Kotlin (1.0.0),kt,Accepted,645,82916,353,
s120796699,p02791,u364788955,1579463760,C++,C++14 (GCC 5.4.1),cpp,Accepted,21,1024,1054,
s159171822,p02791,u152424169,1579463760,C++,C++14 (GCC 5.4.1),cpp,Accepted,77,1024,505,
s382673839,p02791,u989336028,1579463760,C++,C++14 (GCC 5.4.1),cpp,Accepted,60,1024,280,
s237374535,p02791,u121799456,1579463759,C++,C++14 (GCC 5.4.1),cpp,Accepted,18,1792,1668,
s182382419,p02791,u835534008,1579463759,C++,C++14 (GCC 5.4.1),cpp,Accepted,63,1792,319,
s313091016,p02791,u586747623,1579463759,C++,C++14 (GCC 5.4.1),cpp,Accepted,59,256,720,
s608716356,p02791,u984276646,1579463758,Python,Python (3.4.3),py,Time Limit Exceeded,2104,26012,130,
s850479776,p02791,u075012704,1579463758,Python,Python (3.4.3),py,Accepted,128,24744,152,
s490116185,p02791,u325227960,1579463758,Python,PyPy3 (2.4.0),py,Accepted,259,71504,200,
s862091303,p02791,u742553775,1579463758,C++,C++14 (GCC 5.4.1),cpp,Accepted,18,1792,1068,
s195581543,p02791,u548624367,1579463758,C++,C++14 (GCC 5.4.1),cpp,Accepted,77,384,496,
s479209350,p02791,u744908753,1579463757,Ruby,Ruby (2.3.3),rb,Accepted,104,15236,114,
s926472549,p02791,u545094859,1579463757,C++,C++14 (GCC 5.4.1),cpp,Accepted,60,256,1121,
s388566786,p02791,u729133443,1579463757,Python,Python (3.4.3),py,Accepted,135,17148,88,
s946088497,p02791,u268571052,1579463757,C++,C++14 (GCC 5.4.1),cpp,Accepted,63,2420,1105,
s309937169,p02791,u506255180,1579463757,Ruby,Ruby (2.3.3),rb,Runtime Error,7,1788,702,
s506256431,p02791,u190405389,1579463756,Python,PyPy3 (2.4.0),py,Accepted,265,76752,150,
s990438163,p02791,u921773161,1579463756,Python,Python (3.4.3),py,Accepted,152,24744,169,
s177538650,p02791,u331081465,1579463756,C++,C++14 (GCC 5.4.1),cpp,Wrong Answer,19,1024,547,
s657685187,p02791,u495461806,1579463756,C++,C++14 (GCC 5.4.1),cpp,Accepted,61,1024,274,
s051906257,p02791,u497046426,1579463756,Python,Python (3.4.3),py,Accepted,89,24744,165,
s703825808,p02791,u475843109,1579463756,C++,C++14 (GCC 5.4.1),cpp,Accepted,77,256,448,
s569180930,p02791,u756388720,1579463756,C++,C++14 (GCC 5.4.1),cpp,Accepted,63,1152,381,
s354378495,p02791,u285358283,1579463755,C++,C++14 (GCC 5.4.1),cpp,Wrong Answer,60,1024,273,
s312023029,p02791,u088893297,1579463755,C++,C++14 (GCC 5.4.1),cpp,Accepted,62,1792,877,
s269322754,p02791,u853900857,1579463755,C#,C# (Mono 4.6.2.0),cs,Accepted,98,33116,2321,
s068578987,p02791,u355198744,1579463754,C++,C++14 (GCC 5.4.1),cpp,Accepted,18,1792,1469,
s200567829,p02791,u595893956,1579463754,C++,C++14 (GCC 5.4.1),cpp,Accepted,60,1920,414,
s905350601,p02791,u374802266,1579463754,Python,PyPy3 (2.4.0),py,Accepted,275,76752,131,
s170222777,p02791,u401502397,1579463754,C++,C++14 (GCC 5.4.1),cpp,Accepted,19,1024,877,
s451804904,p02791,u904666233,1579463753,Rust,Rust (1.15.1),rs,Accepted,8,6396,5848,
s960850079,p02791,u096883693,1579463753,C++,C++14 (GCC 5.4.1),cpp,Accepted,18,256,744,
s979566298,p02791,u593555034,1579463752,C++,C++14 (GCC 5.4.1),cpp,Accepted,77,256,915,
s159855626,p02791,u828766688,1579463752,Python,PyPy3 (2.4.0),py,Accepted,264,76496,165,
s402699863,p02791,u495704746,1579463752,C++,C++14 (GCC 5.4.1),cpp,Accepted,78,256,682,
s147241028,p02791,u639343026,1579463751,Python,PyPy3 (2.4.0),py,Accepted,259,71248,275,
s325234053,p02791,u740122945,1579463751,C++,C++14 (GCC 5.4.1),cpp,Wrong Answer,12,1024,1592,
s411649039,p02791,u233745357,1579463750,C++,C++14 (GCC 5.4.1),cpp,Accepted,76,256,248,
s566872933,p02791,u069450081,1579463750,C++,C++14 (GCC 5.4.1),cpp,Accepted,19,1024,1325,
s709646640,p02791,u271063202,1579463750,C++,C++14 (GCC 5.4.1),cpp,Accepted,62,1024,397,
s247156593,p02791,u047816928,1579463750,Python,Python (3.4.3),py,Accepted,90,24744,133,
s520624179,p02791,u541784678,1579463750,C++,C++14 (GCC 5.4.1),cpp,Accepted,59,1792,1025,
s656151276,p02791,u066337396,1579463750,Python,PyPy2 (5.6.0),py,Accepted,82,50880,189,
s351768115,p02791,u649220991,1579463750,C++,C++14 (Clang 3.8.0),cpp,Accepted,165,256,1362,
s324426872,p02791,u823112986,1579463750,C++,C++14 (GCC 5.4.1),cpp,Accepted,79,256,341,
s754857931,p02791,u371535422,1579463750,C++,C++14 (GCC 5.4.1),cpp,Accepted,59,256,4299,
s989870289,p02791,u144913062,1579463750,Python,Python (3.4.3),py,Accepted,91,24744,140,
s749409498,p02791,u960524878,1579463750,C++,C++14 (GCC 5.4.1),cpp,Accepted,19,1024,3911,
s573456088,p02791,u678295385,1579463750,C++,C++14 (GCC 5.4.1),cpp,Accepted,13,1024,624,
s591351416,p02791,u977365687,1579463750,C++,C++14 (GCC 5.4.1),cpp,Accepted,77,1024,503,
s973492820,p02791,u995725911,1579463749,C++,C++14 (GCC 5.4.1),cpp,Accepted,19,1024,1117,
s861313701,p02791,u813174766,1579463748,C++,C++14 (GCC 5.4.1),cpp,Accepted,59,1792,422,
s302002337,p02791,u569280127,1579463748,Python,PyPy3 (2.4.0),py,Accepted,253,76240,177,
s701633228,p02791,u058252012,1579463747,C++,C++14 (GCC 5.4.1),cpp,Accepted,60,1024,372,
s418372163,p02791,u474492589,1579463747,C++,C++14 (GCC 5.4.1),cpp,Accepted,81,1024,510,
s078020651,p02791,u521272340,1579463747,C++,C++14 (GCC 5.4.1),cpp,Accepted,66,2296,5004,
s529672942,p02791,u681214861,1579463747,C++,C++14 (GCC 5.4.1),cpp,Accepted,76,1024,533,
s691228370,p02791,u918625790,1579463747,C++,C++14 (GCC 5.4.1),cpp,Accepted,60,1024,363,
s764169335,p02791,u251847465,1579463747,C++,C++14 (GCC 5.4.1),cpp,Accepted,61,1152,3120,
s013277288,p02791,u340969800,1579463747,C++,C++14 (GCC 5.4.1),cpp,Accepted,20,896,214,
s037271211,p02791,u353797797,1579463747,Python,Python (3.4.3),py,Accepted,107,25456,517,
s987244840,p02791,u921940646,1579463745,C++,C++14 (GCC 5.4.1),cpp,Accepted,18,256,2150,
s329234539,p02791,u708550576,1579463745,C++,C++14 (GCC 5.4.1),cpp,Accepted,62,1792,616,
s548003405,p02791,u057488446,1579463745,C++,C++14 (GCC 5.4.1),cpp,Accepted,18,256,1242,
s463031022,p02791,u061071198,1579463745,C++,C++14 (GCC 5.4.1),cpp,Accepted,21,1792,5810,
s158052213,p02791,u562935282,1579463745,Python,Python (3.4.3),py,Accepted,75,24744,384,
s846913297,p02791,u780962115,1579463745,Python,Python (3.4.3),py,Accepted,110,24744,163,
s116407647,p02791,u749359783,1579463744,Python,Python (3.4.3),py,Accepted,112,24744,179,
s265065857,p02791,u242031676,1579463744,Python,Python (3.4.3),py,Accepted,107,25116,139,
s378164287,p02791,u572537642,1579463744,C++,C++14 (GCC 5.4.1),cpp,Accepted,78,256,391,
s511973673,p02791,u225388820,1579463743,Python,Python (3.4.3),py,Accepted,107,24744,143,
s203533732,p02791,u865741247,1579463743,Python,PyPy3 (2.4.0),py,Accepted,254,74332,151,
s307027377,p02791,u853947407,1579463743,C++,C++14 (GCC 5.4.1),cpp,Accepted,63,1024,372,
s615203089,p02791,u162364634,1579463742,C++,C++14 (GCC 5.4.1),cpp,Accepted,77,256,1064,
s889457610,p02791,u233393801,1579463742,C++,C++14 (GCC 5.4.1),cpp,Accepted,18,1792,668,
s645514377,p02791,u050698451,1579463741,C++,C++14 (GCC 5.4.1),cpp,Accepted,19,1024,1563,
s271687255,p02791,u643840641,1579463741,C++,C++14 (GCC 5.4.1),cpp,Accepted,21,1024,892,
s459126683,p02791,u816419151,1579463741,C++,C++14 (GCC 5.4.1),cpp,Accepted,18,1792,1560,
s929183321,p02791,u560900554,1579463741,Rust,Rust (1.15.1),rs,Accepted,38,6396,2002,
s689864254,p02791,u555962250,1579463741,C++,C++14 (GCC 5.4.1),cpp,Accepted,79,256,294,
s930673309,p02791,u404075706,1579463741,C++,C++14 (GCC 5.4.1),cpp,Accepted,78,256,1231,
s472079710,p02791,u277556971,1579463741,C++,C++14 (GCC 5.4.1),cpp,Accepted,42,2560,2149,
s676079964,p02791,u504322356,1579463740,C++,C++14 (GCC 5.4.1),cpp,Accepted,61,1024,1849,
s737428084,p02791,u401416019,1579463740,C++,C++14 (GCC 5.4.1),cpp,Accepted,19,1792,669,
s291388311,p02791,u031448582,1579463740,C++,C++14 (GCC 5.4.1),cpp,Accepted,68,1024,865,
s880380773,p02791,u508571192,1579463740,C++,C++14 (GCC 5.4.1),cpp,Accepted,18,1920,1762,
s218812451,p02791,u301030835,1579463740,C++,C++14 (GCC 5.4.1),cpp,Accepted,60,1024,373,
s222888976,p02791,u030685402,1579463740,C++,C++14 (GCC 5.4.1),cpp,Wrong Answer,29,2936,2552,
s282539342,p02791,u056944756,1579463739,C++,C++14 (GCC 5.4.1),cpp,Accepted,64,3456,342,
s007945939,p02791,u104888333,1579463739,C++,C++14 (GCC 5.4.1),cpp,Accepted,18,256,2627,
s533608696,p02791,u537905693,1579463739,Python,Python (3.4.3),py,Accepted,106,25348,371,
s500678643,p02791,u734765131,1579463739,C++,C++14 (GCC 5.4.1),cpp,Accepted,68,1792,429,
s619371468,p02791,u463243362,1579463738,C++,C++14 (GCC 5.4.1),cpp,Accepted,18,256,544,
s938084933,p02791,u314476982,1579463738,C++,C++14 (GCC 5.4.1),cpp,Accepted,18,1792,1790,
s087613281,p02791,u047796752,1579463738,Python,PyPy3 (2.4.0),py,Accepted,256,71632,182,
s374128219,p02791,u926568061,1579463738,Rust,Rust (1.15.1),rs,Accepted,14,8444,2121,
s048759202,p02791,u785578220,1579463738,Python,Python (3.4.3),py,Accepted,107,24744,146,
s150284285,p02791,u119098168,1579463737,C++,C++14 (GCC 5.4.1),cpp,Accepted,63,1024,356,
s612015598,p02791,u022383109,1579463737,C++,C++14 (GCC 5.4.1),cpp,Wrong Answer,18,1920,977,
s755303809,p02791,u955126385,1579463736,C++,C++14 (GCC 5.4.1),cpp,Accepted,18,1792,611,
s575512736,p02791,u875291233,1579463736,Python,Python (3.4.3),py,Accepted,164,24288,387,
s574045249,p02791,u457565123,1579463736,C++,C++14 (GCC 5.4.1),cpp,Accepted,117,11248,2493,
s771916626,p02791,u568652083,1579463736,C++,C++14 (GCC 5.4.1),cpp,Accepted,60,1024,1891,
s504366604,p02791,u784283302,1579463735,C++,C++14 (GCC 5.4.1),cpp,Accepted,78,384,211,
s433915652,p02791,u564902833,1579463734,C++,C++14 (GCC 5.4.1),cpp,Accepted,59,1792,675,
s652049120,p02791,u922907790,1579463734,C++,C++14 (GCC 5.4.1),cpp,Accepted,18,256,734,
s959714875,p02791,u422633119,1579463734,C++,C++14 (GCC 5.4.1),cpp,Accepted,61,384,1447,
s841044318,p02791,u754022296,1579463734,Python,Python (3.4.3),py,Accepted,95,24756,135,
s572003024,p02791,u344412812,1579463733,C++,C++14 (GCC 5.4.1),cpp,Accepted,76,256,1374,
s126258613,p02791,u715026660,1579463733,C++,C++14 (GCC 5.4.1),cpp,Wrong Answer,103,9600,780,
s243195235,p02791,u480831358,1579463732,Kotlin,Kotlin (1.0.0),kt,Accepted,656,82868,293,
s000370971,p02791,u768937125,1579463732,C++,C++14 (GCC 5.4.1),cpp,Accepted,21,1024,258,
s569540873,p02791,u310678820,1579463732,Python,PyPy3 (2.4.0),py,Accepted,263,76624,148,
s769376513,p02791,u091367113,1579463732,C++,C++14 (GCC 5.4.1),cpp,Accepted,21,1024,698,
s787116845,p02791,u107292917,1579463731,C++,C++14 (GCC 5.4.1),cpp,Accepted,59,1024,1406,
s905925173,p02791,u803848678,1579463731,Python,PyPy3 (2.4.0),py,Accepted,341,76752,529,
s212710881,p02791,u937642029,1579463731,Python,PyPy3 (2.4.0),py,Accepted,276,78084,947,
s475232086,p02791,u059234158,1579463730,Java,Java8 (OpenJDK 1.8.0),java,Accepted,592,52156,2439,
s259110628,p02791,u508486691,1579463730,Python,PyPy3 (2.4.0),py,Accepted,257,72156,687,
s795403502,p02791,u620084012,1579463729,Python,PyPy3 (2.4.0),py,Accepted,252,76496,149,
s960088790,p02791,u898651494,1579463729,C++,C++14 (GCC 5.4.1),cpp,Accepted,60,1792,5129,
s832701151,p02791,u930898631,1579463729,C++,C++14 (GCC 5.4.1),cpp,Accepted,77,1024,753,
s777294062,p02791,u810616694,1579463728,C++,C++14 (GCC 5.4.1),cpp,Accepted,77,1024,728,
s196835305,p02791,u099001254,1579463728,C#,C# (Mono 4.6.2.0),cs,Wrong Answer,96,31068,1065,
s216265651,p02791,u406407674,1579463728,Nim,Nim (0.13.0),nim,Accepted,77,15484,1657,
s916417086,p02791,u223646582,1579463728,Python,PyPy3 (2.4.0),py,Accepted,274,76240,145,
s642269981,p02791,u092650292,1579463727,Python,Python (3.4.3),py,Accepted,123,27088,534,
s236072575,p02791,u093922224,1579463726,C++,C++14 (GCC 5.4.1),cpp,Accepted,19,1024,1774,
s131774280,p02791,u828732026,1579463726,C++,C++14 (GCC 5.4.1),cpp,Accepted,78,1024,435,
s980992801,p02791,u642606455,1579463725,C++,C++14 (GCC 5.4.1),cpp,Accepted,20,128,239,
s956851151,p02791,u652420316,1579463725,C++,C++14 (GCC 5.4.1),cpp,Accepted,18,256,1056,
s999711806,p02791,u016531517,1579463725,C++,C++14 (GCC 5.4.1),cpp,Accepted,58,256,702,
s327997154,p02791,u898167769,1579463724,C++,C++14 (GCC 5.4.1),cpp,Accepted,18,1792,2438,
s815944569,p02791,u852599784,1579463724,Nim,Nim (0.13.0),nim,Accepted,26,6524,1844,
s499578614,p02791,u974620347,1579463723,Python,PyPy3 (2.4.0),py,Accepted,250,76112,158,
s854272152,p02791,u054475353,1579463723,C++,C++14 (GCC 5.4.1),cpp,Accepted,62,1024,3836,
s754362494,p02791,u729073980,1579463723,C++,C++14 (GCC 5.4.1),cpp,Accepted,18,256,2385,
s866893812,p02791,u925940521,1579463723,C++,C++14 (GCC 5.4.1),cpp,Accepted,21,1792,10201,
s856455144,p02791,u586567203,1579463722,C++,C++14 (GCC 5.4.1),cpp,Accepted,77,256,514,
s457675442,p02791,u427305094,1579463722,C++,C++14 (GCC 5.4.1),cpp,Accepted,86,11264,3548,
s602969998,p02791,u819402602,1579463722,C++,C++14 (GCC 5.4.1),cpp,Accepted,77,384,272,
s585454317,p02791,u191874006,1579463721,Python,PyPy3 (2.4.0),py,Accepted,259,71248,661,
s398440831,p02791,u024809932,1579463721,C++,C++14 (GCC 5.4.1),cpp,Accepted,77,256,263,
s552589414,p02791,u349091349,1579463721,Python,PyPy3 (2.4.0),py,Accepted,247,76752,164,
s299447126,p02791,u992779443,1579463720,C++,C++14 (GCC 5.4.1),cpp,Accepted,76,256,504,
s722227824,p02791,u432998668,1579463720,C++,C++14 (GCC 5.4.1),cpp,Accepted,76,256,1256,
s160082664,p02791,u042105122,1579463719,C++,C++14 (GCC 5.4.1),cpp,Accepted,18,1024,546,
s098452387,p02791,u045939752,1579463719,C++,C++14 (GCC 5.4.1),cpp,Accepted,22,1024,971,
s794541621,p02791,u258032299,1579463718,C++,C++14 (GCC 5.4.1),cpp,Accepted,18,256,1387,
s810822735,p02791,u045505231,1579463718,C++,C++14 (GCC 5.4.1),cpp,Accepted,19,1024,776,
s814025277,p02791,u133129810,1579463718,C++,C++14 (GCC 5.4.1),cpp,Accepted,27,3456,2678,
s560527515,p02791,u997325490,1579463717,C++,C++14 (GCC 5.4.1),cpp,Accepted,60,1024,553,
s336918962,p02791,u532966492,1579463717,Python,Python (3.4.3),py,Accepted,113,24744,214,
s015352075,p02791,u681869152,1579463717,C++,C++14 (GCC 5.4.1),cpp,Accepted,19,1792,1294,
s952296134,p02791,u006686215,1579463717,C++,C++14 (GCC 5.4.1),cpp,Accepted,59,1792,1586,
s612433744,p02791,u586598623,1579463716,C++,C++14 (GCC 5.4.1),cpp,Accepted,18,384,460,
s371326008,p02791,u977554186,1579463716,C++,C++14 (GCC 5.4.1),cpp,Accepted,77,1024,474,
s032525294,p02791,u003873207,1579463716,C++,C++14 (Clang 3.8.0),cpp,Accepted,159,1792,1703,
s088268266,p02791,u066651036,1579463716,C++,C++14 (GCC 5.4.1),cpp,Accepted,78,256,1963,
s398514621,p02791,u947883560,1579463715,Python,Python (3.4.3),py,Accepted,108,25680,550,
s759322550,p02791,u040599127,1579463715,D,D (DMD64 v2.070.1),d,Accepted,37,11664,829,
s710125663,p02791,u297574184,1579463715,Python,Python (3.4.3),py,Accepted,89,24744,151,
s415754558,p02791,u591883167,1579463714,C++,C++14 (GCC 5.4.1),cpp,Accepted,18,1792,2104,
s332708974,p02791,u285966616,1579463714,C++,C++14 (GCC 5.4.1),cpp,Accepted,18,1792,1100,
s607990787,p02791,u046768272,1579463714,C++,C++14 (GCC 5.4.1),cpp,Accepted,18,256,370,
s058774570,p02791,u275786410,1579463714,C++,C++14 (GCC 5.4.1),cpp,Accepted,19,1024,863,
s415084332,p02791,u146975530,1579463714,C++,C++14 (GCC 5.4.1),cpp,Accepted,18,256,1763,
s913816103,p02791,u835937527,1579463713,C++,C++14 (GCC 5.4.1),cpp,Runtime Error,129,1152,387,
s871664965,p02791,u891635666,1579463712,Python,Python (3.4.3),py,Accepted,93,25456,478,
s543817158,p02791,u794229607,1579463712,C++,C++14 (GCC 5.4.1),cpp,Accepted,21,256,248,
s792956878,p02791,u330326085,1579463712,C++,C++14 (GCC 5.4.1),cpp,Accepted,60,1024,674,
s661836307,p02791,u878492982,1579463712,C++,C++14 (GCC 5.4.1),cpp,Accepted,19,1024,630,
s305409320,p02791,u518987899,1579463711,Python,PyPy3 (2.4.0),py,Accepted,266,74484,182,
s762193779,p02791,u456065785,1579463711,C++,C++14 (GCC 5.4.1),cpp,Accepted,61,1792,409,
s225846458,p02791,u491569419,1579463711,C++,C++14 (GCC 5.4.1),cpp,Accepted,60,256,1053,
s821704412,p02791,u732412551,1579463709,Python,Python (3.4.3),py,Accepted,95,24744,138,
s010064201,p02791,u759721333,1579463709,C++,C++14 (GCC 5.4.1),cpp,Accepted,61,1024,652,
s798735743,p02791,u452269253,1579463709,Python,Python (3.4.3),py,Accepted,103,25768,143,
s652226465,p02791,u465638326,1579463708,C++,C++14 (GCC 5.4.1),cpp,Accepted,78,1792,331,
s171569471,p02791,u006204672,1579463708,C++,C++14 (GCC 5.4.1),cpp,Accepted,18,1792,1550,
s694120681,p02791,u047554023,1579463708,C++,C++14 (GCC 5.4.1),cpp,Accepted,19,256,658,
s123467878,p02791,u338990986,1579463708,C++,C++14 (GCC 5.4.1),cpp,Accepted,77,1024,716,
s022107835,p02791,u956758464,1579463708,C++,C++14 (GCC 5.4.1),cpp,Accepted,78,256,358,
s954166960,p02791,u471289663,1579463707,C++,C++14 (Clang 3.8.0),cpp,Accepted,168,1792,1279,
s189468739,p02791,u852585808,1579463707,C++,C++14 (GCC 5.4.1),cpp,Accepted,64,3328,828,
s561560740,p02791,u019233781,1579463705,C++,C++14 (GCC 5.4.1),cpp,Runtime Error,135,640,1437,
s789527709,p02791,u833393891,1579463705,C++,C++14 (GCC 5.4.1),cpp,Accepted,18,1024,1102,
s414524337,p02791,u965730380,1579463704,C++,C++14 (GCC 5.4.1),cpp,Accepted,18,1024,704,
s213646559,p02791,u912359563,1579463703,C++,C++14 (GCC 5.4.1),cpp,Accepted,63,1024,924,
s773746305,p02791,u554953477,1579463703,C++,C++14 (GCC 5.4.1),cpp,Accepted,63,1792,773,
s667205302,p02791,u664394831,1579463702,C++,C++14 (GCC 5.4.1),cpp,Accepted,19,1024,2140,
s162320073,p02791,u583811208,1579463702,C++,C++14 (GCC 5.4.1),cpp,Accepted,19,1792,2085,
s157753847,p02791,u820262277,1579463702,C++,C++11 (GCC 4.8.1),cpp,Accepted,21,1792,7106,
s287057864,p02791,u408650734,1579463702,C++,C++14 (GCC 5.4.1),cpp,Accepted,63,1792,479,
s733389926,p02791,u924011226,1579463701,C++,C++14 (GCC 5.4.1),cpp,Accepted,18,256,1114,
s650643824,p02791,u635094809,1579463701,C++,C++14 (GCC 5.4.1),cpp,Accepted,19,1792,326,
s026908835,p02791,u853633924,1579463701,Java,Java8 (OpenJDK 1.8.0),java,Accepted,212,46752,2935,
s328393295,p02791,u440213743,1579463700,C++,C++14 (GCC 5.4.1),cpp,Accepted,59,256,319,
s802148410,p02791,u107995903,1579463700,C++,C++14 (GCC 5.4.1),cpp,Accepted,62,1792,5730,
s892983133,p02791,u414947284,1579463698,C++,C++14 (GCC 5.4.1),cpp,Time Limit Exceeded,2103,1024,538,
s542714442,p02791,u709604332,1579463698,C++,C++14 (GCC 5.4.1),cpp,Accepted,22,3328,1012,
s358260178,p02791,u780597450,1579463698,C++,C++14 (GCC 5.4.1),cpp,Accepted,18,256,2849,
s929039928,p02791,u344220501,1579463698,C++,C++14 (GCC 5.4.1),cpp,Accepted,59,1792,568,
s025569709,p02791,u507795624,1579463698,C++,C++14 (GCC 5.4.1),cpp,Accepted,21,256,827,
s886749254,p02791,u118951811,1579463698,C++,C++14 (GCC 5.4.1),cpp,Accepted,77,256,607,
s583182591,p02791,u698176039,1579463696,Python,Python (3.4.3),py,Accepted,94,24744,158,
s928165641,p02791,u327466606,1579463695,Python,Python (3.4.3),py,Accepted,91,17940,133,
s586618408,p02791,u548834738,1579463695,C++,C++14 (GCC 5.4.1),cpp,Accepted,63,1024,342,
s743922630,p02791,u645250356,1579463695,Python,PyPy3 (2.4.0),py,Accepted,351,96076,578,
s394812355,p02791,u317996173,1579463695,C++,C++14 (GCC 5.4.1),cpp,Accepted,18,1024,1898,
s447998292,p02791,u552344690,1579463695,Java,Java8 (OpenJDK 1.8.0),java,Accepted,580,64672,325,
s889828447,p02791,u692254521,1579463694,Ruby,Ruby (2.3.3),rb,Accepted,107,15236,155,
s924767532,p02791,u843522325,1579463694,C++,C++14 (GCC 5.4.1),cpp,Accepted,60,1024,521,
s961128252,p02791,u491550356,1579463694,C++,C++14 (GCC 5.4.1),cpp,Accepted,18,256,4548,
s208875835,p02791,u807998890,1579463694,C++,C++14 (GCC 5.4.1),cpp,Accepted,77,384,1592,
s374000798,p02791,u476604182,1579463694,Python,PyPy3 (2.4.0),py,Accepted,252,77008,144,
s656493649,p02791,u768334187,1579463693,C++,C++14 (GCC 5.4.1),cpp,Accepted,19,1024,1307,
s306262469,p02791,u403301154,1579463693,Python,Python (3.4.3),py,Accepted,154,24744,149,
s861223842,p02791,u995792346,1579463693,C++,C++14 (GCC 5.4.1),cpp,Accepted,18,1792,665,
s010628004,p02791,u617255029,1579463693,Java,Java8 (OpenJDK 1.8.0),java,Accepted,161,43604,5385,
s698093077,p02791,u680707192,1579463692,C++,C++14 (GCC 5.4.1),cpp,Accepted,77,1024,1137,
s967585892,p02791,u489536233,1579463692,C++,C++14 (GCC 5.4.1),cpp,Accepted,76,256,288,
s565440839,p02791,u646339490,1579463692,C++,C++14 (GCC 5.4.1),cpp,Accepted,66,1792,540,
s022720287,p02791,u816587940,1579463692,C++,C++14 (Clang 3.8.0),cpp,Accepted,630,28968,1731,
s506413436,p02791,u293523151,1579463691,C++,C++14 (GCC 5.4.1),cpp,Wrong Answer,18,256,684,
s920514808,p02791,u754375546,1579463690,Ruby,Ruby (2.3.3),rb,Wrong Answer,106,14940,166,
s856463279,p02791,u379822620,1579463690,C++,C++14 (GCC 5.4.1),cpp,Accepted,78,1792,18062,
s732046794,p02791,u065025264,1579463690,Python,PyPy3 (2.4.0),py,Accepted,277,73948,159,
s334104137,p02791,u366398972,1579463689,C++,C++14 (GCC 5.4.1),cpp,Accepted,77,1024,490,
s190954671,p02791,u780811667,1579463689,C++,C++14 (GCC 5.4.1),cpp,Accepted,78,256,269,
s374610646,p02791,u943070796,1579463688,C++,C++14 (GCC 5.4.1),cpp,Runtime Error,167,3456,6908,
s888941813,p02791,u340010271,1579463687,C++,C++14 (GCC 5.4.1),cpp,Accepted,19,1024,1758,
s903011830,p02791,u751550626,1579463687,C++,C++14 (GCC 5.4.1),cpp,Accepted,76,256,466,
s504267353,p02791,u905582793,1579463687,Python,Python (3.4.3),py,Accepted,177,24744,147,
s638548754,p02791,u917944707,1579463687,C++,C++14 (GCC 5.4.1),cpp,Accepted,61,1024,792,
s677310469,p02791,u580402951,1579463686,C++,C++14 (GCC 5.4.1),cpp,Accepted,21,1792,493,
s508587743,p02791,u748069390,1579463685,C++,C++14 (GCC 5.4.1),cpp,Accepted,18,1792,1554,
s026296180,p02791,u116233709,1579463685,Python,Python (3.4.3),py,Accepted,145,24744,149,
s648196322,p02791,u130804410,1579463685,C++,C++14 (GCC 5.4.1),cpp,Accepted,18,256,5384,
s078333408,p02791,u246275061,1579463684,C++,C++14 (GCC 5.4.1),cpp,Accepted,60,1792,1121,
s756856191,p02791,u866155170,1579463682,Pascal,Pascal (FPC 2.6.2),pas,Accepted,25,128,204,
s647271434,p02791,u918753189,1579463681,C++,C++14 (GCC 5.4.1),cpp,Accepted,77,1024,489,
s256540160,p02791,u836644468,1579463681,C++,C++14 (GCC 5.4.1),cpp,Accepted,61,1400,1294,
s656887975,p02791,u763881112,1579463680,C++,C++14 (GCC 5.4.1),cpp,Accepted,18,1792,1086,
s687992550,p02791,u828669332,1579463680,C++,C++14 (GCC 5.4.1),cpp,Accepted,78,256,435,
s676705729,p02791,u231685196,1579463680,Python,Python (3.4.3),py,Accepted,112,24744,210,
s658358449,p02791,u283869437,1579463679,Perl,Perl (v5.18.2),pl,Accepted,623,41752,41,
s066197964,p02791,u594787118,1579463678,C++,C++14 (GCC 5.4.1),cpp,Wrong Answer,18,1792,1404,
s967985619,p02791,u800725119,1579463678,C++,C++14 (GCC 5.4.1),cpp,Accepted,19,1024,490,
s325759279,p02791,u162342015,1579463678,C++,C++14 (GCC 5.4.1),cpp,Accepted,19,1792,1008,
s704751889,p02791,u695811449,1579463678,Python,Python (3.4.3),py,Accepted,130,24744,137,
s252443831,p02791,u501494362,1579463678,C++,C++14 (GCC 5.4.1),cpp,Accepted,63,11904,8039,
s083565448,p02791,u467826805,1579463677,C++,C++14 (GCC 5.4.1),cpp,Accepted,79,1024,370,
s615803477,p02791,u015514760,1579463677,C++,C++14 (GCC 5.4.1),cpp,Accepted,82,1792,469,
s394269278,p02791,u783674761,1579463677,C++,C++14 (GCC 5.4.1),cpp,Accepted,18,256,1594,
s573655654,p02791,u853010060,1579463676,Python,Python (3.4.3),py,Time Limit Exceeded,2104,25768,191,
s382842190,p02791,u906428167,1579463676,Python,PyPy3 (2.4.0),py,Accepted,257,76880,163,
s706644067,p02791,u242679311,1579463676,C++,C++14 (GCC 5.4.1),cpp,Accepted,60,1792,1338,
s494467772,p02791,u759497274,1579463673,C++,C++14 (GCC 5.4.1),cpp,Accepted,18,256,296,
s849971256,p02791,u816656805,1579463673,C++,C++14 (GCC 5.4.1),cpp,Accepted,21,256,444,
s946199078,p02791,u809967037,1579463673,C++,C++14 (GCC 5.4.1),cpp,Wrong Answer,19,1792,2355,
s821375567,p02791,u598050616,1579463673,C++,C++14 (GCC 5.4.1),cpp,Accepted,59,1792,330,
s527041628,p02791,u432090061,1579463672,C++,C++14 (GCC 5.4.1),cpp,Accepted,18,256,1238,
s977533807,p02791,u997521090,1579463672,Python,Python (2.7.6),py,Accepted,127,21308,344,
s982565655,p02791,u363653022,1579463672,C++,C++14 (GCC 5.4.1),cpp,Accepted,19,256,364,
s426124318,p02791,u425248533,1579463671,Rust,Rust (1.15.1),rs,Accepted,15,10492,516,
s088188105,p02791,u812973725,1579463670,C++,C++14 (GCC 5.4.1),cpp,Accepted,60,1792,1277,
s465885374,p02791,u194412908,1579463670,C#,C# (Mono 4.6.2.0),cs,Accepted,99,31452,2405,
s918482624,p02791,u656771711,1579463670,C++,C++14 (GCC 5.4.1),cpp,Accepted,6,1024,3409,
s018118338,p02791,u118797367,1579463670,C++,C++14 (GCC 5.4.1),cpp,Accepted,76,256,359,
s475421948,p02791,u407614884,1579463669,C++,C++14 (GCC 5.4.1),cpp,Accepted,21,1024,817,
s600819932,p02791,u341957179,1579463669,C++,C++14 (GCC 5.4.1),cpp,Accepted,60,1792,552,
s556010248,p02791,u980322611,1579463669,Python,PyPy3 (2.4.0),py,Accepted,258,76368,165,
s849868610,p02791,u357050210,1579463669,C++,C++14 (GCC 5.4.1),cpp,Accepted,18,256,341,
s100431229,p02791,u077924365,1579463667,C++,C++14 (GCC 5.4.1),cpp,Accepted,18,256,976,
s045505246,p02791,u438094982,1579463667,C++,C++14 (GCC 5.4.1),cpp,Accepted,19,1024,3723,
s718032739,p02791,u864197622,1579463667,Python,Python (3.4.3),py,Accepted,104,24744,137,
s946549785,p02791,u350248178,1579463667,Python,Python (3.4.3),py,Accepted,105,25768,129,
s058221021,p02791,u442104969,1579463667,C++,C++14 (GCC 5.4.1),cpp,Accepted,19,1024,390,
s420481215,p02791,u623115612,1579463666,C++,C++14 (GCC 5.4.1),cpp,Accepted,62,1920,324,
s822495679,p02791,u653187094,1579463666,C++,C++14 (GCC 5.4.1),cpp,Accepted,19,1792,2964,
s453382476,p02791,u928536113,1579463666,C++,C++14 (GCC 5.4.1),cpp,Accepted,18,256,347,
s178502340,p02791,u876442727,1579463666,C++,C++14 (GCC 5.4.1),cpp,Accepted,17,256,796,
s890293300,p02791,u858742833,1579463665,Python,PyPy3 (2.4.0),py,Accepted,260,75600,198,
s274149810,p02791,u688527214,1579463665,Crystal,Crystal (0.20.5),cr,Accepted,84,18428,157,
s893527885,p02791,u456353530,1579463665,Python,PyPy3 (2.4.0),py,Accepted,256,75728,148,
s452791379,p02791,u179970156,1579463664,C++,C++14 (GCC 5.4.1),cpp,Accepted,60,1024,981,
s200037522,p02791,u206645986,1579463664,C++,C++14 (GCC 5.4.1),cpp,Accepted,19,1792,426,
s805341825,p02791,u922952729,1579463664,Python,Python (3.4.3),py,Accepted,95,25768,160,
s195461935,p02791,u168293447,1579463664,C++,C++14 (GCC 5.4.1),cpp,Accepted,79,256,190,
s025248162,p02791,u715675531,1579463662,C++,C++14 (GCC 5.4.1),cpp,Accepted,76,256,1413,
s986636134,p02791,u033620890,1579463662,C++,C++14 (GCC 5.4.1),cpp,Accepted,59,256,1989,
s914415892,p02791,u533093031,1579463661,C++,C++14 (GCC 5.4.1),cpp,Accepted,17,256,1447,
s537126195,p02791,u259053514,1579463661,C++,C++14 (GCC 5.4.1),cpp,Accepted,60,1024,24434,
s499484584,p02791,u708258059,1579463661,C++,C++14 (GCC 5.4.1),cpp,Accepted,76,256,356,
s125562851,p02791,u233745357,1579463659,C++,C++14 (GCC 5.4.1),cpp,Wrong Answer,76,256,247,
s554136661,p02791,u649915042,1579463658,C++,C++14 (GCC 5.4.1),cpp,Accepted,81,7552,2191,
s637491127,p02791,u274962354,1579463658,Java,Java8 (OpenJDK 1.8.0),java,Accepted,135,22616,5268,
s547174428,p02791,u811472478,1579463658,C++,C++14 (GCC 5.4.1),cpp,Accepted,61,256,759,
s526633314,p02791,u500968413,1579463658,C++,C++14 (GCC 5.4.1),cpp,Accepted,21,1024,273,
s681445294,p02791,u119460590,1579463657,C++,C++14 (GCC 5.4.1),cpp,Accepted,99,3072,3169,
s147273996,p02791,u170201762,1579463655,Python,PyPy3 (2.4.0),py,Accepted,254,76368,146,
s321060119,p02791,u038084150,1579463654,C++,C++14 (GCC 5.4.1),cpp,Accepted,19,1792,941,
s999422635,p02791,u502389123,1579463654,C++,C++14 (GCC 5.4.1),cpp,Accepted,18,256,1247,
s733938626,p02791,u969190727,1579463653,Python,Python (3.4.3),py,Accepted,100,24744,120,
s495809293,p02791,u452009494,1579463652,C++,C++14 (GCC 5.4.1),cpp,Runtime Error,177,1024,1544,
s192392809,p02791,u364618491,1579463651,C++,C++14 (GCC 5.4.1),cpp,Accepted,18,1792,2272,
s767014871,p02791,u181736559,1579463650,Rust,Rust (1.15.1),rs,Accepted,54,8572,17946,
s429475891,p02791,u102461423,1579463650,Python,Python (3.4.3),py,Accepted,315,22688,274,
s642002092,p02791,u296150111,1579463648,Python,Python (3.4.3),py,Accepted,150,24744,129,
s427831127,p02791,u155024797,1579463647,Python,PyPy3 (2.4.0),py,Accepted,264,76496,228,
s716124849,p02791,u254456372,1579463647,C++,C++14 (GCC 5.4.1),cpp,Accepted,19,1792,24252,
s795126175,p02791,u009348313,1579463647,Python,PyPy3 (2.4.0),py,Accepted,262,76368,131,
s716144139,p02791,u528523331,1579463646,C++,C++14 (GCC 5.4.1),cpp,Accepted,65,1024,375,
s522034622,p02791,u935796174,1579463646,C++,C++14 (GCC 5.4.1),cpp,Accepted,19,1024,8176,
s173645212,p02791,u946322619,1579463646,C++,C++14 (GCC 5.4.1),cpp,Accepted,21,1792,5544,
s468773678,p02791,u334624175,1579463646,C++,C++14 (Clang 3.8.0),cpp,Accepted,160,888,655,
s323443611,p02791,u656272286,1579463645,C++,C++14 (GCC 5.4.1),cpp,Accepted,19,1024,2651,
s348081831,p02791,u376082984,1579463645,C++,C++14 (GCC 5.4.1),cpp,Accepted,77,256,3611,
s127164506,p02791,u265392294,1579463645,C++,C++14 (GCC 5.4.1),cpp,Wrong Answer,13,1408,4932,
s257448371,p02791,u771524928,1579463645,C++,C++14 (GCC 5.4.1),cpp,Accepted,18,1792,2724,
s982150392,p02791,u317711717,1579463645,C++,C++14 (GCC 5.4.1),cpp,Accepted,18,1792,1483,
s049097602,p02791,u803754262,1579463644,C++,C++14 (GCC 5.4.1),cpp,Accepted,19,1792,1311,
s806755418,p02791,u041282550,1579463643,C++,C++14 (GCC 5.4.1),cpp,Accepted,77,1024,1099,
s473607272,p02791,u279493135,1579463643,Python,Python (3.4.3),py,Accepted,127,27180,790,
s492896798,p02791,u863044225,1579463643,C++,C++14 (GCC 5.4.1),cpp,Accepted,19,1024,6270,
s529502593,p02791,u443010331,1579463642,C++,C++14 (GCC 5.4.1),cpp,Accepted,60,1024,1978,
s661617782,p02791,u352499693,1579463642,C++,C++14 (GCC 5.4.1),cpp,Accepted,21,1792,452,
s669242649,p02791,u322177979,1579463641,C++,C++14 (GCC 5.4.1),cpp,Accepted,59,1792,6114,
s927587281,p02791,u599365206,1579463639,C#,C# (Mono 4.6.2.0),cs,Accepted,109,33756,5064,
s181866514,p02791,u011129112,1579463638,C++,C++14 (GCC 5.4.1),cpp,Accepted,13,1024,728,
s180310623,p02791,u287015418,1579463637,C++,C++14 (GCC 5.4.1),cpp,Accepted,28,6144,1510,
s451263474,p02791,u856232850,1579463635,C++,C++14 (GCC 5.4.1),cpp,Accepted,62,1024,572,
s344041881,p02791,u536580583,1579463635,C++,C++14 (GCC 5.4.1),cpp,Accepted,18,256,328,
s727199227,p02791,u146364934,1579463634,Java,Java8 (OpenJDK 1.8.0),java,Accepted,602,88252,627,
s618900394,p02791,u116670634,1579463633,C++,C++14 (GCC 5.4.1),cpp,Accepted,18,1792,2540,
s948156494,p02791,u426108351,1579463633,Python,Python (3.4.3),py,Accepted,109,24744,163,
s411417132,p02791,u021034020,1579463633,C++,C++14 (Clang 3.8.0),cpp,Accepted,167,888,8539,
s319443166,p02791,u617380180,1579463631,C++,C++14 (GCC 5.4.1),cpp,Accepted,18,1024,1409,
s629534752,p02791,u898331860,1579463630,C++,C++14 (GCC 5.4.1),cpp,Accepted,83,256,336,
s452767071,p02791,u051493691,1579463628,C++,C++14 (GCC 5.4.1),cpp,Accepted,19,1792,13589,
s395533308,p02791,u348155686,1579463626,C++,C++14 (GCC 5.4.1),cpp,Accepted,18,256,1195,
s221241329,p02791,u761989513,1579463626,Python,Python (3.4.3),py,Accepted,132,24744,152,
s457484295,p02791,u715750943,1579463625,C++,C++14 (GCC 5.4.1),cpp,Accepted,20,1792,3399,
s044628050,p02791,u608088992,1579463625,Python,Python (3.4.3),py,Accepted,87,23828,468,
s333934179,p02791,u372633838,1579463624,C++,C++14 (GCC 5.4.1),cpp,Accepted,21,1792,800,
s146586011,p02791,u721367699,1579463624,C++,C++14 (GCC 5.4.1),cpp,Accepted,62,256,705,
s499733710,p02791,u623687794,1579463624,Python,Python (3.4.3),py,Accepted,109,24744,127,
s246633458,p02791,u571969099,1579463622,Python,Python (3.4.3),py,Accepted,97,24744,140,
s466081510,p02791,u432688695,1579463621,C++,C++14 (GCC 5.4.1),cpp,Accepted,18,1792,3323,
s954195559,p02791,u204421101,1579463618,C++,C++14 (GCC 5.4.1),cpp,Accepted,21,1024,306,
s722175502,p02791,u228295160,1579463618,C++,C++14 (GCC 5.4.1),cpp,Accepted,21,1792,4606,
s021530721,p02791,u143509139,1579463617,Python,Python (3.4.3),py,Accepted,91,24744,139,
s049357863,p02791,u533093031,1579463617,C++,C++14 (GCC 5.4.1),cpp,Compile Error,,,1438,
s821160809,p02791,u095453583,1579463616,C++,C++14 (GCC 5.4.1),cpp,Accepted,18,1792,4110,
s066744382,p02791,u360980679,1579463615,C++,C++14 (GCC 5.4.1),cpp,Accepted,28,3456,3192,
s019188420,p02791,u424655672,1579463614,C++,C++14 (GCC 5.4.1),cpp,Accepted,21,1024,649,
s134998529,p02791,u172873334,1579463613,C++,C++14 (GCC 5.4.1),cpp,Accepted,6,1024,8132,
s682429953,p02791,u675296835,1579463610,C++,C++14 (GCC 5.4.1),cpp,Accepted,21,1792,9037,
s801959924,p02791,u788137651,1579463609,Python,PyPy3 (2.4.0),py,Accepted,277,72816,1472,
s729567982,p02791,u981808900,1579463608,Java,Java8 (OpenJDK 1.8.0),java,Accepted,204,44472,2683,
s040833658,p02791,u756088996,1579463608,C++,C++14 (GCC 5.4.1),cpp,Accepted,60,1792,968,
s248138882,p02791,u923279197,1579463606,Python,PyPy3 (2.4.0),py,Accepted,260,76624,158,
s339050588,p02791,u887142477,1579463605,Python,PyPy3 (2.4.0),py,Accepted,261,76880,157,
s418919011,p02791,u119714109,1579463604,Java,Java8 (OpenJDK 1.8.0),java,Compile Error,,,297,
s535446158,p02791,u218842729,1579463602,C++,C++14 (GCC 5.4.1),cpp,Accepted,19,1792,757,
s882046458,p02791,u579152247,1579463602,C++,C++14 (GCC 5.4.1),cpp,Accepted,67,1792,2309,
s536764936,p02791,u814026219,1579463602,Crystal,Crystal (0.20.5),cr,Accepted,86,15868,149,
s452335415,p02791,u680707192,1579463602,C++,C++14 (GCC 5.4.1),cpp,Time Limit Exceeded,2103,1024,1154,
s387951469,p02791,u915020369,1579463600,C++,C++14 (GCC 5.4.1),cpp,Accepted,21,256,649,
s290055804,p02791,u544437817,1579463600,C++,C++14 (GCC 5.4.1),cpp,Accepted,61,1024,337,
s521025764,p02791,u092002408,1579463600,C++,C++14 (GCC 5.4.1),cpp,Accepted,21,1024,658,
s988639419,p02791,u423624748,1579463598,C++,C++14 (GCC 5.4.1),cpp,Accepted,81,5888,2498,
s187693033,p02791,u196497077,1579463598,C++,C++14 (GCC 5.4.1),cpp,Accepted,60,256,791,
s103607583,p02791,u153007423,1579463596,C++,C++14 (GCC 5.4.1),cpp,Accepted,19,1792,716,
s251235725,p02791,u694731294,1579463588,C++,C++14 (GCC 5.4.1),cpp,Accepted,18,256,864,
s419390107,p02791,u334351654,1579463588,C++,C++14 (GCC 5.4.1),cpp,Accepted,18,1792,980,
s327695742,p02791,u524343822,1579463585,C++,C++14 (GCC 5.4.1),cpp,Accepted,19,1024,2249,
s114679272,p02791,u761320129,1579463585,Python,Python (3.4.3),py,Accepted,94,24744,138,
s532579490,p02791,u466161487,1579463580,C++,C++14 (GCC 5.4.1),cpp,Accepted,19,1024,1668,
s511482481,p02791,u607229598,1579463580,C++,C++14 (GCC 5.4.1),cpp,Wrong Answer,60,1792,2087,
s025615354,p02791,u591343832,1579463579,C++,C++14 (GCC 5.4.1),cpp,Accepted,18,1792,4903,
s126278111,p02791,u227082700,1579463579,Python,Python (3.4.3),py,Accepted,106,24744,130,
s407782866,p02791,u379947938,1579463575,C++,C++14 (GCC 5.4.1),cpp,Accepted,19,1024,5715,
s878453608,p02791,u953604084,1579463570,C++,C++14 (GCC 5.4.1),cpp,Accepted,18,1792,741,
s875252174,p02791,u089668660,1579463569,C++,C++14 (GCC 5.4.1),cpp,Accepted,61,3968,10985,
s874232371,p02791,u585482323,1579463568,Python,PyPy3 (2.4.0),py,Accepted,259,71376,908,
s400705350,p02791,u852158538,1579463567,C++,C++14 (GCC 5.4.1),cpp,Accepted,79,1024,811,
s635136931,p02791,u545022164,1579463566,C++,C++14 (GCC 5.4.1),cpp,Accepted,20,256,786,
s564529639,p02791,u986568278,1579463565,C++,C++14 (GCC 5.4.1),cpp,Accepted,64,256,444,
s278680904,p02791,u832039789,1579463556,Python,PyPy3 (2.4.0),py,Accepted,271,76496,150,
s903499268,p02791,u203927510,1579463553,C++,C++14 (GCC 5.4.1),cpp,Accepted,60,1024,315,
s763247496,p02791,u070600790,1579463549,C++,C++14 (GCC 5.4.1),cpp,Accepted,18,1792,1570,
s913947772,p02791,u389910364,1579463549,Python,Python (3.4.3),py,Accepted,526,32000,724,
s498281188,p02791,u340781749,1579463545,Python,Python (3.4.3),py,Accepted,90,24744,154,
s731561236,p02791,u997055883,1579463537,Java,Java8 (OpenJDK 1.8.0),java,Accepted,600,87388,486,
s221918021,p02791,u781095600,1579463536,C++,C++14 (GCC 5.4.1),cpp,Accepted,21,1024,285,
s447452027,p02791,u734519000,1579463533,C++,C++14 (GCC 5.4.1),cpp,Accepted,70,1400,315,
s058958967,p02791,u676029460,1579463522,C++,C++14 (GCC 5.4.1),cpp,Accepted,18,1024,428,
s582365053,p02791,u430870052,1579463514,C++,C++14 (GCC 5.4.1),cpp,Runtime Error,106,1024,3093,
s838896010,p02791,u021034020,1579463512,C++,C++14 (Clang 3.8.0),cpp,Wrong Answer,164,888,8529,
s779053324,p02791,u219786796,1579463505,C++,C++14 (GCC 5.4.1),cpp,Accepted,115,9600,1246,
s297398104,p02791,u333945892,1579463500,Python,Python (3.4.3),py,Accepted,144,26984,459,
s987634285,p02791,u781095600,1579463485,C++,C++14 (GCC 5.4.1),cpp,Runtime Error,110,640,285,
s923010412,p02791,u924339359,1579463483,C++,C++14 (GCC 5.4.1),cpp,Accepted,19,1024,732,
s521101636,p02791,u564847900,1579463474,C#,C# (Mono 4.6.2.0),cs,Accepted,109,31964,1496,
s498501434,p02791,u579152247,1579463472,C++,C++14 (GCC 5.4.1),cpp,Wrong Answer,61,1792,2311,
s311869098,p02791,u462437857,1579463462,C++,C++14 (GCC 5.4.1),cpp,Accepted,58,384,289,
s604055711,p02791,u874644572,1579463458,C++,C++14 (GCC 5.4.1),cpp,Accepted,21,1920,8404,
