submission_id,problem_id,user_id,date,language,original_language,filename_ext,status,cpu_time,memory,code_size,accuracy
s374048269,p03920,u018872912,1600807266,C++,C++ (GCC 9.2.1),cpp,Accepted,18,3572,3138,
s229207914,p03920,u023229441,1600225319,Python,PyPy3 (7.3.0),py,Accepted,196,171324,1046,
s530417677,p03920,u874886096,1599439110,C,C (GCC 9.2.1),c,Wrong Answer,3,1732,291,
s181259135,p03920,u874886096,1599439079,C,C (GCC 9.2.1),c,Compile Error,,,290,
s161395241,p03920,u874886096,1599438754,C,C (GCC 9.2.1),c,Wrong Answer,6,1736,267,
s382064893,p03920,u265065462,1598849693,Rust,Rust (1.42.0),rs,Accepted,21,2168,523,
s979313770,p03920,u327532412,1598619061,Python,Python (3.8.2),py,Accepted,34,9236,225,
s916538004,p03920,u378752007,1598203930,C#,C# (.NET Core 3.1.201),cs,Accepted,112,27460,640,
s128214514,p03920,u760868074,1597866531,Rust,Rust (1.42.0),rs,Accepted,20,2136,7902,
s044365360,p03920,u548791035,1597053905,C++,C++ (GCC 9.2.1),cpp,Accepted,6,3568,1094,
s802083504,p03920,u352600849,1595904218,Lisp,Common Lisp (SBCL 2.0.3),l,Accepted,30,24588,4081,
s343883956,p03920,u553314348,1595286890,Java,Java (OpenJDK 11.0.6),java,Accepted,166,36764,1089,
s603360793,p03920,u445807804,1595052975,Python,PyPy3 (7.3.0),py,Accepted,93,68648,227,
s755315225,p03920,u048238198,1594945267,C++,C++ (GCC 9.2.1),cpp,Accepted,17,3708,534,
s399875354,p03920,u826189900,1594738050,C++,C++ (GCC 9.2.1),cpp,Accepted,7,3636,727,
s837936443,p03920,u306482197,1593535745,C++,C++ (GCC 9.2.1),cpp,Accepted,19,3636,237,
s323225588,p03920,u306482197,1593535539,C++,C++ (GCC 9.2.1),cpp,Wrong Answer,21,3628,189,
s280011695,p03920,u306482197,1593535466,C++,C++ (GCC 9.2.1),cpp,Wrong Answer,20,3608,189,
s987847351,p03920,u999406210,1593026374,C++,C++ (GCC 9.2.1),cpp,Accepted,22,3680,6924,
s563916318,p03920,u999406210,1593026309,C++,C++ (GCC 9.2.1),cpp,Runtime Error,118,18964,6903,
s962878833,p03920,u033208015,1592841976,C++,C++ (GCC 9.2.1),cpp,Wrong Answer,7,3652,518,
s696357443,p03920,u893063840,1592662020,Python,Python (3.8.2),py,Accepted,32,9296,257,
s003354208,p03920,u382163500,1592494079,C,C (GCC 5.4.1),c,Accepted,1,128,171,
s328081336,p03920,u765815947,1592251326,C++,C++14 (GCC 5.4.1),cpp,Accepted,8,384,909,
s872847696,p03920,u969708690,1590949202,Python,Python (3.4.3),py,Accepted,21,3572,311,
s360549527,p03920,u969708690,1590948262,Python,Python (3.4.3),py,Wrong Answer,21,3572,209,
s792077828,p03920,u026788530,1590697718,Python,Python (3.4.3),py,Accepted,22,3408,120,
s074636903,p03920,u651317892,1590448919,C++,C++14 (GCC 5.4.1),cpp,Accepted,8,256,426,
s964870809,p03920,u213580455,1590202809,Python,Python (3.4.3),py,Accepted,22,3656,362,
s743083548,p03920,u188745744,1590006992,Python,Python (3.4.3),py,Accepted,24,3316,176,
s837702369,p03920,u217942651,1589197350,C++,C++14 (GCC 5.4.1),cpp,Accepted,8,256,1222,
s805578044,p03920,u726523100,1587961581,Ruby,Ruby (2.3.3),rb,Accepted,11,1788,148,
s643112185,p03920,u995062424,1587937900,Python,Python (3.4.3),py,Accepted,22,3572,199,
s240965685,p03920,u668785999,1587083573,Python,Python (3.4.3),py,Accepted,24,3572,178,
s449829203,p03920,u668785999,1587083448,Python,Python (3.4.3),py,Runtime Error,23,3572,163,
s337210587,p03920,u170183831,1587043961,Python,Python (3.4.3),py,Accepted,20,3572,203,
s549088655,p03920,u668785999,1586997799,Python,Python (3.4.3),py,Wrong Answer,22,3316,139,
s291179173,p03920,u668785999,1586997653,Python,Python (3.4.3),py,Wrong Answer,22,3316,137,
s684277945,p03920,u668785999,1586997540,Python,Python (3.4.3),py,Wrong Answer,18,2940,109,
s510034087,p03920,u930705402,1586984309,Python,Python (3.4.3),py,Accepted,21,3316,190,
s834647557,p03920,u172569352,1586959588,Python,Python (3.4.3),py,Accepted,22,3316,209,
s258349951,p03920,u172569352,1586959295,Python,Python (3.4.3),py,Memory Limit Exceeded,531,400372,202,
s415013401,p03920,u167931717,1586901323,C++,C++14 (GCC 5.4.1),cpp,Accepted,8,256,25204,
s745568649,p03920,u061071198,1586479704,C++,C++14 (GCC 5.4.1),cpp,Accepted,2,384,6559,
s573886667,p03920,u105124953,1586304581,Python,Python (3.4.3),py,Wrong Answer,21,3572,285,
s128220899,p03920,u168017191,1585966888,C++,C++14 (GCC 5.4.1),cpp,Accepted,2,384,1285,
s075969818,p03920,u373958718,1585521946,Python,Python (3.4.3),py,Accepted,22,3572,143,
s269362556,p03920,u373958718,1585521883,Python,Python (3.4.3),py,Wrong Answer,22,3572,141,
s406129761,p03920,u469281291,1585505499,Python,Python (3.4.3),py,Accepted,24,3316,241,
s555325223,p03920,u620755587,1585503876,Python,Python (3.4.3),py,Wrong Answer,2104,3572,153,
s245693235,p03920,u620755587,1585503849,C++,C++14 (GCC 5.4.1),cpp,Compile Error,,,153,
s801827304,p03920,u102070373,1585323767,C++,C++14 (GCC 5.4.1),cpp,Accepted,8,256,264,
s067755928,p03920,u102070373,1585323662,C++,C++14 (GCC 5.4.1),cpp,Wrong Answer,9,384,262,
s561371766,p03920,u548163222,1585315623,C++,C++14 (GCC 5.4.1),cpp,Accepted,8,256,232,
s867568156,p03920,u860546679,1585280873,C++,C++14 (GCC 5.4.1),cpp,Accepted,8,256,359,
s069379244,p03920,u404290207,1585196022,Python,PyPy3 (2.4.0),py,Accepted,300,67428,1442,
s978072819,p03920,u404290207,1585195198,Python,PyPy3 (2.4.0),py,Runtime Error,293,67412,1438,
s941053290,p03920,u303039933,1583983624,Python,PyPy3 (2.4.0),py,Accepted,239,42988,2335,
s834075229,p03920,u303039933,1583983496,Python,PyPy3 (2.4.0),py,Runtime Error,172,38384,2671,
s559636335,p03920,u292252214,1583628364,C,C (GCC 5.4.1),c,Accepted,1,128,432,
s883974234,p03920,u657913472,1582618462,Julia,Julia (0.5.0),jl,Accepted,319,111572,112,
s026972286,p03920,u980655160,1582147124,C++,C++14 (GCC 5.4.1),cpp,Accepted,8,384,922,
s483182048,p03920,u298297089,1581462187,Python,Python (3.4.3),py,Accepted,875,3316,138,
s837634769,p03920,u298297089,1581460871,Python,Python (3.4.3),py,Wrong Answer,22,3408,162,
s169779484,p03920,u298297089,1581460812,Python,Python (3.4.3),py,Wrong Answer,22,3316,138,
s935163735,p03920,u339233484,1581192828,C++,C++14 (GCC 5.4.1),cpp,Accepted,2,256,408,
s033714685,p03920,u339233484,1581192706,C++,C++14 (GCC 5.4.1),cpp,Wrong Answer,2,256,443,
s099569932,p03920,u657913472,1580990453,Haskell,Haskell (GHC 7.10.3),hs,Accepted,3,1020,140,
s853407228,p03920,u657913472,1580990418,Haskell,Haskell (GHC 7.10.3),hs,Compile Error,,,139,
s074985665,p03920,u683134447,1580681101,Python,Python (3.4.3),py,Accepted,22,3316,183,
s313892541,p03920,u246639932,1580248294,C++,C++14 (GCC 5.4.1),cpp,Accepted,9,256,827,
s221648973,p03920,u954176652,1579666506,C++,C++14 (GCC 5.4.1),cpp,Wrong Answer,8,256,2403,
s809041781,p03920,u071282706,1579397675,C++,C++14 (GCC 5.4.1),cpp,Accepted,50,78464,624,
s782161481,p03920,u657913472,1579346675,Awk,Awk (mawk 1.3.3),awk,Accepted,3,256,43,
s828748429,p03920,u657913472,1579346511,Awk,Awk (mawk 1.3.3),awk,Accepted,2,256,44,
s299304559,p03920,u657913472,1579346460,Awk,Awk (mawk 1.3.3),awk,Accepted,3,256,46,
s875469145,p03920,u657913472,1579345867,Pascal,Pascal (FPC 2.6.2),pas,Accepted,1,128,143,
s475074453,p03920,u657913472,1579345823,Pascal,Pascal (FPC 2.6.2),pas,Accepted,1,128,151,
s110334508,p03920,u657913472,1579345801,Pascal,Pascal (FPC 2.6.2),pas,Accepted,1,128,172,
s807024667,p03920,u657913472,1579345753,Pascal,Pascal (FPC 2.6.2),pas,Accepted,1,128,152,
s624153950,p03920,u657913472,1579345728,Pascal,Pascal (FPC 2.6.2),pas,Accepted,1,128,182,
s786048193,p03920,u374802266,1578806725,Python,Python (3.4.3),py,Accepted,21,3316,267,
s204467353,p03920,u846634344,1578533935,C++,C++14 (GCC 5.4.1),cpp,Accepted,14,384,736,
s635638740,p03920,u846634344,1578533824,C++,C++14 (GCC 5.4.1),cpp,Wrong Answer,14,384,728,
s996926767,p03920,u899220667,1578460714,C++,C++14 (GCC 5.4.1),cpp,Accepted,2,256,6218,
s044248863,p03920,u846634344,1578457712,C++,C++14 (GCC 5.4.1),cpp,Wrong Answer,9,384,455,
s504170122,p03920,u846634344,1578457578,C++,C++14 (GCC 5.4.1),cpp,Wrong Answer,8,384,454,
s628933068,p03920,u353602031,1578375900,C++,C++14 (GCC 5.4.1),cpp,Accepted,2,256,3289,
s451809870,p03920,u366644013,1577851853,C++,C++14 (GCC 5.4.1),cpp,Accepted,8,256,698,
s524435640,p03920,u986568278,1576852857,C++,C++14 (GCC 5.4.1),cpp,Accepted,8,256,542,
s455397501,p03920,u522636435,1575520045,Java,Java8 (OpenJDK 1.8.0),java,Accepted,161,23636,369,
s670007045,p03920,u192903163,1574745677,C++,C++14 (GCC 5.4.1),cpp,Accepted,8,256,858,
s149006585,p03920,u161323909,1574725960,Awk,Awk (mawk 1.3.3),awk,Accepted,2,256,113,
s999288412,p03920,u876335718,1574646171,C++,C++14 (GCC 5.4.1),cpp,Accepted,32,78464,1548,
s928466736,p03920,u876335718,1574646098,C++,C++14 (GCC 5.4.1),cpp,Runtime Error,316,8192,1540,
s333176727,p03920,u623115612,1574526539,C++,C++14 (GCC 5.4.1),cpp,Accepted,8,256,312,
s446328612,p03920,u389910364,1574459534,Python,Python (3.4.3),py,Accepted,20,3700,339,
s052302013,p03920,u192280767,1573485273,C++,C++14 (GCC 5.4.1),cpp,Accepted,8,256,298,
s092351941,p03920,u467736898,1573423234,Python,Python (3.4.3),py,Accepted,19,3444,210,
s306249789,p03920,u801513186,1573163697,C++,C++14 (GCC 5.4.1),cpp,Accepted,8,256,1174,
s245824551,p03920,u225581241,1572907967,C++,C++14 (GCC 5.4.1),cpp,Accepted,2,384,917,
s026159086,p03920,u225581241,1572907387,C++,C++14 (GCC 5.4.1),cpp,Wrong Answer,888,77312,725,
s204019280,p03920,u991846372,1572223429,C++,C++14 (GCC 5.4.1),cpp,Accepted,9,384,374,
s428829702,p03920,u946090308,1571931772,C++,C++14 (GCC 5.4.1),cpp,Accepted,8,512,682,
s904250745,p03920,u946090308,1571931661,C++,C++14 (GCC 5.4.1),cpp,Runtime Error,100,256,678,
s106837169,p03920,u946090308,1571931617,C++,C++14 (GCC 5.4.1),cpp,Compile Error,,,698,
s411899119,p03920,u530329977,1571682388,C++,C++14 (GCC 5.4.1),cpp,Accepted,8,256,380,
s049702971,p03920,u530329977,1571681698,C++,C++14 (GCC 5.4.1),cpp,Wrong Answer,8,256,401,
s999278167,p03920,u530329977,1571681617,C++,C++14 (GCC 5.4.1),cpp,Wrong Answer,8,256,421,
s934957664,p03920,u530329977,1571681385,C++,C++14 (GCC 5.4.1),cpp,Wrong Answer,8,256,419,
s999158801,p03920,u530329977,1571681240,C++,C++14 (GCC 5.4.1),cpp,Compile Error,,,404,
s180616664,p03920,u530329977,1571681009,C++,C++14 (GCC 5.4.1),cpp,Compile Error,,,309,
s837315215,p03920,u530329977,1571680864,C++,C++14 (GCC 5.4.1),cpp,Wrong Answer,8,256,401,
s170572852,p03920,u530329977,1571680820,C++,C++14 (GCC 5.4.1),cpp,Wrong Answer,8,256,391,
s122093707,p03920,u530329977,1571680591,C++,C++14 (GCC 5.4.1),cpp,Wrong Answer,8,256,383,
s449846079,p03920,u530329977,1571680530,C++,C++14 (GCC 5.4.1),cpp,Compile Error,,,381,
s398159104,p03920,u848736574,1571264685,C++,C++14 (GCC 5.4.1),cpp,Accepted,18,512,1516,
s304496303,p03920,u848736574,1571262216,C++,C++14 (GCC 5.4.1),cpp,Wrong Answer,1,256,1450,
s429701262,p03920,u970690920,1570774341,C++,C++14 (GCC 5.4.1),cpp,Accepted,8,384,403,
s025186823,p03920,u970690920,1570761544,C++,C++14 (GCC 5.4.1),cpp,Wrong Answer,8,384,479,
s466812740,p03920,u970690920,1570761068,C++,C++14 (GCC 5.4.1),cpp,Wrong Answer,8,384,366,
s381279340,p03920,u559765551,1570755225,C++,C++14 (GCC 5.4.1),cpp,Accepted,8,256,302,
s544224363,p03920,u322177979,1569531080,C++,C++14 (GCC 5.4.1),cpp,Accepted,8,256,3141,
s826222928,p03920,u007550226,1569512223,C++,C++14 (GCC 5.4.1),cpp,Accepted,8,256,491,
s645453277,p03920,u303039933,1569176706,C++,C++14 (GCC 5.4.1),cpp,Accepted,8,384,2879,
s296700218,p03920,u303039933,1569176641,C++,C++14 (GCC 5.4.1),cpp,Wrong Answer,8,384,2880,
s303772357,p03920,u520841950,1569110124,C++,C++14 (GCC 5.4.1),cpp,Accepted,8,256,631,
s644152251,p03920,u379947938,1569102526,C++,C++14 (GCC 5.4.1),cpp,Accepted,8,256,1558,
s013171862,p03920,u881647420,1568905018,C++,C++14 (GCC 5.4.1),cpp,Accepted,1,256,784,
s063211675,p03920,u881647420,1568904889,C++,C++14 (GCC 5.4.1),cpp,Wrong Answer,2,256,786,
s268308827,p03920,u244203620,1568900369,C++,C++14 (GCC 5.4.1),cpp,Accepted,8,256,238,
s113990341,p03920,u244203620,1568899212,C++,C++14 (GCC 5.4.1),cpp,Wrong Answer,1,256,536,
s131550149,p03920,u244203620,1568893783,C,C (GCC 5.4.1),c,Wrong Answer,1,128,149,
s040171275,p03920,u244203620,1568893575,C,C (GCC 5.4.1),c,Wrong Answer,1,128,150,
s308421235,p03920,u184659204,1568861964,C++,C++14 (GCC 5.4.1),cpp,Accepted,8,384,888,
s049390687,p03920,u184659204,1568861596,C++,C++14 (GCC 5.4.1),cpp,Wrong Answer,8,384,788,
s112306474,p03920,u473291366,1568518998,Python,Python (3.4.3),py,Accepted,22,3316,230,
s883025454,p03920,u845000384,1568514259,C++,C++14 (GCC 5.4.1),cpp,Accepted,8,256,1552,
s493260374,p03920,u584174687,1568428689,Python,PyPy3 (2.4.0),py,Accepted,211,42728,590,
s410049918,p03920,u167931717,1568337227,C++,C++14 (GCC 5.4.1),cpp,Accepted,9,512,18124,
s416324206,p03920,u539199630,1568317944,C++,C++14 (GCC 5.4.1),cpp,Accepted,2,256,610,
s709118184,p03920,u987039629,1568225259,C++,C++14 (GCC 5.4.1),cpp,Accepted,8,256,372,
s856708799,p03920,u050428930,1568215049,C++,C++14 (GCC 5.4.1),cpp,Accepted,8,256,363,
s215103229,p03920,u118642796,1568078910,Python,PyPy3 (2.4.0),py,Accepted,206,42456,155,
s429352612,p03920,u607229598,1567990769,C++,C++14 (GCC 5.4.1),cpp,Accepted,8,256,363,
s694859095,p03920,u607229598,1567990590,C++,C++14 (GCC 5.4.1),cpp,Wrong Answer,8,256,322,
s076859304,p03920,u758799884,1567976478,C++,C++14 (GCC 5.4.1),cpp,Accepted,8,384,1414,
s286208808,p03920,u828388155,1567969954,C++,C++14 (GCC 5.4.1),cpp,Accepted,2,256,563,
s057745168,p03920,u828388155,1567969699,C++,C++14 (GCC 5.4.1),cpp,Wrong Answer,2,256,564,
s661220319,p03920,u643840641,1567429611,C++,C++14 (GCC 5.4.1),cpp,Accepted,2,256,653,
s109577933,p03920,u484505863,1567245473,C++,C++14 (GCC 5.4.1),cpp,Accepted,2,256,3275,
s964580869,p03920,u657913472,1567182417,Pascal,Pascal (FPC 2.6.2),pas,Accepted,1,128,123,
s739044253,p03920,u657913472,1567182098,Ruby,Ruby (2.3.3),rb,Wrong Answer,10,2056,44,
s537482624,p03920,u657913472,1567182077,Ruby,Ruby (2.3.3),rb,Runtime Error,17,3968,42,
s385115526,p03920,u657913472,1567182025,Ruby,Ruby (2.3.3),rb,Runtime Error,7,1788,44,
s029296541,p03920,u657913472,1567182007,Ruby,Ruby (2.3.3),rb,Runtime Error,20,2172,44,
s298066633,p03920,u657913472,1567181932,Ruby,Ruby (2.3.3),rb,Runtime Error,9,1916,45,
s700475177,p03920,u657913472,1567181875,Ruby,Ruby (2.3.3),rb,Accepted,23,3968,45,
s404178767,p03920,u657913472,1567181854,Ruby,Ruby (2.3.3),rb,Accepted,12,2056,47,
s508281224,p03920,u657913472,1567181795,Ruby,Ruby (2.3.3),rb,Accepted,13,1916,49,
s507140453,p03920,u657913472,1567181548,Perl,Perl (v5.18.2),pl,Accepted,10,512,47,
s787478836,p03920,u657913472,1567181440,Perl,Perl (v5.18.2),pl,Accepted,9,1024,48,
s577537796,p03920,u657913472,1567181216,Perl,Perl (v5.18.2),pl,Accepted,4,1024,51,
s844222273,p03920,u657913472,1567181058,Perl,Perl (v5.18.2),pl,Accepted,4,1024,64,
s139476749,p03920,u657913472,1567180996,Perl,Perl (v5.18.2),pl,Wrong Answer,6,1024,64,
s718163515,p03920,u657913472,1567180792,Perl,Perl (v5.18.2),pl,Accepted,4,1024,71,
s683979115,p03920,u196254124,1567126440,C++,C++14 (GCC 5.4.1),cpp,Accepted,9,384,319,
s488312529,p03920,u322714721,1567038753,C++,C++14 (GCC 5.4.1),cpp,Accepted,8,256,640,
s123214101,p03920,u334624175,1566926371,C++,C++14 (Clang 3.8.0),cpp,Accepted,2,256,720,
s435183474,p03920,u755830696,1566899296,C++,C++14 (GCC 5.4.1),cpp,Accepted,8,512,467,
s283510495,p03920,u677523557,1566868900,Python,Python (3.4.3),py,Accepted,22,3316,159,
s049662612,p03920,u677523557,1566868759,Python,Python (3.4.3),py,Wrong Answer,21,3316,158,
s843254469,p03920,u116670634,1566630335,C++,C++14 (GCC 5.4.1),cpp,Accepted,8,512,1438,
s055695128,p03920,u809967037,1566503138,C++,C++14 (GCC 5.4.1),cpp,Accepted,8,256,2100,
s259710073,p03920,u275174880,1566407907,Java,Java8 (OpenJDK 1.8.0),java,Accepted,135,63188,450,
s715234328,p03920,u275174880,1566407846,Java,Java8 (OpenJDK 1.8.0),java,Runtime Error,137,65364,450,
s741537727,p03920,u172873334,1566400791,C++,C++14 (GCC 5.4.1),cpp,Accepted,2,256,8186,
s896090900,p03920,u172873334,1566399508,C++,C++14 (GCC 5.4.1),cpp,Wrong Answer,3,384,8073,
s951921112,p03920,u811472478,1566319598,C++,C++14 (GCC 5.4.1),cpp,Accepted,9,384,958,
s302969279,p03920,u811472478,1566319518,C++,C++14 (GCC 5.4.1),cpp,Wrong Answer,8,384,958,
s517346924,p03920,u811472478,1566318700,C++,C++14 (GCC 5.4.1),cpp,Wrong Answer,1,256,681,
s334440894,p03920,u887207211,1566270762,C++,C++14 (GCC 5.4.1),cpp,Accepted,8,256,327,
s136514064,p03920,u092650292,1566245740,Python,Python (3.4.3),py,Accepted,21,3700,435,
s311259438,p03920,u098844816,1566150797,C++,C++14 (GCC 5.4.1),cpp,Accepted,8,256,612,
s474140328,p03920,u098844816,1566150730,C++,C++14 (GCC 5.4.1),cpp,Wrong Answer,8,256,611,
s673994455,p03920,u370447425,1566071872,C++,C++14 (GCC 5.4.1),cpp,Compile Error,,,337,
s506170104,p03920,u370447425,1566071843,C++,C++14 (GCC 5.4.1),cpp,Compile Error,,,330,
s961787600,p03920,u551351897,1565996084,C++,C++14 (GCC 5.4.1),cpp,Accepted,18,640,1150,
s097947223,p03920,u086849314,1565994030,C++,C++14 (GCC 5.4.1),cpp,Accepted,2,256,259,
s734892826,p03920,u203033720,1565978354,C++,C++14 (GCC 5.4.1),cpp,Accepted,8,256,22049,
s910921650,p03920,u820047642,1565920430,Python,Python (3.4.3),py,Accepted,23,3316,196,
s948367498,p03920,u254187258,1565837781,C++,C++14 (GCC 5.4.1),cpp,Wrong Answer,1,256,2093,
s174617036,p03920,u331081465,1565837121,C++,C++14 (GCC 5.4.1),cpp,Accepted,9,256,466,
s308779108,p03920,u889344512,1565837028,Python,PyPy3 (2.4.0),py,Accepted,207,42344,172,
s874962918,p03920,u331081465,1565837024,C++,C++14 (GCC 5.4.1),cpp,Wrong Answer,9,256,465,
s896118365,p03920,u221119670,1565836227,C++,C++14 (GCC 5.4.1),cpp,Accepted,8,256,433,
s786266994,p03920,u221119670,1565836093,C++,C++14 (GCC 5.4.1),cpp,Accepted,8,256,433,
s023524167,p03920,u454087021,1565835777,C++,C++14 (GCC 5.4.1),cpp,Accepted,8,384,307,
s184293123,p03920,u331081465,1565835075,C++,C++14 (GCC 5.4.1),cpp,Wrong Answer,24,10624,777,
s566512235,p03920,u275934251,1565835029,C++,C++14 (GCC 5.4.1),cpp,Accepted,8,256,1236,
s757920030,p03920,u331081465,1565834892,C++,C++14 (GCC 5.4.1),cpp,Wrong Answer,19,10624,809,
s587496485,p03920,u861755736,1565834622,Java,Java8 (OpenJDK 1.8.0),java,Accepted,161,23892,398,
s104882982,p03920,u671257784,1565834480,C++,C++14 (GCC 5.4.1),cpp,Accepted,2,384,897,
s031938243,p03920,u861755736,1565834238,Java,Java8 (OpenJDK 1.8.0),java,Wrong Answer,173,24404,364,
s922621217,p03920,u112775098,1565833808,C++,C++14 (GCC 5.4.1),cpp,Accepted,8,256,430,
s320988866,p03920,u275934251,1565833758,C++,C++14 (GCC 5.4.1),cpp,Wrong Answer,28,384,1283,
s458124221,p03920,u803754262,1565833612,C++,C++14 (GCC 5.4.1),cpp,Accepted,21,41216,943,
s166502047,p03920,u585482323,1565833224,Python,PyPy3 (2.4.0),py,Accepted,225,42712,2218,
s236021091,p03920,u275934251,1565833068,C++,C++14 (GCC 5.4.1),cpp,Wrong Answer,11,256,1150,
s416498338,p03920,u398942100,1565832749,C++,C++14 (GCC 5.4.1),cpp,Accepted,2,384,5257,
s629198846,p03920,u544361885,1565832596,C#,C# (Mono 4.6.2.0),cs,Accepted,45,13140,4866,
s113000803,p03920,u861755736,1565832561,Java,Java8 (OpenJDK 1.8.0),java,Wrong Answer,162,22228,335,
s068257291,p03920,u882620594,1565808609,C++,C++14 (GCC 5.4.1),cpp,Accepted,2,256,436,
s569451386,p03920,u102461423,1565625108,Python,Python (3.4.3),py,Accepted,21,3700,219,
s241831049,p03920,u928536113,1565465030,C++,C++14 (GCC 5.4.1),cpp,Accepted,8,256,261,
s726938469,p03920,u086849314,1565463014,C++,C++14 (GCC 5.4.1),cpp,Accepted,2,256,251,
s172327640,p03920,u269963329,1565460997,C++,C++14 (GCC 5.4.1),cpp,Accepted,19,384,672,
s842580824,p03920,u121794232,1565444577,C++,C++14 (GCC 5.4.1),cpp,Accepted,38,78336,477,
s555602851,p03920,u121794232,1565444525,C++,C++14 (GCC 5.4.1),cpp,Wrong Answer,38,78336,567,
s230612902,p03920,u855016901,1565356995,C++,C++14 (GCC 5.4.1),cpp,Accepted,8,256,358,
s980011531,p03920,u855016901,1565356884,C++,C++14 (GCC 5.4.1),cpp,Wrong Answer,8,256,340,
s355399639,p03920,u251828455,1565314481,C++,C++14 (GCC 5.4.1),cpp,Accepted,8,256,280,
s459294177,p03920,u407416173,1565020898,C++,C++14 (GCC 5.4.1),cpp,Accepted,8,384,351,
s190950780,p03920,u407416173,1565020528,C++,C++14 (GCC 5.4.1),cpp,Wrong Answer,1,256,411,
s675578748,p03920,u407416173,1565020423,C++,C++14 (GCC 5.4.1),cpp,Wrong Answer,1,256,398,
s633577996,p03920,u407416173,1565019955,C++,C++14 (GCC 5.4.1),cpp,Wrong Answer,1,256,280,
s218837840,p03920,u407416173,1564978995,C++,C++14 (GCC 5.4.1),cpp,Wrong Answer,20,256,325,
s274689165,p03920,u317711717,1564765539,C++,C++14 (GCC 5.4.1),cpp,Accepted,50,78336,740,
s803739338,p03920,u223646582,1564680474,Python,Python (3.4.3),py,Accepted,23,3408,134,
s355427056,p03920,u290693410,1563792195,C++,C++14 (GCC 5.4.1),cpp,Accepted,8,256,724,
s983881504,p03920,u130834452,1563650108,C++,C++14 (GCC 5.4.1),cpp,Accepted,9,384,1251,
s754532644,p03920,u506255180,1563592981,Ruby,Ruby (2.3.3),rb,Accepted,12,1788,157,
s543478427,p03920,u227082700,1563309881,Python,Python (3.4.3),py,Accepted,22,3316,117,
s782012272,p03920,u227082700,1563309762,Python,Python (3.4.3),py,Wrong Answer,18,3064,126,
s785888136,p03920,u227082700,1563309284,Python,Python (3.4.3),py,Wrong Answer,18,2940,53,
s738159381,p03920,u227082700,1563309251,Python,Python (3.4.3),py,Wrong Answer,17,2940,53,
s616952688,p03920,u227082700,1563309222,Python,Python (3.4.3),py,Runtime Error,17,2940,64,
s910057180,p03920,u093744128,1563222741,C++,C++14 (GCC 5.4.1),cpp,Accepted,9,256,280,
s701859200,p03920,u532966492,1563200559,Python,Python (3.4.3),py,Accepted,22,3316,133,
s235763291,p03920,u532966492,1563199947,Python,Python (3.4.3),py,Wrong Answer,21,3316,88,
s296339170,p03920,u630664279,1563147161,C++,C++14 (GCC 5.4.1),cpp,Accepted,8,256,386,
s146413510,p03920,u869282786,1563074828,C++,C++14 (GCC 5.4.1),cpp,Accepted,8,256,681,
s132228008,p03920,u190405389,1563024270,Python,PyPy3 (2.4.0),py,Accepted,205,42096,134,
s881115947,p03920,u740836226,1562912366,Ruby,Ruby (2.3.3),rb,Accepted,11,1788,382,
s587525050,p03920,u480831358,1562896058,Go,Go (1.6),go,Accepted,12,896,4022,
s860402703,p03920,u275174880,1562783952,Java,Java8 (OpenJDK 1.8.0),java,Memory Limit Exceeded,628,869584,836,
s101561846,p03920,u798086274,1562623784,C++,C++14 (GCC 5.4.1),cpp,Accepted,10,256,221,
s176277116,p03920,u313766957,1562509264,C++,C++14 (GCC 5.4.1),cpp,Accepted,8,256,298,
s962635898,p03920,u854831509,1562295202,C++,C++14 (GCC 5.4.1),cpp,Accepted,8,256,482,
s892426571,p03920,u908318580,1562102388,C++,C++14 (GCC 5.4.1),cpp,Accepted,2,256,2497,
s705233491,p03920,u868089307,1562079474,Ruby,Ruby (2.3.3),rb,Accepted,11,1788,134,
s753464830,p03920,u563698482,1562029979,C#,C# (Mono 4.6.2.0),cs,Accepted,24,13268,1008,
s732603252,p03920,u593555034,1561787382,C++,C++14 (GCC 5.4.1),cpp,Accepted,8,256,231,
s367860640,p03920,u593555034,1561787258,C++,C++14 (GCC 5.4.1),cpp,Wrong Answer,2103,10112,230,
s403973521,p03920,u593555034,1561787204,C++,C++14 (GCC 5.4.1),cpp,Wrong Answer,1,256,217,
s475926772,p03920,u933068010,1561767291,C++,C++14 (GCC 5.4.1),cpp,Accepted,10,4992,3134,
s428002632,p03920,u933068010,1561767219,C++,C++14 (GCC 5.4.1),cpp,Accepted,10,4992,3133,
s287842796,p03920,u664207511,1561767061,C++,C++14 (GCC 5.4.1),cpp,Accepted,8,256,316,
s519166679,p03920,u664207511,1561766678,C++,C++14 (GCC 5.4.1),cpp,Wrong Answer,1,256,221,
s479381737,p03920,u074402558,1561766502,C++,C++14 (GCC 5.4.1),cpp,Accepted,2,256,349,
s787226964,p03920,u541263126,1561766117,C++,C++14 (GCC 5.4.1),cpp,Accepted,8,256,328,
s623435976,p03920,u390181802,1561766082,C++,C++14 (GCC 5.4.1),cpp,Accepted,2,256,951,
s697185817,p03920,u541263126,1561766023,C++,C++14 (GCC 5.4.1),cpp,Wrong Answer,1,256,315,
s268478319,p03920,u809153881,1561763864,C++,C++14 (Clang 3.8.0),cpp,Accepted,11,256,254,
s584677371,p03920,u809153881,1561763683,C++,C++14 (Clang 3.8.0),cpp,Accepted,10,256,253,
s172242563,p03920,u864171425,1561745765,C++,C++14 (GCC 5.4.1),cpp,Accepted,42,78464,607,
s018710728,p03920,u864171425,1561745449,C++,C++14 (GCC 5.4.1),cpp,Wrong Answer,41,78464,619,
s087866742,p03920,u864171425,1561745410,C++,C++14 (GCC 5.4.1),cpp,Runtime Error,103,39424,621,
s541984841,p03920,u864171425,1561745181,C++,C++14 (GCC 5.4.1),cpp,Wrong Answer,33,39424,620,
s430939091,p03920,u864171425,1561745111,C++,C++14 (GCC 5.4.1),cpp,Wrong Answer,33,39552,613,
s089168239,p03920,u864171425,1561745009,C++,C++14 (GCC 5.4.1),cpp,Wrong Answer,33,39424,612,
s465831794,p03920,u864171425,1561744942,C++,C++14 (GCC 5.4.1),cpp,Wrong Answer,34,39296,614,
s227758875,p03920,u850266651,1561731111,C++,C++14 (GCC 5.4.1),cpp,Wrong Answer,2,384,2526,
s589353961,p03920,u777864981,1561692018,C++,C++14 (GCC 5.4.1),cpp,Accepted,8,256,825,
s550391143,p03920,u018872912,1561684366,C++,C++ (GCC 5.4.1),cpp,Accepted,8,256,1422,
s911544235,p03920,u018872912,1561684308,C++,C++ (GCC 5.4.1),cpp,Wrong Answer,4,256,1421,
s337032059,p03920,u077025302,1561527760,C++,C++14 (GCC 5.4.1),cpp,Accepted,8,256,1786,
s085884391,p03920,u989336028,1561394743,C++,C++14 (GCC 5.4.1),cpp,Accepted,8,256,280,
s919769165,p03920,u790877102,1561278758,Python,Python (3.4.3),py,Accepted,26,3408,327,
s775910345,p03920,u790877102,1561277736,Python,Python (3.4.3),py,Wrong Answer,25,3408,294,
s139510622,p03920,u790877102,1561276812,Python,Python (3.4.3),py,Wrong Answer,21,2940,27,
s964840208,p03920,u790877102,1561276743,Python,Python (3.4.3),py,Wrong Answer,17,2940,10,
s344625920,p03920,u790877102,1561276704,Python,Python (3.4.3),py,Wrong Answer,17,2940,8,
s871888579,p03920,u790877102,1561276652,Python,Python (3.4.3),py,Wrong Answer,19,3064,17,
s322620550,p03920,u790877102,1561275383,Python,Python (3.4.3),py,Wrong Answer,25,3408,294,
s345614412,p03920,u994831328,1561238461,C++,C++14 (GCC 5.4.1),cpp,Accepted,8,256,1324,
s402144699,p03920,u506403362,1561091593,Fortran,Fortran (gfortran v4.8.4),f,Accepted,2,256,281,
s520770698,p03920,u656771711,1561089059,C++,C++14 (GCC 5.4.1),cpp,Accepted,17,256,1673,
s786161168,p03920,u379692329,1560822218,Python,Python (3.4.3),py,Accepted,26,3316,108,
s205389979,p03920,u497046426,1560750544,Python,Python (3.4.3),py,Accepted,21,3572,148,
s442062612,p03920,u497046426,1560750163,Python,Python (3.4.3),py,Wrong Answer,18,2940,115,
s583821683,p03920,u497046426,1560749779,Python,Python (3.4.3),py,Wrong Answer,19,3060,193,
s002273459,p03920,u111742294,1560745879,C++,C++14 (GCC 5.4.1),cpp,Accepted,8,256,828,
s035579763,p03920,u111742294,1560743085,C++,C++14 (GCC 5.4.1),cpp,Wrong Answer,8,256,875,
s718037655,p03920,u111742294,1560743013,C++,C++14 (GCC 5.4.1),cpp,Wrong Answer,8,256,873,
s735770770,p03920,u491550356,1560639285,C++,C++14 (GCC 5.4.1),cpp,Accepted,8,256,2634,
s796423443,p03920,u185294445,1560573426,C++,C++14 (GCC 5.4.1),cpp,Wrong Answer,8,384,2405,
s675806636,p03920,u645369394,1560559989,C++,C++14 (GCC 5.4.1),cpp,Accepted,8,384,348,
s136645205,p03920,u946810083,1559852855,C,C (GCC 5.4.1),c,Accepted,1,128,247,
s176864134,p03920,u798129018,1559697421,Python,PyPy3 (2.4.0),py,Accepted,214,42584,450,
s269520274,p03920,u110996038,1559651623,C++,C++14 (GCC 5.4.1),cpp,Accepted,2,256,815,
s445215335,p03920,u743561048,1559609229,C++,C++14 (GCC 5.4.1),cpp,Accepted,8,256,2334,
s559114061,p03920,u133391510,1559435589,C++,C++14 (GCC 5.4.1),cpp,Accepted,8,256,306,
s615751160,p03920,u285118720,1559346184,C++,C++14 (GCC 5.4.1),cpp,Accepted,2,384,1140,
s191196318,p03920,u214617707,1559304238,Python,Python (3.4.3),py,Accepted,22,3572,218,
s956905274,p03920,u885899351,1559072135,Python,Python (3.4.3),py,Accepted,22,3572,169,
s197309084,p03920,u802905102,1558933326,C++,C++14 (GCC 5.4.1),cpp,Accepted,8,256,1020,
s869954271,p03920,u802905102,1558933273,C++,C++14 (GCC 5.4.1),cpp,Wrong Answer,8,384,1035,
s471628656,p03920,u802905102,1558932774,C++,C++14 (GCC 5.4.1),cpp,Wrong Answer,1,256,1019,
s824506259,p03920,u163320134,1558754464,Python,Python (3.4.3),py,Accepted,23,3316,163,
s134495119,p03920,u163320134,1558754171,Python,Python (3.4.3),py,Wrong Answer,22,3316,193,
s371882204,p03920,u127844950,1558706758,C++,C++14 (GCC 5.4.1),cpp,Accepted,2,384,1750,
s102653948,p03920,u127844950,1558706069,C++,C++14 (GCC 5.4.1),cpp,Wrong Answer,1,256,1666,
s111173897,p03920,u981808900,1558471683,Java,Java8 (OpenJDK 1.8.0),java,Runtime Error,104,21844,1499,
s304979268,p03920,u782654209,1558308538,Python,Python (3.4.3),py,Accepted,22,3572,293,
s787928399,p03920,u103600314,1558303754,Go,Go (1.6),go,Accepted,18,896,6201,
s651538038,p03920,u216962796,1558233738,C++,C++14 (GCC 5.4.1),cpp,Accepted,91,133084,2159,
s018895853,p03920,u102960641,1558120178,Python,Python (3.4.3),py,Accepted,22,3584,220,
s975662581,p03920,u925940521,1558052244,C++,C++14 (GCC 5.4.1),cpp,Accepted,8,384,1179,
s683537955,p03920,u052332717,1557858720,C++,C++14 (GCC 5.4.1),cpp,Accepted,8,256,688,
s582586131,p03920,u493750228,1557679898,C++,C++14 (GCC 5.4.1),cpp,Accepted,8,256,1110,
s339263076,p03920,u731175398,1557617492,C++,C++14 (GCC 5.4.1),cpp,Accepted,9,384,339,
s066394041,p03920,u731175398,1557616616,C++,C++14 (GCC 5.4.1),cpp,Time Limit Exceeded,2104,39296,566,
s306992729,p03920,u303059352,1557611888,C++,C++14 (GCC 5.4.1),cpp,Accepted,2,256,117,
s293534780,p03920,u303059352,1557611731,C++,C++14 (GCC 5.4.1),cpp,Accepted,2,256,125,
s139120169,p03920,u303059352,1557611673,C++,C++14 (GCC 5.4.1),cpp,Accepted,2,256,165,
s345066553,p03920,u303059352,1557611645,C++,C++14 (GCC 5.4.1),cpp,Accepted,2,256,202,
s304331523,p03920,u303059352,1557611596,C++,C++14 (GCC 5.4.1),cpp,Accepted,2,256,194,
s222113422,p03920,u303059352,1557611571,C++,C++14 (GCC 5.4.1),cpp,Accepted,2,256,194,
s779827318,p03920,u303059352,1557611155,C++,C++14 (GCC 5.4.1),cpp,Accepted,2,256,1702,
s119634937,p03920,u303059352,1557611127,C++,C++14 (GCC 5.4.1),cpp,Wrong Answer,2,256,1699,
s036361413,p03920,u303059352,1557610781,C++,C++14 (GCC 5.4.1),cpp,Accepted,2,256,1761,
s114657102,p03920,u348670055,1557345420,C++,C++14 (GCC 5.4.1),cpp,Accepted,8,256,535,
s866683743,p03920,u030685402,1557339685,C++,C++14 (GCC 5.4.1),cpp,Accepted,2,256,1125,
s216154878,p03920,u660444966,1557327041,Java,Java8 (OpenJDK 1.8.0),java,Accepted,98,23764,779,
s221363177,p03920,u660444966,1557326683,Java,Java8 (OpenJDK 1.8.0),java,Wrong Answer,702,211712,773,
s277385585,p03920,u660444966,1557326168,Java,Java8 (OpenJDK 1.8.0),java,Wrong Answer,768,506304,595,
s856001347,p03920,u660444966,1557326048,Java,Java8 (OpenJDK 1.8.0),java,Wrong Answer,2109,47924,499,
s477431343,p03920,u348670055,1557286207,C++,C++14 (GCC 5.4.1),cpp,Wrong Answer,1,256,545,
s672884860,p03920,u426108351,1556917430,Python,Python (3.4.3),py,Accepted,22,3316,183,
s888158444,p03920,u254187258,1556746963,C++,C++14 (GCC 5.4.1),cpp,Accepted,2,256,818,
s651034533,p03920,u254187258,1556746546,C++,C++14 (GCC 5.4.1),cpp,Wrong Answer,1,256,992,
s881120700,p03920,u478530879,1556668324,C++,C++14 (GCC 5.4.1),cpp,Accepted,8,256,902,
s115556490,p03920,u185464141,1556651329,C,C (GCC 5.4.1),c,Accepted,17,39296,619,
s122850879,p03920,u185464141,1556651156,C,C (GCC 5.4.1),c,Accepted,6,21760,1610,
s746817657,p03920,u185464141,1556651100,C,C (GCC 5.4.1),c,Runtime Error,98,128,1616,
s800463129,p03920,u185464141,1556651035,C,C (GCC 5.4.1),c,Runtime Error,101,128,613,
s291192046,p03920,u185464141,1556650966,C,C (GCC 5.4.1),c,Accepted,11,41216,609,
s541734913,p03920,u185464141,1556650941,C,C (GCC 5.4.1),c,Accepted,2,4096,605,
s550786571,p03920,u185464141,1556650884,C,C (GCC 5.4.1),c,Accepted,1,1024,605,
s917373949,p03920,u185464141,1556649635,Text,Text (cat),txt,Wrong Answer,1,128,3,
s146321461,p03920,u136869985,1556564261,C++,C++14 (GCC 5.4.1),cpp,Accepted,8,384,631,
s057153364,p03920,u136869985,1556563793,C++,C++14 (GCC 5.4.1),cpp,Wrong Answer,17,256,589,
s194076410,p03920,u426108351,1556543554,Python,Python (3.4.3),py,Wrong Answer,22,3316,184,
s303907112,p03920,u774652316,1556498374,C++,C++14 (GCC 5.4.1),cpp,Accepted,8,256,598,
s906951901,p03920,u340980616,1556418416,C++,C++14 (GCC 5.4.1),cpp,Accepted,8,256,613,
s342424103,p03920,u986437843,1556403780,C++,C++14 (GCC 5.4.1),cpp,Accepted,9,512,94621,
s611798123,p03920,u846686917,1556218560,C++,C++14 (GCC 5.4.1),cpp,Accepted,8,256,459,
s304753621,p03920,u846686917,1556218046,C++,C++14 (GCC 5.4.1),cpp,Runtime Error,105,256,520,
s558285436,p03920,u987267288,1556073336,C++,C++14 (GCC 5.4.1),cpp,Accepted,8,256,2962,
s602118395,p03920,u981808900,1556073219,Java,Java8 (OpenJDK 1.8.0),java,Accepted,163,23380,535,
s421776429,p03920,u942393279,1555897517,C++,C++14 (GCC 5.4.1),cpp,Accepted,8,256,367,
s732589524,p03920,u942393279,1555897419,C++,C++14 (GCC 5.4.1),cpp,Wrong Answer,8,256,365,
s367906273,p03920,u456333842,1555796980,C++,C++14 (GCC 5.4.1),cpp,Accepted,8,256,502,
s477445782,p03920,u077337864,1555725606,Python,Python (3.4.3),py,Accepted,22,3316,141,
s897288329,p03920,u901561754,1555534979,C++,C++14 (GCC 5.4.1),cpp,Accepted,8,256,867,
s670917197,p03920,u183509493,1555262290,Java,Java8 (OpenJDK 1.8.0),java,Accepted,92,22996,4073,
s304995355,p03920,u243961437,1555210643,C++,C++14 (GCC 5.4.1),cpp,Accepted,8,256,291,
s348986612,p03920,u492131209,1555114739,C++,C++14 (GCC 5.4.1),cpp,Accepted,8,256,495,
s152673267,p03920,u134519179,1554947723,C++,C++14 (GCC 5.4.1),cpp,Accepted,19,256,591,
s985441561,p03920,u748069390,1554846434,C++,C++14 (GCC 5.4.1),cpp,Accepted,2,256,2615,
s562403590,p03920,u748069390,1554845826,C++,C++14 (GCC 5.4.1),cpp,Wrong Answer,2,256,2606,
s495931920,p03920,u259053514,1554721630,C++,C++14 (GCC 5.4.1),cpp,Accepted,12,512,6893,
s018900238,p03920,u539402331,1554504363,C++,C++14 (GCC 5.4.1),cpp,Accepted,8,256,887,
s466655982,p03920,u127856129,1554343930,C++,C++14 (GCC 5.4.1),cpp,Accepted,8,256,491,
s152131295,p03920,u127856129,1554343671,C++,C++14 (GCC 5.4.1),cpp,Wrong Answer,8,256,489,
s657690604,p03920,u090994275,1554153481,C++,C++14 (GCC 5.4.1),cpp,Accepted,2,256,1026,
s802370939,p03920,u454087021,1554130570,C++,C++14 (GCC 5.4.1),cpp,Accepted,8,256,314,
s898962461,p03920,u454087021,1554130470,C++,C++14 (GCC 5.4.1),cpp,Wrong Answer,8,256,314,
s318053782,p03920,u855186748,1554091276,C++,C++14 (GCC 5.4.1),cpp,Accepted,8,256,395,
s265441189,p03920,u855186748,1554091026,C++,C++14 (GCC 5.4.1),cpp,Wrong Answer,10,256,378,
s387327483,p03920,u203927510,1553893531,C++,C++14 (GCC 5.4.1),cpp,Accepted,8,256,323,
s802461744,p03920,u203927510,1553893372,C++,C++14 (GCC 5.4.1),cpp,Wrong Answer,1,256,234,
s311149324,p03920,u134381136,1553636164,C#,C# (Mono 4.6.2.0),cs,Accepted,44,13268,1460,
s228136035,p03920,u543954314,1553545544,Python,Python (3.4.3),py,Accepted,20,3572,154,
s312552574,p03920,u543954314,1553545386,Python,Python (3.4.3),py,Runtime Error,17,3060,150,
s441324002,p03920,u845442981,1553467402,Java,Java8 (OpenJDK 1.8.0),java,Accepted,182,22984,855,
s576969650,p03920,u845442981,1553467180,Java,Java8 (OpenJDK 1.8.0),java,Runtime Error,156,23124,855,
s044601423,p03920,u923279197,1553201920,Python,PyPy3 (2.4.0),py,Accepted,214,42344,172,
s974681741,p03920,u043443359,1553197689,C++,C++14 (GCC 5.4.1),cpp,Accepted,8,256,3143,
s057962664,p03920,u043443359,1553197130,C++,C++14 (GCC 5.4.1),cpp,Time Limit Exceeded,2103,256,3115,
s584442058,p03920,u932465688,1553080408,Python,Python (3.4.3),py,Accepted,24,3316,203,
s619364404,p03920,u932465688,1553080108,Python,Python (3.4.3),py,Wrong Answer,23,3316,201,
s872743773,p03920,u434208140,1552950378,C++,C++14 (GCC 5.4.1),cpp,Accepted,8,256,410,
s040604259,p03920,u423143252,1552946942,C++,C++14 (GCC 5.4.1),cpp,Accepted,8,384,1055,
s622596277,p03920,u879581330,1552857023,C++,C++14 (GCC 5.4.1),cpp,Accepted,8,256,304,
s807942114,p03920,u318785595,1552614971,C++,C++14 (GCC 5.4.1),cpp,Accepted,8,256,630,
s411311413,p03920,u137332130,1552528128,C++,C++14 (GCC 5.4.1),cpp,Accepted,8,384,1373,
s154919401,p03920,u280512618,1552246325,C++,C++14 (GCC 5.4.1),cpp,Accepted,8,256,407,
s294014681,p03920,u432688695,1552181529,C++,C++14 (GCC 5.4.1),cpp,Accepted,9,764,1328,
s770458813,p03920,u228295160,1552173168,C++,C++14 (GCC 5.4.1),cpp,Accepted,8,256,1732,
s008441228,p03920,u228295160,1552173069,C++,C++14 (GCC 5.4.1),cpp,Wrong Answer,8,256,1731,
s029266793,p03920,u411858517,1552002176,Python,Python (3.4.3),py,Accepted,22,3408,213,
s966837597,p03920,u966854856,1552001051,C++,C++14 (GCC 5.4.1),cpp,Accepted,28,39296,2031,
s038644505,p03920,u341957179,1551834659,C++,C++14 (GCC 5.4.1),cpp,Accepted,8,256,442,
s043279960,p03920,u367130284,1551811680,Python,Python (3.4.3),py,Accepted,22,3572,273,
s421585535,p03920,u367130284,1551811563,Python,Python (3.4.3),py,Wrong Answer,22,3572,240,
s512459687,p03920,u599365206,1551742127,C#,C# (Mono 4.6.2.0),cs,Accepted,45,13268,1168,
s508204046,p03920,u600300412,1551729136,C,C (GCC 5.4.1),c,Accepted,1,128,194,
s964091879,p03920,u791593901,1551574418,C++,C++14 (GCC 5.4.1),cpp,Accepted,11,256,3080,
s716102078,p03920,u791593901,1551574326,C++,C++14 (GCC 5.4.1),cpp,Wrong Answer,8,256,3057,
s150186689,p03920,u791593901,1551574281,C++,C++14 (GCC 5.4.1),cpp,Wrong Answer,2,256,3038,
s477643568,p03920,u791593901,1551574148,C++,C++14 (GCC 5.4.1),cpp,Wrong Answer,1,256,2959,
s052714718,p03920,u945017646,1551560973,C++,C++14 (GCC 5.4.1),cpp,Accepted,8,256,707,
s791403301,p03920,u376082984,1551543831,C++,C++14 (GCC 5.4.1),cpp,Accepted,22,1536,1028,
s524471110,p03920,u944209426,1551461719,Python,PyPy3 (2.4.0),py,Accepted,197,41328,147,
s419188611,p03920,u297574184,1551314261,Python,Python (3.4.3),py,Accepted,22,3316,186,
s350633014,p03920,u302870145,1551195459,C++,C++14 (GCC 5.4.1),cpp,Accepted,50,78336,363,
s007537585,p03920,u973997867,1551142352,C++,C++14 (GCC 5.4.1),cpp,Accepted,8,256,305,
s497267262,p03920,u224756887,1551097025,C++,C++14 (GCC 5.4.1),cpp,Accepted,10,6016,1680,
s551656958,p03920,u224756887,1551096846,C++,C++14 (GCC 5.4.1),cpp,Wrong Answer,12,6016,1655,
s943200399,p03920,u224756887,1551096783,C++,C++14 (GCC 5.4.1),cpp,Wrong Answer,11,6016,1677,
s280643875,p03920,u705931757,1550873812,C,C (GCC 5.4.1),c,Accepted,1,128,1069,
s860739568,p03920,u705931757,1550873697,C,C (GCC 5.4.1),c,Wrong Answer,1,128,1025,
s806077915,p03920,u625092455,1550838775,C++,C++14 (Clang 3.8.0),cpp,Accepted,10,384,1032,
s339257836,p03920,u297109012,1550548181,Python,Python (3.4.3),py,Accepted,18,3316,466,
s731103051,p03920,u297109012,1550548163,Python,PyPy3 (2.4.0),py,Accepted,182,39280,466,
s979291216,p03920,u297109012,1550547937,Python,PyPy3 (2.4.0),py,Accepted,189,38640,465,
s124192500,p03920,u465638326,1550196344,C++,C++14 (GCC 5.4.1),cpp,Accepted,8,256,319,
s332438146,p03920,u619819312,1550168972,Python,Python (3.4.3),py,Accepted,22,3316,178,
s228386707,p03920,u619819312,1550168842,Python,Python (3.4.3),py,Wrong Answer,22,3408,176,
s269292870,p03920,u619819312,1550168806,Python,Python (3.4.3),py,Wrong Answer,22,3316,178,
s657265711,p03920,u427344224,1550070148,Python,Python (3.4.3),py,Accepted,22,3316,234,
s567104678,p03920,u414947284,1550014430,C++,C++14 (GCC 5.4.1),cpp,Accepted,8,256,453,
s392860066,p03920,u054652697,1549911170,C++,C++14 (GCC 5.4.1),cpp,Accepted,8,384,412,
s694432430,p03920,u017810624,1549751546,Python,Python (3.4.3),py,Accepted,22,3408,137,
s680254197,p03920,u272557899,1549320631,Python,Python (3.4.3),py,Accepted,24,3316,207,
s058406352,p03920,u943004959,1549137051,C++,C++14 (GCC 5.4.1),cpp,Accepted,8,384,885,
s053990886,p03920,u119098168,1549136921,C++,C++14 (GCC 5.4.1),cpp,Accepted,8,256,452,
s708368261,p03920,u119098168,1549136279,C++,C++14 (GCC 5.4.1),cpp,Wrong Answer,8,256,711,
s935866659,p03920,u685009987,1549112552,C++,C++14 (GCC 5.4.1),cpp,Accepted,8,256,659,
s992774657,p03920,u685009987,1549112159,C++,C++14 (GCC 5.4.1),cpp,Wrong Answer,8,256,658,
s812383720,p03920,u375616706,1548990732,Python,Python (3.4.3),py,Accepted,22,3408,292,
s728202191,p03920,u375616706,1548990469,Python,Python (3.4.3),py,Runtime Error,21,3316,279,
s763589559,p03920,u375616706,1548990324,Python,Python (3.4.3),py,Runtime Error,22,3408,279,
s603595668,p03920,u803848678,1548803827,Python,Python (3.4.3),py,Accepted,23,3316,315,
s844338334,p03920,u803848678,1548803671,Python,Python (3.4.3),py,Time Limit Exceeded,2104,3316,280,
s993199267,p03920,u803848678,1548802303,Python,Python (3.4.3),py,Wrong Answer,313,4204,699,
s897106905,p03920,u803848678,1548802087,Python,Python (3.4.3),py,Wrong Answer,311,3952,648,
s690034154,p03920,u457901067,1548637268,Python,Python (3.4.3),py,Accepted,24,3316,244,
s394741345,p03920,u546943614,1548625306,C++,C++14 (GCC 5.4.1),cpp,Accepted,10,256,303,
s575384737,p03920,u729133443,1548603660,Python,PyPy3 (2.4.0),py,Accepted,234,42736,131,
s369548425,p03920,u729133443,1548603631,Python,Python (3.4.3),py,Accepted,21,3572,131,
s029232245,p03920,u729133443,1548603246,Python,Python (3.4.3),py,Wrong Answer,24,2940,82,
s121564450,p03920,u950708010,1548447256,Python,Python (3.4.3),py,Accepted,23,3572,180,
s394320714,p03920,u950708010,1548446980,Python,Python (3.4.3),py,Wrong Answer,2116,198292,167,
s886280934,p03920,u057866967,1548388170,C++,C++14 (GCC 5.4.1),cpp,Accepted,8,256,780,
s940380766,p03920,u196497077,1548359701,C++,C++14 (GCC 5.4.1),cpp,Accepted,8,256,813,
s287520250,p03920,u620480037,1548217750,Python,Python (3.4.3),py,Accepted,24,3316,166,
s040760116,p03920,u076522215,1548206236,Java,Java8 (OpenJDK 1.8.0),java,Accepted,163,23124,658,
s204503459,p03920,u228214259,1548184328,C++,C++14 (GCC 5.4.1),cpp,Accepted,9,256,605,
s166125934,p03920,u817760251,1547969747,C++,C++14 (GCC 5.4.1),cpp,Accepted,8,384,338,
s098902389,p03920,u817760251,1547969618,C++,C++14 (GCC 5.4.1),cpp,Accepted,8,384,371,
s529371800,p03920,u024809932,1547959877,C++,C++14 (GCC 5.4.1),cpp,Accepted,10,384,352,
s420750385,p03920,u879870653,1547913147,Python,Python (3.4.3),py,Accepted,285,50708,259,
s855048116,p03920,u290693410,1547912901,C++,C++14 (GCC 5.4.1),cpp,Accepted,8,256,647,
s562812978,p03920,u290693410,1547912855,C++,C++14 (GCC 5.4.1),cpp,Accepted,9,256,647,
s326499192,p03920,u290693410,1547912762,C++,C++14 (GCC 5.4.1),cpp,Accepted,8,256,647,
s143233810,p03920,u879870653,1547912660,Python,Python (3.4.3),py,Time Limit Exceeded,2107,52500,339,
s907113196,p03920,u879870653,1547912494,Python,Python (3.4.3),py,Runtime Error,17,3060,296,
s817911623,p03920,u761320129,1547911066,Python,Python (3.4.3),py,Accepted,21,3572,250,
s569109468,p03920,u631277801,1547910915,Python,Python (3.4.3),py,Accepted,26,4212,681,
s388635219,p03920,u929880800,1547855621,C#,C# (Mono 4.6.2.0),cs,Accepted,44,11092,1536,
s250169465,p03920,u895971408,1547787158,C++,C++14 (GCC 5.4.1),cpp,Accepted,9,256,697,
s434461601,p03920,u150376070,1547604652,C++,C++14 (GCC 5.4.1),cpp,Accepted,8,256,1191,
s842516616,p03920,u425248533,1547594213,C,C (GCC 5.4.1),c,Accepted,1,128,223,
s047546998,p03920,u572665222,1547450228,C++,C++14 (GCC 5.4.1),cpp,Accepted,2,256,585,
s254617248,p03920,u259053514,1547295451,C++,C++14 (GCC 5.4.1),cpp,Accepted,8,256,17955,
s153691357,p03920,u259053514,1547294918,C++,C++14 (GCC 5.4.1),cpp,Accepted,8,256,17955,
s255299026,p03920,u587248350,1547255324,C++,C++14 (GCC 5.4.1),cpp,Accepted,8,384,1295,
s954166882,p03920,u297367372,1547076731,C++,C++14 (GCC 5.4.1),cpp,Accepted,8,256,231,
s318745931,p03920,u859396346,1547038683,C++,C++14 (GCC 5.4.1),cpp,Accepted,38,80256,3486,
s083147942,p03920,u859396346,1547038675,C++,C++14 (GCC 5.4.1),cpp,Compile Error,,,10462,
s846418980,p03920,u859396346,1547038646,C++,C++14 (GCC 5.4.1),cpp,Compile Error,,,6976,
s836603651,p03920,u859396346,1547038413,C++,C++14 (GCC 5.4.1),cpp,Wrong Answer,35,80256,3490,
s678182374,p03920,u372786981,1546692646,C++,C++14 (GCC 5.4.1),cpp,Accepted,8,256,724,
s038276475,p03920,u634209474,1546499058,Java,Java8 (OpenJDK 1.8.0),java,Accepted,169,22484,446,
s590062637,p03920,u634209474,1546497916,Java,Java8 (OpenJDK 1.8.0),java,Wrong Answer,678,44644,461,
s529205865,p03920,u634209474,1546495911,Java,Java8 (OpenJDK 1.8.0),java,Wrong Answer,102,21844,456,
s535244607,p03920,u102602414,1546369827,C++,C++14 (GCC 5.4.1),cpp,Accepted,8,256,646,
s999319578,p03920,u344412812,1546360197,C++,C++14 (GCC 5.4.1),cpp,Accepted,9,384,393,
s845411735,p03920,u181719868,1546316332,C++,C++14 (GCC 5.4.1),cpp,Accepted,2,256,1178,
s090167092,p03920,u218842729,1546307013,C++,C++14 (GCC 5.4.1),cpp,Accepted,8,256,1081,
s240720393,p03920,u006204672,1546306735,C++,C++14 (GCC 5.4.1),cpp,Accepted,8,256,1337,
s382633731,p03920,u834354741,1546305567,C++,C++14 (GCC 5.4.1),cpp,Accepted,8,256,966,
s583498993,p03920,u062147869,1546305126,Python,PyPy3 (2.4.0),py,Accepted,194,40048,183,
s921158505,p03920,u344412812,1546299914,C++,C++14 (GCC 5.4.1),cpp,Wrong Answer,1,256,1810,
s989678737,p03920,u466161487,1546287380,C++,C++14 (GCC 5.4.1),cpp,Accepted,8,256,257,
s156158973,p03920,u466161487,1546286824,C++,C++14 (GCC 5.4.1),cpp,Wrong Answer,8,256,222,
s536835979,p03920,u443602946,1546196766,Haskell,Haskell (GHC 7.10.3),hs,Accepted,3,1020,348,
s142286087,p03920,u620868411,1546134257,Python,Python (3.4.3),py,Accepted,21,3660,267,
s961120422,p03920,u620868411,1546134186,Python,Python (3.4.3),py,Time Limit Exceeded,2104,3656,253,
s124305740,p03920,u147049801,1546024986,C++,C++14 (GCC 5.4.1),cpp,Accepted,8,256,1258,
s949797901,p03920,u627417051,1545706757,Python,Python (3.4.3),py,Accepted,22,3316,292,
s999854181,p03920,u844402054,1545678697,Rust,Rust (1.15.1),rs,Accepted,13,4860,3141,
s039908528,p03920,u672541593,1545078506,C++,C++14 (GCC 5.4.1),cpp,Accepted,52,65408,602,
s209294921,p03920,u898651494,1544860503,C++,C++14 (GCC 5.4.1),cpp,Accepted,8,256,2439,
s197276535,p03920,u898651494,1544859885,C++,C++14 (GCC 5.4.1),cpp,Wrong Answer,2,384,2360,
s570109373,p03920,u159757494,1544724552,C++,C++14 (GCC 5.4.1),cpp,Accepted,8,256,2186,
s900009079,p03920,u159757494,1544719044,C++,C++14 (GCC 5.4.1),cpp,Wrong Answer,2103,10624,2256,
s830437238,p03920,u234826697,1544696620,Java,Java8 (OpenJDK 1.8.0),java,Accepted,137,23380,2622,
s669026662,p03920,u234826697,1544696518,Java,Java8 (OpenJDK 1.8.0),java,Wrong Answer,141,22996,2641,
s475936051,p03920,u234826697,1544695855,Java,Java8 (OpenJDK 1.8.0),java,Accepted,146,22484,2599,
s348559896,p03920,u234826697,1544693503,Java,Java8 (OpenJDK 1.8.0),java,Wrong Answer,1140,850904,2742,
s221273384,p03920,u234826697,1544693137,Java,Java8 (OpenJDK 1.8.0),java,Time Limit Exceeded,2109,58128,2660,
s744073869,p03920,u402472923,1544496709,C++,C++14 (GCC 5.4.1),cpp,Accepted,19,256,510,
s180472416,p03920,u402472923,1544496674,C++,C++14 (GCC 5.4.1),cpp,Compile Error,,,498,
s841775859,p03920,u986276444,1544496568,C++,C++14 (GCC 5.4.1),cpp,Accepted,8,256,781,
s019685453,p03920,u402472923,1544496469,C++,C++14 (GCC 5.4.1),cpp,Wrong Answer,19,256,504,
s933864088,p03920,u402472923,1544496218,C++,C++14 (GCC 5.4.1),cpp,Wrong Answer,2103,1024,500,
s035354956,p03920,u334351654,1544496054,C++,C++14 (GCC 5.4.1),cpp,Accepted,9,256,1137,
s304605452,p03920,u136378781,1544305523,C++,C++14 (GCC 5.4.1),cpp,Accepted,8,384,976,
s322864456,p03920,u844789719,1544292440,Python,Python (3.4.3),py,Accepted,22,3408,152,
s350885845,p03920,u628871447,1543797019,C++,C++14 (GCC 5.4.1),cpp,Accepted,8,256,575,
s317202379,p03920,u368780724,1543685298,Python,Python (3.4.3),py,Accepted,20,3316,123,
s916002060,p03920,u398942100,1543357277,C++,C++14 (GCC 5.4.1),cpp,Accepted,2,256,3261,
s992308190,p03920,u398942100,1543357229,C++,C++14 (GCC 5.4.1),cpp,Accepted,2,256,3270,
s534782720,p03920,u398942100,1543356996,C++,C++14 (GCC 5.4.1),cpp,Wrong Answer,2,256,3254,
s886758162,p03920,u398942100,1543356860,C++,C++14 (GCC 5.4.1),cpp,Accepted,2,256,3424,
s385784556,p03920,u398942100,1543356351,C++,C++14 (GCC 5.4.1),cpp,Wrong Answer,1,256,2859,
s964269722,p03920,u918753189,1543293311,C++,C++14 (GCC 5.4.1),cpp,Accepted,8,256,578,
s651394290,p03920,u817760251,1543008497,C++,C++14 (GCC 5.4.1),cpp,Accepted,8,512,314,
s055576768,p03920,u872959410,1542435548,C++,C++14 (GCC 5.4.1),cpp,Accepted,8,256,980,
s581896986,p03920,u424110125,1542434134,C++,C++14 (GCC 5.4.1),cpp,Accepted,36,39296,899,
s646545352,p03920,u088333128,1542308678,C,C (GCC 5.4.1),c,Accepted,5,256,2013,
s429126203,p03920,u637771514,1542248124,C++,C++14 (GCC 5.4.1),cpp,Accepted,29,384,398,
s649452656,p03920,u480831358,1542241237,C++,C++14 (GCC 5.4.1),cpp,Accepted,25,1536,489,
s599603111,p03920,u049420296,1542237159,C++,C++14 (GCC 5.4.1),cpp,Accepted,8,256,480,
s196835425,p03920,u608088992,1542215516,Python,Python (3.4.3),py,Accepted,22,3572,210,
s278844017,p03920,u608088992,1542215178,Python,Python (3.4.3),py,Wrong Answer,21,3572,242,
s753976696,p03920,u608088992,1542214130,Python,Python (3.4.3),py,Wrong Answer,21,3572,206,
s001856352,p03920,u987476436,1542209193,C++,C++14 (GCC 5.4.1),cpp,Accepted,8,256,327,
s013825498,p03920,u273352618,1542129298,C++,C++14 (GCC 5.4.1),cpp,Accepted,8,256,1075,
s619172726,p03920,u397531548,1541978109,Python,Python (3.4.3),py,Accepted,23,3316,257,
s052579720,p03920,u129134470,1541800672,C++,C++14 (GCC 5.4.1),cpp,Accepted,23,39296,468,
s622574404,p03920,u714189167,1541645903,Haskell,Haskell (GHC 7.10.3),hs,Accepted,4,1020,464,
s612070888,p03920,u516353059,1541569638,C++,C++14 (Clang 3.8.0),cpp,Accepted,10,256,1365,
s461781555,p03920,u724892495,1541284939,C++,C++14 (GCC 5.4.1),cpp,Wrong Answer,1,256,950,
s298613684,p03920,u724892495,1541284506,C++,C++14 (GCC 5.4.1),cpp,Wrong Answer,23,256,877,
s447141394,p03920,u064408584,1541036729,Python,Python (3.4.3),py,Accepted,22,3316,129,
s490245760,p03920,u064408584,1541036554,Python,Python (3.4.3),py,Wrong Answer,18,2940,71,
s991380584,p03920,u895641117,1540731360,C++,C++14 (GCC 5.4.1),cpp,Accepted,8,256,1213,
s551979417,p03920,u127194462,1540687992,C++,C++14 (GCC 5.4.1),cpp,Accepted,8,256,334,
s759581422,p03920,u440920318,1540607581,C++,C++14 (GCC 5.4.1),cpp,Accepted,1,128,281,
s242607193,p03920,u357265888,1540586214,C++,C++14 (GCC 5.4.1),cpp,Accepted,8,256,232,
s434409830,p03920,u357265888,1540586101,C++,C++14 (GCC 5.4.1),cpp,Wrong Answer,1,256,225,
s066867341,p03920,u663710122,1540333900,Python,Python (3.4.3),py,Wrong Answer,24,2940,237,
s552479201,p03920,u663710122,1540332731,Python,Python (3.4.3),py,Wrong Answer,18,3060,71,
s629326887,p03920,u480831358,1540311333,C++,C++14 (GCC 5.4.1),cpp,Accepted,8,256,450,
s805283426,p03920,u394482932,1540084597,C++,C++14 (GCC 5.4.1),cpp,Accepted,8,384,304,
s183883608,p03920,u394482932,1540084466,C++,C++14 (GCC 5.4.1),cpp,Wrong Answer,8,384,293,
s666788100,p03920,u832039789,1540007853,Python,Python (3.4.3),py,Accepted,22,3316,129,
s082983282,p03920,u350561621,1540004558,C++,C++14 (GCC 5.4.1),cpp,Accepted,1,128,214,
s539200675,p03920,u099066216,1539795479,Kotlin,Kotlin (1.0.0),kt,Accepted,309,31876,319,
s283849173,p03920,u693027786,1539748879,C++,C++14 (GCC 5.4.1),cpp,Accepted,8,256,1070,
s769710829,p03920,u693027786,1539748775,C++,C++14 (GCC 5.4.1),cpp,Runtime Error,104,256,981,
s384935745,p03920,u693027786,1539748663,C++,C++14 (GCC 5.4.1),cpp,Runtime Error,105,256,980,
s077214633,p03920,u693027786,1539748588,C++,C++14 (GCC 5.4.1),cpp,Runtime Error,104,256,980,
s291941499,p03920,u891178744,1539713088,C++,C++14 (GCC 5.4.1),cpp,Accepted,8,256,251,
s667207842,p03920,u946322619,1539400284,C++,C++14 (GCC 5.4.1),cpp,Accepted,8,256,1240,
s815567944,p03920,u259652259,1539173429,C++,C++14 (GCC 5.4.1),cpp,Accepted,1,256,227,
s939497350,p03920,u670503797,1538864806,Ruby,Ruby (2.3.3),rb,Accepted,11,1916,188,
s664503475,p03920,u623954643,1538752062,C++,C++14 (GCC 5.4.1),cpp,Accepted,8,384,340,
s717808787,p03920,u623954643,1538751523,C++,C++14 (GCC 5.4.1),cpp,Wrong Answer,8,384,334,
s983312743,p03920,u763881112,1538589887,C++,C++14 (GCC 5.4.1),cpp,Accepted,8,256,786,
s563651380,p03920,u504142483,1538585219,C++,C++14 (GCC 5.4.1),cpp,Accepted,50,78464,1238,
s730473705,p03920,u543284218,1538517387,C++,C++14 (Clang 3.8.0),cpp,Accepted,10,384,1214,
s772532203,p03920,u543284218,1538515848,C++,C++14 (Clang 3.8.0),cpp,Wrong Answer,6,256,1043,
s770318972,p03920,u543284218,1538515654,C++,C++14 (Clang 3.8.0),cpp,Wrong Answer,2,256,1141,
s286420030,p03920,u853900857,1538454921,C#,C# (Mono 4.6.2.0),cs,Accepted,37,13268,219,
s305370971,p03920,u243196226,1538350198,C++,C++14 (GCC 5.4.1),cpp,Accepted,15,256,465,
s650241373,p03920,u102126195,1537842686,Python,Python (3.4.3),py,Accepted,22,3408,198,
s534484002,p03920,u102126195,1537842620,Python,Python (3.4.3),py,Wrong Answer,21,3408,194,
s411530591,p03920,u675296835,1537833804,C++,C++14 (GCC 5.4.1),cpp,Accepted,2,512,3905,
s412608423,p03920,u675296835,1537833708,C++,C++14 (GCC 5.4.1),cpp,Wrong Answer,2,512,3861,
s192670258,p03920,u675296835,1537833033,C++,C++14 (GCC 5.4.1),cpp,Wrong Answer,1,256,3849,
s496499267,p03920,u605917063,1537747846,C++,C++14 (GCC 5.4.1),cpp,Accepted,8,256,766,
s460072978,p03920,u690536347,1537511481,Python,PyPy3 (2.4.0),py,Accepted,237,44528,108,
s656776064,p03920,u690536347,1537511315,Python,Python (3.4.3),py,Accepted,21,3316,112,
s946592054,p03920,u426057057,1537490980,C++,C++14 (GCC 5.4.1),cpp,Accepted,2,256,519,
s416200809,p03920,u426592387,1537481240,C++,C++14 (GCC 5.4.1),cpp,Accepted,8,256,293,
s295608134,p03920,u406225550,1537415196,C++,C++14 (GCC 5.4.1),cpp,Accepted,8,384,938,
s373074734,p03920,u221119670,1537394901,C++,C++14 (GCC 5.4.1),cpp,Accepted,8,384,358,
s091314421,p03920,u897304429,1537394251,C++,C++14 (GCC 5.4.1),cpp,Accepted,40,78464,3975,
s902725874,p03920,u426592387,1537393942,C++,C++14 (GCC 5.4.1),cpp,Wrong Answer,1,256,380,
s075251535,p03920,u657353833,1537393778,C++,C++14 (GCC 5.4.1),cpp,Accepted,8,256,367,
s713958559,p03920,u426592387,1537393673,C++,C++14 (GCC 5.4.1),cpp,Wrong Answer,1,256,276,
s158055157,p03920,u657353833,1537393634,C++,C++14 (GCC 5.4.1),cpp,Accepted,8,256,367,
s043554274,p03920,u657353833,1537393554,C++,C++14 (GCC 5.4.1),cpp,Wrong Answer,6,256,357,
s165049781,p03920,u426592387,1537392651,C++,C++14 (GCC 5.4.1),cpp,Wrong Answer,8,256,244,
s405473356,p03920,u426592387,1537392370,C++,C++14 (GCC 5.4.1),cpp,Wrong Answer,2103,2432,263,
s650851578,p03920,u683588090,1537391861,C++,C++14 (GCC 5.4.1),cpp,Accepted,30,78336,848,
s731707185,p03920,u683588090,1537391570,C++,C++14 (GCC 5.4.1),cpp,Time Limit Exceeded,2103,256,746,
s856081653,p03920,u921168761,1537379940,C++,C++14 (GCC 5.4.1),cpp,Accepted,8,256,257,
s517235794,p03920,u379702654,1537244626,Haskell,Haskell (GHC 7.10.3),hs,Accepted,20,1148,246,
s967642906,p03920,u525423408,1537105244,C++,C++14 (GCC 5.4.1),cpp,Accepted,2,256,1195,
s548147105,p03920,u177398299,1536703674,Python,Python (3.4.3),py,Accepted,21,3408,170,
s977606492,p03920,u968834127,1536272819,C++,C++14 (GCC 5.4.1),cpp,Accepted,8,1024,578,
s953784554,p03920,u226108478,1536197421,Python,Python (3.4.3),py,Accepted,20,3408,330,
s060200655,p03920,u952708174,1535948286,Python,Python (3.4.3),py,Accepted,19,3444,272,
s398246641,p03920,u543167400,1535874148,Haskell,Haskell (GHC 7.10.3),hs,Accepted,4,1276,313,
s084841399,p03920,u218843509,1535835865,Python,Python (3.4.3),py,Accepted,26,7668,463,
s311402538,p03920,u333945892,1535829744,Python,Python (3.4.3),py,Accepted,34,4588,426,
s299343799,p03920,u259053514,1535807905,C++,C++14 (GCC 5.4.1),cpp,Accepted,8,384,14165,
s421819097,p03920,u772304668,1535733823,C++,C++14 (GCC 5.4.1),cpp,Accepted,8,256,390,
s195952906,p03920,u631277801,1535731188,Python,Python (3.4.3),py,Accepted,24,4212,303,
s354897752,p03920,u631277801,1535731141,Python,Python (3.4.3),py,Runtime Error,22,3828,303,
s446248205,p03920,u502709453,1535642305,C++,C++14 (GCC 5.4.1),cpp,Accepted,8,256,1553,
s781722439,p03920,u181719868,1535003926,C++,C++14 (GCC 5.4.1),cpp,Accepted,3,7168,857,
s790960489,p03920,u562935282,1534899256,Python,Python (3.4.3),py,Accepted,1060,3564,463,
s772924556,p03920,u874996917,1534800066,C++,C++14 (GCC 5.4.1),cpp,Accepted,8,256,704,
s329105666,p03920,u504158101,1534658918,OCaml,OCaml (4.02.3),ml,Accepted,2,1280,397,
s399594939,p03920,u093219895,1534615002,C++,C++14 (GCC 5.4.1),cpp,Accepted,1,256,3409,
s627491965,p03920,u212904724,1534537115,C++,C++14 (GCC 5.4.1),cpp,Accepted,8,256,444,
s226891010,p03920,u271063202,1534000786,C++,C++14 (GCC 5.4.1),cpp,Accepted,8,256,796,
s915923980,p03920,u271063202,1534000533,C++,C++14 (GCC 5.4.1),cpp,Wrong Answer,1,256,736,
s379135335,p03920,u093420647,1533770490,C++,C++14 (GCC 5.4.1),cpp,Wrong Answer,8,384,768,
s559085772,p03920,u536580583,1533462836,C++,C++14 (GCC 5.4.1),cpp,Accepted,1,256,581,
s218493382,p03920,u536580583,1533462636,C++,C++14 (GCC 5.4.1),cpp,Runtime Error,98,384,627,
s912591831,p03920,u828847847,1533248000,Python,Python (2.7.6),py,Accepted,13,2692,150,
s517148450,p03920,u108808596,1533094344,C++,C++14 (GCC 5.4.1),cpp,Accepted,8,384,1490,
s756875242,p03920,u722628899,1533082083,C++,C++14 (GCC 5.4.1),cpp,Accepted,8,256,513,
s651862462,p03920,u643405868,1532831590,Nim,Nim (0.13.0),nim,Accepted,8,256,1089,
s782007244,p03920,u711985352,1532664006,C++,C++14 (GCC 5.4.1),cpp,Accepted,2,384,851,
s859871569,p03920,u314396879,1532658634,Ruby,Ruby (2.3.3),rb,Accepted,11,1788,154,
s641598997,p03920,u075012704,1532651075,Python,Python (3.4.3),py,Accepted,20,3572,295,
s285490402,p03920,u075012704,1532650862,Python,Python (3.4.3),py,Wrong Answer,20,3572,295,
s350856817,p03920,u015514760,1532641697,C++,C++14 (GCC 5.4.1),cpp,Accepted,8,256,603,
s918595743,p03920,u248995595,1532621073,C++,C++14 (GCC 5.4.1),cpp,Accepted,2,384,911,
s044087303,p03920,u734519000,1532470035,C++,C++14 (GCC 5.4.1),cpp,Accepted,8,256,289,
s093376561,p03920,u543657872,1532441820,C++,C++14 (GCC 5.4.1),cpp,Accepted,8,256,534,
s527679755,p03920,u827202523,1532423383,Python,Python (3.4.3),py,Accepted,22,3408,443,
s315593526,p03920,u827202523,1532422836,Python,Python (3.4.3),py,Wrong Answer,22,3408,347,
s280994095,p03920,u827202523,1532422808,C++,C++14 (GCC 5.4.1),cpp,Compile Error,,,347,
s669154956,p03920,u614043796,1531353274,Ruby,Ruby (2.3.3),rb,Wrong Answer,11,1916,174,
s305081295,p03920,u633020228,1531321653,C++,C++14 (GCC 5.4.1),cpp,Accepted,2,384,775,
s524911856,p03920,u854243627,1531218620,C++,C++14 (GCC 5.4.1),cpp,Accepted,8,384,456,
s376707276,p03920,u620084012,1531200591,Python,Python (3.4.3),py,Accepted,21,3408,262,
s990282902,p03920,u071730284,1531054940,C++,C++14 (GCC 5.4.1),cpp,Accepted,8,256,23794,
s797517620,p03920,u876335718,1531006400,C++,C++14 (GCC 5.4.1),cpp,Accepted,8,256,1791,
s238366557,p03920,u876335718,1531006021,C++,C++14 (GCC 5.4.1),cpp,Wrong Answer,8,256,1759,
s260387064,p03920,u257974487,1530880914,Python,Python (3.4.3),py,Accepted,21,3572,279,
s313520902,p03920,u789417951,1530328955,C++,C++14 (GCC 5.4.1),cpp,Accepted,8,256,683,
s485063067,p03920,u789417951,1530328855,C++,C++14 (GCC 5.4.1),cpp,Wrong Answer,8,256,629,
s057279242,p03920,u789417951,1530328763,C++,C++14 (GCC 5.4.1),cpp,Wrong Answer,8,256,633,
s399886148,p03920,u789417951,1530328697,C++,C++14 (GCC 5.4.1),cpp,Wrong Answer,8,256,581,
s888653206,p03920,u006686215,1530042096,C++,C++14 (GCC 5.4.1),cpp,Accepted,8,256,312,
s850586130,p03920,u097790401,1530041914,C#,C# (Mono 4.6.2.0),cs,Accepted,45,13268,1551,
s276347348,p03920,u942774736,1529978989,C++,C++14 (GCC 5.4.1),cpp,Accepted,8,256,269,
s887682830,p03920,u394919721,1529359996,C++,C++14 (GCC 5.4.1),cpp,Accepted,2,384,775,
s587446219,p03920,u394919721,1529359450,C++,C++14 (GCC 5.4.1),cpp,Wrong Answer,1,256,687,
s272758904,p03920,u215122692,1529011795,C++,C++14 (GCC 5.4.1),cpp,Accepted,8,256,1508,
s909158180,p03920,u033378815,1528907577,C++,C++14 (GCC 5.4.1),cpp,Accepted,8,256,1707,
s220421144,p03920,u475007080,1528835209,C++,C++14 (GCC 5.4.1),cpp,Accepted,8,256,374,
s597567563,p03920,u354638986,1528739141,Python,Python (3.4.3),py,Accepted,21,3316,278,
s535044214,p03920,u558092537,1528598073,C++,C++14 (GCC 5.4.1),cpp,Accepted,50,78336,832,
s962582424,p03920,u566529875,1528477184,C++,C++14 (GCC 5.4.1),cpp,Accepted,8,256,662,
s716332745,p03920,u207036582,1528249603,C++,C++14 (GCC 5.4.1),cpp,Accepted,3,384,391,
s742950250,p03920,u207036582,1528249543,C++,C++14 (GCC 5.4.1),cpp,Wrong Answer,2,256,360,
s191366963,p03920,u207036582,1528248786,C++,C++14 (GCC 5.4.1),cpp,Wrong Answer,2,256,296,
s525829421,p03920,u587366956,1528229670,C++,C++14 (GCC 5.4.1),cpp,Accepted,8,256,1055,
s388319671,p03920,u587366956,1528228934,C++,C++14 (GCC 5.4.1),cpp,Wrong Answer,2104,3968,1023,
s464573681,p03920,u849513225,1528217920,C++,C++14 (GCC 5.4.1),cpp,Accepted,8,384,1001,
s113277466,p03920,u034865202,1528206159,C++,C++14 (GCC 5.4.1),cpp,Accepted,8,256,4026,
s675494450,p03920,u657429065,1526998015,C++,C++14 (GCC 5.4.1),cpp,Accepted,8,256,1194,
s589620125,p03920,u561468649,1526957338,C++,C++14 (GCC 5.4.1),cpp,Accepted,2,384,589,
s977804529,p03920,u554953477,1526797167,C++,C++14 (GCC 5.4.1),cpp,Accepted,12,256,584,
s132284429,p03920,u520158330,1526492991,Python,Python (3.4.3),py,Accepted,21,3316,301,
s399743784,p03920,u128527648,1526353230,C,C (GCC 5.4.1),c,Accepted,13,128,1978,
s132547210,p03920,u059727354,1526184218,C++,C++14 (GCC 5.4.1),cpp,Accepted,20,256,3302,
s831098378,p03920,u713019978,1526171564,D,D (DMD64 v2.070.1),d,Wrong Answer,1,256,430,
s650131752,p03920,u554116180,1526167040,C++,C++14 (GCC 5.4.1),cpp,Accepted,8,256,254,
s544232013,p03920,u266665184,1526149290,Java,Java8 (OpenJDK 1.8.0),java,Accepted,165,180160,2339,
s164843480,p03920,u976045235,1526090807,C++,C++14 (GCC 5.4.1),cpp,Accepted,2,256,1756,
s100261550,p03920,u941884460,1526032494,Python,Python (3.4.3),py,Accepted,21,3572,260,
s996138507,p03920,u562016607,1525994428,Python,Python (3.4.3),py,Accepted,1248,83096,183,
s081643523,p03920,u856232850,1525839059,Python,Python (3.4.3),py,Accepted,22,3572,210,
s071241302,p03920,u856232850,1525838820,Python,Python (3.4.3),py,Wrong Answer,21,3572,212,
s015740132,p03920,u729707098,1525668118,Python,Python (3.4.3),py,Accepted,25,3556,157,
s893544604,p03920,u136869985,1525657899,C++,C++14 (GCC 5.4.1),cpp,Wrong Answer,1,256,466,
s772187395,p03920,u107292917,1525539579,C++,C++14 (GCC 5.4.1),cpp,Accepted,8,384,630,
s538140160,p03920,u878615689,1525478930,C++,C++14 (GCC 5.4.1),cpp,Accepted,15,256,1162,
s862476230,p03920,u157322125,1525385467,C++,C++14 (GCC 5.4.1),cpp,Accepted,9,512,413,
s614989811,p03920,u157322125,1525385122,C++,C++14 (GCC 5.4.1),cpp,Wrong Answer,28,384,360,
s245878415,p03920,u399527088,1525385115,C++,C++14 (GCC 5.4.1),cpp,Accepted,10,4992,847,
s746357784,p03920,u424655672,1525385007,C++,C++14 (GCC 5.4.1),cpp,Accepted,8,256,344,
s312524042,p03920,u429843511,1525124734,C++,C++14 (GCC 5.4.1),cpp,Accepted,1,256,505,
s645163109,p03920,u856232850,1524723379,Python,Python (3.4.3),py,Runtime Error,21,3572,128,
s569019889,p03920,u856232850,1524723152,Python,Python (3.4.3),py,Wrong Answer,21,3316,212,
s029856239,p03920,u856232850,1524722759,Python,Python (3.4.3),py,Wrong Answer,22,3332,132,
s429762277,p03920,u544732702,1524510028,C++,C++14 (GCC 5.4.1),cpp,Accepted,23,39296,971,
s754591645,p03920,u777468981,1524500300,C++,C++14 (GCC 5.4.1),cpp,Accepted,8,256,326,
s936128398,p03920,u752074356,1524490115,C++,C++14 (GCC 5.4.1),cpp,Accepted,1,256,516,
s505915458,p03920,u876875284,1524390808,C++,C++14 (GCC 5.4.1),cpp,Accepted,8,256,422,
s890012447,p03920,u340980616,1523927090,C++,C++14 (GCC 5.4.1),cpp,Accepted,9,256,589,
s748209148,p03920,u340980616,1523927006,C++,C++14 (GCC 5.4.1),cpp,Wrong Answer,2,256,584,
s688458952,p03920,u672956630,1523502432,Lisp,Common Lisp (SBCL 1.1.14),l,Accepted,105,10984,329,
s138779231,p03920,u672956630,1523502358,Lisp,Common Lisp (SBCL 1.1.14),l,Accepted,92,10216,275,
s339705146,p03920,u229842440,1523418407,C++,C++14 (GCC 5.4.1),cpp,Accepted,8,256,487,
s526414683,p03920,u802614675,1523137120,Go,Go (1.6),go,Accepted,60,81152,607,
s400832275,p03920,u030726788,1522944335,Python,Python (3.4.3),py,Accepted,22,3316,133,
s289729312,p03920,u030726788,1522943969,Python,Python (3.4.3),py,Wrong Answer,22,3316,131,
s201443472,p03920,u030726788,1522943790,Python,Python (3.4.3),py,Wrong Answer,2104,15824,131,
s721125799,p03920,u554116180,1522807931,C++,C++14 (GCC 5.4.1),cpp,Accepted,8,256,384,
s932860491,p03920,u426578126,1522771166,C++,C++14 (GCC 5.4.1),cpp,Accepted,8,256,461,
s961437847,p03920,u299347950,1522727472,C#,C# (Mono 4.6.2.0),cs,Accepted,26,13276,7518,
s169192327,p03920,u299347950,1522727091,C#,C# (Mono 4.6.2.0),cs,Wrong Answer,22,11220,7410,
s814127983,p03920,u299347950,1522726897,C#,C# (Mono 4.6.2.0),cs,Wrong Answer,23,13140,7405,
s212165702,p03920,u299347950,1522726789,C#,C# (Mono 4.6.2.0),cs,Wrong Answer,23,13140,7432,
s036025684,p03920,u866107333,1522711024,C++,C++14 (GCC 5.4.1),cpp,Accepted,8,384,1342,
s927237216,p03920,u141968173,1522682483,C++,C++14 (Clang 3.8.0),cpp,Accepted,1,256,257,
s955992043,p03920,u780122303,1522636191,C++,C++14 (GCC 5.4.1),cpp,Accepted,8,256,352,
s831589394,p03920,u876335718,1522196802,C++,C++14 (GCC 5.4.1),cpp,Accepted,8,256,3887,
s811089717,p03920,u876335718,1522196026,C++,C++14 (GCC 5.4.1),cpp,Wrong Answer,1,256,3868,
s353503522,p03920,u904666233,1522128449,Rust,Rust (1.15.1),rs,Accepted,22,4352,1008,
s801233133,p03920,u904666233,1522128240,Rust,Rust (1.15.1),rs,Time Limit Exceeded,2103,4352,1008,
s351291749,p03920,u208430248,1522113965,C#,C# (Mono 4.6.2.0),cs,Accepted,142,13268,2032,
s239176560,p03920,u064359585,1521611906,C++,C++14 (GCC 5.4.1),cpp,Accepted,16,512,517,
s819606206,p03920,u258009780,1521565181,C++,C++14 (GCC 5.4.1),cpp,Accepted,2,256,1162,
s474225695,p03920,u258009780,1521565141,C++,C++14 (GCC 5.4.1),cpp,Time Limit Exceeded,2103,1024,1161,
s431054531,p03920,u258009780,1521565042,C++,C++14 (GCC 5.4.1),cpp,Time Limit Exceeded,2096,640,1184,
s755924348,p03920,u258009780,1521564912,C++,C++14 (GCC 5.4.1),cpp,Time Limit Exceeded,2089,640,1190,
s486647859,p03920,u258009780,1521564681,C++,C++14 (GCC 5.4.1),cpp,Time Limit Exceeded,2103,640,1172,
s372908643,p03920,u258009780,1521564456,C++,C++14 (GCC 5.4.1),cpp,Wrong Answer,8,256,1152,
s456242926,p03920,u258009780,1521564340,C++,C++14 (GCC 5.4.1),cpp,Wrong Answer,8,256,1156,
s682904086,p03920,u482544950,1521430648,C++,C++14 (GCC 5.4.1),cpp,Accepted,8,384,611,
s410540703,p03920,u605284854,1521408158,C++,C++14 (GCC 5.4.1),cpp,Accepted,8,256,737,
s058797296,p03920,u708618797,1521346688,C++,C++14 (GCC 5.4.1),cpp,Accepted,1,256,3209,
s158388374,p03920,u732285858,1521037046,C++,C++14 (GCC 5.4.1),cpp,Accepted,10,5120,1214,
s511003398,p03920,u732285858,1521036935,C++,C++14 (GCC 5.4.1),cpp,Wrong Answer,6,4992,1214,
s899436519,p03920,u719622470,1520632302,Java,Java8 (OpenJDK 1.8.0),java,Accepted,257,30548,670,
s077678080,p03920,u719622470,1520629278,Java,Java8 (OpenJDK 1.8.0),java,Wrong Answer,98,23636,255,
s280250970,p03920,u811004127,1520559631,C++,C++14 (Clang 3.8.0),cpp,Accepted,10,256,2341,
s463422354,p03920,u417189754,1520292475,C++,C++14 (GCC 5.4.1),cpp,Accepted,8,256,940,
s467648585,p03920,u196432341,1519102027,C++,C++14 (GCC 5.4.1),cpp,Accepted,8,256,1228,
s802948695,p03920,u196432341,1519101973,C++,C++14 (GCC 5.4.1),cpp,Wrong Answer,8,256,1252,
s859875911,p03920,u196432341,1519101395,C++,C++14 (GCC 5.4.1),cpp,Wrong Answer,8,256,1259,
s632859681,p03920,u924339359,1519097981,C++,C++14 (GCC 5.4.1),cpp,Accepted,8,256,534,
s550779293,p03920,u728732647,1518766114,C++,C++14 (GCC 5.4.1),cpp,Accepted,357,156544,1503,
s407613741,p03920,u728732647,1518765411,C++,C++14 (GCC 5.4.1),cpp,Wrong Answer,437,78336,1801,
s271403965,p03920,u728732647,1518764435,C++,C++14 (GCC 5.4.1),cpp,Wrong Answer,1,256,1431,
s305418652,p03920,u373844230,1518266772,C++,C++14 (GCC 5.4.1),cpp,Wrong Answer,1,256,601,
s962960079,p03920,u640323045,1518130081,C++,C++14 (GCC 5.4.1),cpp,Accepted,8,256,424,
s846698817,p03920,u046768272,1518031813,C++,C++14 (GCC 5.4.1),cpp,Accepted,8,384,438,
s018451460,p03920,u993619636,1517891471,C++,C++14 (GCC 5.4.1),cpp,Accepted,8,256,298,
s624312469,p03920,u819300485,1517772573,C++,C++14 (GCC 5.4.1),cpp,Accepted,8,256,2734,
s878967346,p03920,u819300485,1517772373,C++,C++14 (GCC 5.4.1),cpp,Wrong Answer,8,256,2710,
s747796360,p03920,u819300485,1517772293,C++,C++14 (GCC 5.4.1),cpp,Wrong Answer,8,256,2646,
s069606599,p03920,u057611820,1517418104,C++,C++14 (GCC 5.4.1),cpp,Accepted,8,256,612,
s865673824,p03920,u261886891,1516762273,C++,C++14 (GCC 5.4.1),cpp,Accepted,8,256,340,
s444792210,p03920,u261886891,1516762157,C++,C++14 (GCC 5.4.1),cpp,Wrong Answer,8,256,339,
s193645345,p03920,u234435881,1516745418,C++,C++14 (GCC 5.4.1),cpp,Accepted,8,256,230,
s243820201,p03920,u651633098,1516569756,C++,C++14 (GCC 5.4.1),cpp,Accepted,13,256,429,
s294707853,p03920,u651633098,1516569042,C++,C++14 (GCC 5.4.1),cpp,Wrong Answer,2,2304,359,
s935301665,p03920,u284102701,1516501302,C++,C++14 (GCC 5.4.1),cpp,Accepted,8,256,777,
s645109921,p03920,u238041222,1516486479,C,C (GCC 5.4.1),c,Accepted,1,256,10750,
s425757878,p03920,u115888500,1516398759,C++,C++14 (GCC 5.4.1),cpp,Accepted,8,256,364,
s710720951,p03920,u598016178,1516362520,C++,C++14 (GCC 5.4.1),cpp,Accepted,2,256,1086,
s573642740,p03920,u598016178,1516361578,C++,C++14 (GCC 5.4.1),cpp,Wrong Answer,1,256,1084,
s338804844,p03920,u312473205,1516166337,C#,C# (Mono 4.6.2.0),cs,Accepted,23,11092,1873,
s143913484,p03920,u312473205,1516165088,C#,C# (Mono 4.6.2.0),cs,Wrong Answer,22,13268,1766,
s946537634,p03920,u761320129,1516047455,Python,Python (3.4.3),py,Accepted,22,3316,133,
s528911295,p03920,u773548422,1515977322,C++,C++14 (GCC 5.4.1),cpp,Accepted,8,256,854,
s214207473,p03920,u579152247,1515792724,C++,C++14 (GCC 5.4.1),cpp,Accepted,8,256,1074,
s811195020,p03920,u705918648,1515790755,C++,C++14 (GCC 5.4.1),cpp,Accepted,8,384,1479,
s783484356,p03920,u591883167,1515712737,C++,C++14 (GCC 5.4.1),cpp,Accepted,8,384,416,
s765216796,p03920,u364618491,1515712592,C++,C++14 (GCC 5.4.1),cpp,Accepted,8,256,716,
s762730291,p03920,u272319314,1515294272,C++,C++14 (GCC 5.4.1),cpp,Accepted,8,256,560,
s545365967,p03920,u858748695,1515104403,Python,Python (3.4.3),py,Accepted,22,3444,239,
s045724472,p03920,u858748695,1515104313,Python,Python (3.4.3),py,Wrong Answer,18,2940,239,
s083746799,p03920,u811309788,1515096726,C++,C++14 (GCC 5.4.1),cpp,Accepted,8,256,1307,
s791517375,p03920,u300752229,1514984745,C++,C++14 (GCC 5.4.1),cpp,Accepted,8,256,3895,
s607076359,p03920,u424655672,1514906054,C++,C++14 (GCC 5.4.1),cpp,Accepted,8,256,562,
s508964615,p03920,u451748673,1514846800,C++,C++14 (GCC 5.4.1),cpp,Accepted,18,384,572,
s391483252,p03920,u926548116,1514821347,C,C (GCC 5.4.1),c,Accepted,1,128,169,
s603939440,p03920,u926548116,1514821318,C,C (GCC 5.4.1),c,Accepted,2,128,169,
s413763373,p03920,u926548116,1514820990,C,C (GCC 5.4.1),c,Accepted,1,128,173,
s251870026,p03920,u926548116,1514819471,C,C (GCC 5.4.1),c,Accepted,1,128,193,
s631591120,p03920,u926548116,1514819296,C,C (GCC 5.4.1),c,Accepted,1,128,288,
s901472167,p03920,u926548116,1514818351,C,C (GCC 5.4.1),c,Accepted,1,128,8634,
s243184828,p03920,u897726798,1514251514,C++,C++14 (GCC 5.4.1),cpp,Wrong Answer,1,256,503,
s775367063,p03920,u319282133,1514185424,C++,C++14 (GCC 5.4.1),cpp,Accepted,9,1024,311,
s617575383,p03920,u857259336,1513900171,C++,C++14 (GCC 5.4.1),cpp,Accepted,20,256,513,
s789847038,p03920,u065125881,1513677280,C++,C++14 (GCC 5.4.1),cpp,Accepted,2,256,1782,
s442597320,p03920,u657913472,1513421768,Perl,Perl (v5.18.2),pl,Accepted,5,768,75,
s157468378,p03920,u482544950,1513191463,C++,C++14 (GCC 5.4.1),cpp,Wrong Answer,28,384,589,
s160202696,p03920,u852585808,1513136019,C++,C++14 (GCC 5.4.1),cpp,Accepted,8,256,276,
s938170650,p03920,u497542246,1512908782,C++,C++14 (GCC 5.4.1),cpp,Accepted,2,256,519,
s027543346,p03920,u965730380,1511623746,C++,C++14 (GCC 5.4.1),cpp,Accepted,8,256,704,
s850777518,p03920,u965730380,1511623729,C++,C++14 (Clang 3.8.0),cpp,Compile Error,,,704,
s081073059,p03920,u190952243,1511584182,Python,Python (3.4.3),py,Accepted,21,3408,242,
s892315789,p03920,u774202056,1511579625,C++,C++14 (GCC 5.4.1),cpp,Accepted,8,256,378,
s816793972,p03920,u905715926,1511572759,C++,C++14 (GCC 5.4.1),cpp,Accepted,8,256,575,
s567985993,p03920,u120654602,1511571595,C++,C++14 (GCC 5.4.1),cpp,Accepted,2,256,910,
s524704754,p03920,u521272340,1511548034,C++,C++14 (GCC 5.4.1),cpp,Accepted,8,256,1226,
s857081018,p03920,u986399983,1511481460,C++,C++14 (Clang 3.8.0),cpp,Wrong Answer,7,888,862,
s895939663,p03920,u986399983,1511481446,Python,Python (3.4.3),py,Runtime Error,17,2940,862,
s943420119,p03920,u316170293,1511464882,C++,C++14 (GCC 5.4.1),cpp,Accepted,8,256,783,
s876969305,p03920,u416560151,1510354028,C++,C++14 (GCC 5.4.1),cpp,Accepted,24,9984,586,
s656201855,p03920,u332385682,1509792978,D,D (DMD64 v2.070.1),d,Wrong Answer,2,1276,1257,
s064389637,p03920,u332385682,1509790978,D,D (DMD64 v2.070.1),d,Accepted,1,256,1508,
s285857689,p03920,u755090102,1509758662,C++,C++14 (GCC 5.4.1),cpp,Accepted,8,256,281,
s620524013,p03920,u823112986,1509677011,C++,C++14 (GCC 5.4.1),cpp,Accepted,8,256,363,
s782879760,p03920,u780300092,1509666404,C++,C++14 (GCC 5.4.1),cpp,Accepted,2,256,817,
s912155200,p03920,u607034173,1509475004,C++,C++14 (GCC 5.4.1),cpp,Accepted,8,256,1272,
s297013207,p03920,u918497744,1509047305,Java,Java8 (OpenJDK 1.8.0),java,Runtime Error,118,23764,542,
s728190343,p03920,u495269935,1508975221,C++,C++14 (GCC 5.4.1),cpp,Accepted,2,256,309,
s897848538,p03920,u733823138,1508973133,C++,C++14 (GCC 5.4.1),cpp,Accepted,8,256,464,
s117688357,p03920,u733823138,1508971666,C++,C++14 (GCC 5.4.1),cpp,Wrong Answer,8,256,444,
s819363003,p03920,u733823138,1508971266,C++,C++14 (GCC 5.4.1),cpp,Wrong Answer,204,512,864,
s135871105,p03920,u733823138,1508971161,C++,C++14 (GCC 5.4.1),cpp,Wrong Answer,144,640,810,
s520332655,p03920,u711705317,1508814540,Ruby,Ruby (2.3.3),rb,Accepted,12,1916,88,
s203973964,p03920,u645470652,1508567243,Python,Python (3.4.3),py,Accepted,21,3700,217,
s734398839,p03920,u763975133,1508373733,Rust,Rust (1.15.1),rs,Accepted,9,4476,2733,
s780176715,p03920,u763975133,1508373665,Rust,Rust (1.15.1),rs,Runtime Error,9,4352,2611,
s905008157,p03920,u846552659,1508345871,Python,Python (3.4.3),py,Accepted,23,3408,407,
s174540275,p03920,u846552659,1508345271,Python,Python (3.4.3),py,Memory Limit Exceeded,646,400192,453,
s453156503,p03920,u254521846,1508261340,C++,C++14 (GCC 5.4.1),cpp,Accepted,9,512,2250,
s351438546,p03920,u254521846,1508260851,C++,C++14 (GCC 5.4.1),cpp,Wrong Answer,1,256,2209,
s292675504,p03920,u254521846,1508186658,C++,C++14 (GCC 5.4.1),cpp,Wrong Answer,9,640,2666,
s610175895,p03920,u254521846,1508185327,C++,C++14 (GCC 5.4.1),cpp,Wrong Answer,10,640,2519,
s819808804,p03920,u254521846,1508185259,C++,C++14 (GCC 5.4.1),cpp,Wrong Answer,9,640,2525,
s456655089,p03920,u254521846,1508184783,C++,C++14 (GCC 5.4.1),cpp,Wrong Answer,18,768,2345,
s067179599,p03920,u845674689,1508008267,C++,C++14 (GCC 5.4.1),cpp,Accepted,25,256,451,
s654506789,p03920,u845674689,1508007991,C++,C++14 (GCC 5.4.1),cpp,Wrong Answer,1,256,428,
s816299567,p03920,u831695469,1508005283,C++,C++14 (GCC 5.4.1),cpp,Accepted,8,384,538,
s757704204,p03920,u946140993,1507956040,C++,C++14 (GCC 5.4.1),cpp,Accepted,8,256,934,
s156843027,p03920,u840684628,1507949498,Python,Python (3.4.3),py,Accepted,22,3788,312,
s001725251,p03920,u840684628,1507948915,Python,Python (3.4.3),py,Wrong Answer,2137,535412,300,
s890326082,p03920,u840684628,1507948909,Python,Python (3.4.3),py,Runtime Error,75,4404,257,
s920628806,p03920,u840684628,1507948795,Python,Python (3.4.3),py,Runtime Error,79,4408,257,
s570365785,p03920,u555577504,1507948230,C++,C++14 (GCC 5.4.1),cpp,Accepted,8,256,550,
s581134426,p03920,u929150664,1507855176,C++,C++14 (GCC 5.4.1),cpp,Wrong Answer,8,256,273,
s369831474,p03920,u410943667,1507851254,C++,C++14 (GCC 5.4.1),cpp,Accepted,8,256,465,
s011346675,p03920,u994793728,1507850644,C++,C++14 (GCC 5.4.1),cpp,Accepted,9,256,269,
s023826013,p03920,u410943667,1507850549,C++,C++14 (GCC 5.4.1),cpp,Wrong Answer,8,256,406,
s827253621,p03920,u994793728,1507849640,C++,C++14 (GCC 5.4.1),cpp,Wrong Answer,8,256,320,
s309180483,p03920,u979452668,1507849397,C++,C++14 (GCC 5.4.1),cpp,Accepted,8,384,443,
s465900066,p03920,u410943667,1507849375,C++,C++14 (GCC 5.4.1),cpp,Wrong Answer,8,256,319,
s818374052,p03920,u410943667,1507849296,C++,C++14 (GCC 5.4.1),cpp,Wrong Answer,8,256,298,
s137809225,p03920,u951704061,1507849247,C++,C++14 (GCC 5.4.1),cpp,Accepted,9,384,1698,
s507277133,p03920,u017797845,1507849053,C++,C++14 (GCC 5.4.1),cpp,Accepted,9,256,259,
s036556127,p03920,u489536233,1507848893,C++,C++14 (GCC 5.4.1),cpp,Accepted,8,384,471,
s899740618,p03920,u984427208,1507848663,C++,C++14 (GCC 5.4.1),cpp,Accepted,15,256,1052,
s189271151,p03920,u107077660,1507848613,C++,C++14 (GCC 5.4.1),cpp,Accepted,8,256,276,
s044403886,p03920,u951704061,1507848517,C++,C++14 (GCC 5.4.1),cpp,Wrong Answer,18,256,1520,
s105450882,p03920,u119460590,1507848387,C++,C++14 (GCC 5.4.1),cpp,Accepted,8,256,1364,
s843308262,p03920,u254456372,1507749576,C++,C++14 (GCC 5.4.1),cpp,Accepted,2,256,11482,
s652273085,p03920,u254456372,1507749389,C++,C++14 (GCC 5.4.1),cpp,Runtime Error,107,256,11447,
s078705083,p03920,u254456372,1507748289,C++,C++14 (GCC 5.4.1),cpp,Runtime Error,97,1280,11815,
s547307221,p03920,u782372423,1507678724,C++,C++14 (GCC 5.4.1),cpp,Wrong Answer,8,256,3585,
s526331204,p03920,u697817820,1507677825,C++,C++14 (GCC 5.4.1),cpp,Accepted,8,256,317,
s160835272,p03920,u869282786,1507675915,C++,C++14 (GCC 5.4.1),cpp,Accepted,8,256,311,
s347264780,p03920,u141642872,1507675773,C++,C++14 (GCC 5.4.1),cpp,Accepted,9,384,368,
s579394308,p03920,u869282786,1507675757,C++,C++14 (GCC 5.4.1),cpp,Wrong Answer,8,256,310,
s311993136,p03920,u294283114,1507675700,C++,C++14 (GCC 5.4.1),cpp,Accepted,8,256,722,
s021957569,p03920,u294283114,1507675563,C++,C++14 (GCC 5.4.1),cpp,Wrong Answer,2103,10368,722,
s269020981,p03920,u705296057,1507675317,C++,C++14 (GCC 5.4.1),cpp,Accepted,8,256,628,
s735148594,p03920,u924885571,1507675162,C++,C++14 (GCC 5.4.1),cpp,Accepted,8,256,363,
s173110126,p03920,u141642872,1507675021,C++,C++14 (GCC 5.4.1),cpp,Wrong Answer,1,256,329,
s644624386,p03920,u815524843,1507674247,C++,C++14 (GCC 5.4.1),cpp,Accepted,8,384,459,
s131082602,p03920,u602850810,1507674009,C++,C++14 (GCC 5.4.1),cpp,Accepted,8,256,332,
s184727636,p03920,u344425917,1507673919,C++,C++14 (GCC 5.4.1),cpp,Accepted,8,256,1098,
s003885812,p03920,u984730891,1507673809,C++,C++14 (GCC 5.4.1),cpp,Accepted,8,384,807,
s834035888,p03920,u673823726,1507673798,C++,C++14 (GCC 5.4.1),cpp,Accepted,8,256,2253,
s319018976,p03920,u344425917,1507673753,C++,C++14 (GCC 5.4.1),cpp,Wrong Answer,8,384,1089,
s258311470,p03920,u344425917,1507667080,C++,C++14 (GCC 5.4.1),cpp,Accepted,8,256,1089,
s023542791,p03920,u890465662,1507265380,C++,C++14 (GCC 5.4.1),cpp,Accepted,9,256,228,
s764495614,p03920,u890465662,1507265017,C++,C++14 (GCC 5.4.1),cpp,Wrong Answer,1,256,224,
s226853762,p03920,u003873207,1507257953,C++,C++14 (GCC 5.4.1),cpp,Accepted,8,256,1432,
s141610237,p03920,u412908746,1507165296,C#,C# (Mono 4.6.2.0),cs,Accepted,43,13140,467,
s483193239,p03920,u437391064,1506987724,C++,C++14 (GCC 5.4.1),cpp,Accepted,8,256,694,
s645777408,p03920,u965174248,1506925095,D,D (LDC 0.17.0),d,Runtime Error,13,40700,15506,
s787776028,p03920,u026757201,1506859401,C++,C++14 (GCC 5.4.1),cpp,Accepted,9,256,778,
s999647701,p03920,u026757201,1506827620,C++,C++14 (GCC 5.4.1),cpp,Wrong Answer,1,256,785,
s056511489,p03920,u026757201,1506827453,C++,C++14 (GCC 5.4.1),cpp,Wrong Answer,1,256,679,
s399990909,p03920,u089360788,1506711890,C++,C++14 (GCC 5.4.1),cpp,Accepted,8,256,369,
s941813512,p03920,u791528402,1506206060,C#,C# (Mono 4.6.2.0),cs,Accepted,43,13140,325,
s563027114,p03920,u791528402,1506204722,C#,C# (Mono 4.6.2.0),cs,Wrong Answer,42,11092,596,
s834631283,p03920,u660656117,1505242726,C++,C++14 (GCC 5.4.1),cpp,Accepted,1,256,943,
s920431557,p03920,u660656117,1505241751,C++,C++14 (GCC 5.4.1),cpp,Wrong Answer,1,256,880,
s704692421,p03920,u979920726,1504884761,C++,C++14 (GCC 5.4.1),cpp,Accepted,8,256,304,
s497869893,p03920,u157322125,1504744220,C++,C++14 (GCC 5.4.1),cpp,Accepted,8,256,369,
s274152359,p03920,u133129810,1504037902,C++,C++14 (GCC 5.4.1),cpp,Accepted,1,256,2092,
s905221284,p03920,u802071009,1504037878,C++,C++14 (GCC 5.4.1),cpp,Accepted,8,384,308,
s678683594,p03920,u802071009,1504037752,C++,C++14 (GCC 5.4.1),cpp,Runtime Error,105,384,304,
s862231324,p03920,u524343822,1504035766,C++,C++14 (GCC 5.4.1),cpp,Accepted,8,256,289,
s057681944,p03920,u059234158,1504035391,Java,Java8 (OpenJDK 1.8.0),java,Accepted,232,27984,658,
s069483346,p03920,u059234158,1504034808,Java,Java8 (OpenJDK 1.8.0),java,Wrong Answer,239,27092,652,
s516710311,p03920,u987412812,1504034790,C#,C# (Mono 4.6.2.0),cs,Accepted,43,13268,2347,
s074411415,p03920,u467508794,1503740396,Ruby,Ruby (2.3.3),rb,Accepted,11,1788,97,
s627377768,p03920,u333877810,1503294419,C++,C++14 (GCC 5.4.1),cpp,Accepted,1,256,399,
s440593393,p03920,u602850810,1503287451,C++,C++14 (GCC 5.4.1),cpp,Accepted,8,384,510,
s274057820,p03920,u602850810,1503287089,C++,C++14 (GCC 5.4.1),cpp,Wrong Answer,8,256,585,
s261666165,p03920,u602850810,1503287004,C++,C++14 (GCC 5.4.1),cpp,Wrong Answer,8,384,584,
s409968737,p03920,u602850810,1503286764,C++,C++14 (GCC 5.4.1),cpp,Wrong Answer,8,384,420,
s687296645,p03920,u093922224,1503195986,C++,C++14 (GCC 5.4.1),cpp,Accepted,8,256,623,
s069683615,p03920,u795689468,1502919185,C++,C++14 (GCC 5.4.1),cpp,Accepted,8,384,972,
s827492529,p03920,u922858565,1501970877,Haskell,Haskell (GHC 7.10.3),hs,Accepted,4,1148,216,
s837232268,p03920,u922858565,1501969533,Haskell,Haskell (GHC 7.10.3),hs,Time Limit Exceeded,2106,24956,282,
s076242045,p03920,u987564901,1501727460,C++,C++14 (GCC 5.4.1),cpp,Accepted,8,384,393,
s629018633,p03920,u570522509,1501700983,C++,C++14 (GCC 5.4.1),cpp,Accepted,8,256,876,
s819005456,p03920,u194412908,1501162621,Python,PyPy3 (2.4.0),py,Accepted,227,43504,234,
s432073785,p03920,u194412908,1501162453,Python,PyPy3 (2.4.0),py,Runtime Error,225,43376,176,
s121295974,p03920,u870307668,1500848906,C++,C++14 (GCC 5.4.1),cpp,Accepted,8,256,1384,
s229663979,p03920,u059234158,1500435170,Java,Java8 (OpenJDK 1.8.0),java,Accepted,248,28628,331,
s580156911,p03920,u310790595,1499823860,C++,C++14 (GCC 5.4.1),cpp,Accepted,8,256,594,
s989026913,p03920,u503549962,1498802839,Ruby,Ruby (2.3.3),rb,Accepted,11,3960,176,
s249432153,p03920,u014237950,1498410045,C++,C++14 (GCC 5.4.1),cpp,Accepted,9,256,1511,
s046399010,p03920,u456611841,1498063617,C++,C++14 (GCC 5.4.1),cpp,Accepted,11,9984,411,
s836602628,p03920,u221620004,1497691722,C++,C++14 (GCC 5.4.1),cpp,Accepted,8,256,880,
s827209628,p03920,u647940094,1496612689,C++,C++14 (GCC 5.4.1),cpp,Accepted,2,256,230,
s432090275,p03920,u741323508,1496211620,C++,C++14 (GCC 5.4.1),cpp,Accepted,2,384,419,
s998311078,p03920,u024612773,1494313410,Rust,Rust (1.15.1),rs,Accepted,9,4352,626,
s419412531,p03920,u692050063,1491282027,Python,Python (2.7.6),py,Accepted,12,2692,171,
s980909000,p03920,u692050063,1491281872,Python,Python (2.7.6),py,Wrong Answer,13,2692,167,
s475395366,p03920,u318334550,1490274692,C++,C++14 (GCC 5.4.1),cpp,Accepted,8,384,1005,
s879275339,p03920,u318334550,1490245412,C++,C++14 (GCC 5.4.1),cpp,Wrong Answer,1,256,849,
s044077640,p03920,u318334550,1490245340,C++,C++14 (GCC 5.4.1),cpp,Wrong Answer,1,256,849,
s049503945,p03920,u318334550,1490245295,C++,C++14 (GCC 5.4.1),cpp,Wrong Answer,1,256,834,
s888047909,p03920,u864550097,1490244673,C++,C++14 (GCC 5.4.1),cpp,Accepted,2,384,550,
s272176720,p03920,u526532903,1490244022,C++,C++14 (GCC 5.4.1),cpp,Accepted,8,384,714,
s453996453,p03920,u333917945,1490241609,C++,C++14 (GCC 5.4.1),cpp,Accepted,8,384,787,
s778348089,p03920,u133129810,1490241324,C++,C++14 (GCC 5.4.1),cpp,Accepted,8,256,2026,
s265337229,p03920,u471289663,1490240963,C++,C++14 (GCC 5.4.1),cpp,Accepted,8,256,787,
s584839928,p03920,u107077660,1490240926,Python,Python (3.4.3),py,Accepted,22,3316,107,
s350734819,p03920,u133129810,1490240831,C++,C++14 (GCC 5.4.1),cpp,Wrong Answer,2,384,1985,
s720922412,p03920,u591343832,1490240734,C++,C++14 (GCC 5.4.1),cpp,Accepted,2,384,4995,
s642308971,p03920,u828706986,1486616641,C++,C++14 (GCC 5.4.1),cpp,Accepted,21,256,415,
s253366221,p03920,u280667879,1485156364,Ruby,Ruby (2.3.3),rb,Accepted,14,1916,53,
s906103176,p03920,u698760125,1484335035,C++,C++14 (GCC 5.4.1),cpp,Accepted,3,256,335,
s336729972,p03920,u900015623,1483897648,Java,Java8 (OpenJDK 1.8.0),java,Accepted,118,8840,4065,
s574366212,p03920,u698760125,1482253740,C,C (GCC 5.4.1),c,Accepted,2,256,325,
s462224330,p03920,u098930106,1482036779,C++,C++14 (GCC 5.4.1),cpp,Accepted,13,256,256,
s892435092,p03920,u810533911,1481676897,C++,C++14 (GCC 5.4.1),cpp,Accepted,3,384,561,
s705475339,p03920,u106733072,1481574983,C++,C++14 (GCC 5.4.1),cpp,Accepted,22,384,974,
s733296384,p03920,u187430339,1481487429,Python,Python (2.7.6),py,Accepted,19,2692,303,
s861776106,p03920,u801556382,1481399679,C++,C++14 (GCC 5.4.1),cpp,Accepted,3,256,1166,
s781383289,p03920,u225097492,1481155233,Java,Java8 (OpenJDK 1.8.0),java,Accepted,225,11704,535,
s568772228,p03920,u396084619,1480889899,C++,C++14 (GCC 5.4.1),cpp,Accepted,25,3456,1124,
s378343362,p03920,u758675363,1480877069,C++,C++14 (GCC 5.4.1),cpp,Accepted,3,256,1012,
s623737079,p03920,u758675363,1480876985,C++,C++14 (GCC 5.4.1),cpp,Wrong Answer,3,256,1009,
s540968697,p03920,u329837707,1480831349,Java,Java7 (OpenJDK 1.7.0),java,Wrong Answer,132,9044,614,
s293802010,p03920,u809665051,1480803874,C++,C++14 (GCC 5.4.1),cpp,Accepted,3,256,996,
s225173981,p03920,u809665051,1480803686,C++,C++14 (GCC 5.4.1),cpp,Accepted,3,256,939,
s726034206,p03920,u809665051,1480803502,C++,C++14 (GCC 5.4.1),cpp,Accepted,3,256,1308,
s773156631,p03920,u809665051,1480803471,C++,C++14 (GCC 5.4.1),cpp,Wrong Answer,1361,256,960,
s465357837,p03920,u929150664,1480800664,C++,C++14 (GCC 5.4.1),cpp,Accepted,32,256,479,
s357823745,p03920,u129181473,1480726115,Java,Java8 (OpenJDK 1.8.0),java,Wrong Answer,244,14132,1128,
s804151243,p03920,u129181473,1480724959,Java,Java8 (OpenJDK 1.8.0),java,Wrong Answer,2129,247512,1252,
s765627778,p03920,u125046593,1480703403,C++,C++14 (GCC 5.4.1),cpp,Accepted,21,256,678,
s013042707,p03920,u125046593,1480703034,C++,C++14 (GCC 5.4.1),cpp,Wrong Answer,21,256,677,
s212086844,p03920,u958581328,1480637503,C++,C++14 (GCC 5.4.1),cpp,Accepted,21,256,517,
s846394193,p03920,u480806810,1480633130,C++,C++14 (GCC 5.4.1),cpp,Accepted,2,128,252,
s351263044,p03920,u002023395,1480563496,C++,C++14 (GCC 5.4.1),cpp,Accepted,21,256,308,
s277541113,p03920,u434747175,1480559975,C++,C++14 (GCC 5.4.1),cpp,Accepted,21,256,1218,
s697976843,p03920,u297228366,1480475149,C++,C++14 (GCC 5.4.1),cpp,Accepted,3,256,500,
s931054999,p03920,u234413973,1480441887,C++,C++14 (GCC 5.4.1),cpp,Accepted,135,78464,449,
s697754256,p03920,u418568023,1480438522,C++,C++14 (GCC 5.4.1),cpp,Accepted,21,256,267,
s387646418,p03920,u012646025,1480408684,Haskell,Haskell (GHC 7.10.3),hs,Accepted,6,1020,360,
s561055509,p03920,u628047647,1480388316,C++,C++14 (GCC 5.4.1),cpp,Accepted,21,256,539,
s908426947,p03920,u890657861,1480386463,C,C (GCC 5.4.1),c,Accepted,2,384,1091,
s833470477,p03920,u908558278,1480385611,C++,C++14 (GCC 5.4.1),cpp,Accepted,123,39424,1208,
s341176214,p03920,u478808605,1480383218,C++,C++14 (GCC 5.4.1),cpp,Accepted,2,128,288,
s827448588,p03920,u500652785,1480381411,Java,Java8 (OpenJDK 1.8.0),java,Accepted,227,11708,376,
s250861985,p03920,u454658584,1480380319,C++,C++14 (GCC 5.4.1),cpp,Accepted,3,256,716,
s407449122,p03920,u454658584,1480380175,C++,C++14 (GCC 5.4.1),cpp,Wrong Answer,3,256,710,
s233642352,p03920,u478808605,1480377894,C++,C++14 (GCC 5.4.1),cpp,Wrong Answer,12,128,184,
s191342043,p03920,u478808605,1480377771,C++,C++14 (GCC 5.4.1),cpp,Compile Error,,,184,
s533716169,p03920,u910426639,1480363714,Java,Java8 (OpenJDK 1.8.0),java,Accepted,234,11708,576,
s102508542,p03920,u910426639,1480363631,Java,Java8 (OpenJDK 1.8.0),java,Wrong Answer,223,11704,541,
s964785099,p03920,u006615844,1480351090,C,C (GCC 5.4.1),c,Accepted,2,128,231,
s267807177,p03920,u207056619,1480317229,C++,C++14 (GCC 5.4.1),cpp,Accepted,52,256,579,
s130260429,p03920,u846271630,1480309871,C++,C++14 (GCC 5.4.1),cpp,Accepted,21,384,354,
s364095820,p03920,u423639909,1480306044,C++,C++14 (GCC 5.4.1),cpp,Accepted,18,384,3076,
s830754988,p03920,u061996193,1480304761,Java,Java8 (OpenJDK 1.8.0),java,Accepted,146,10192,461,
s920772937,p03920,u462245639,1480299471,C++,C++14 (GCC 5.4.1),cpp,Accepted,21,256,2298,
s902631464,p03920,u890657861,1480293962,C,C (GCC 5.4.1),c,Wrong Answer,2,128,219,
s080931329,p03920,u637175065,1480275549,Python,Python (3.4.3),py,Accepted,72,6696,360,
s071507368,p03920,u685892567,1480270992,C++,C++14 (GCC 5.4.1),cpp,Accepted,30,384,650,
s024388977,p03920,u119460590,1480266077,C++,C++14 (GCC 5.4.1),cpp,Accepted,22,256,1737,
s962450043,p03920,u334559072,1480259845,C++,C++14 (GCC 5.4.1),cpp,Accepted,3,256,316,
s593000528,p03920,u315078622,1480258820,Python,Python (3.4.3),py,Accepted,27,3444,187,
s119178261,p03920,u334559072,1480256184,C++,C++14 (GCC 5.4.1),cpp,Wrong Answer,3,256,279,
s631392537,p03920,u938487838,1480250064,C++,C++14 (GCC 5.4.1),cpp,Accepted,3,256,467,
s532063414,p03920,u938487838,1480249996,C++,C++14 (GCC 5.4.1),cpp,Wrong Answer,3,256,460,
s344698586,p03920,u491256431,1480244813,C++,C++14 (GCC 5.4.1),cpp,Accepted,21,256,1782,
s491758362,p03920,u491256431,1480244041,C++,C++14 (GCC 5.4.1),cpp,Wrong Answer,21,256,1632,
s254855374,p03920,u479082130,1480232389,C++,C++14 (GCC 5.4.1),cpp,Accepted,3,384,836,
s470268784,p03920,u948555343,1480229311,C++,C++14 (GCC 5.4.1),cpp,Accepted,3,256,325,
s682643889,p03920,u721667049,1480227539,C++,C++14 (GCC 5.4.1),cpp,Accepted,3,384,3883,
s240982874,p03920,u825215512,1480225910,C++,C++14 (GCC 5.4.1),cpp,Accepted,22,384,1288,
s000775402,p03920,u036907329,1480225050,C++,C++14 (GCC 5.4.1),cpp,Accepted,17,256,3127,
s099184272,p03920,u744314647,1480224212,C++,C++14 (GCC 5.4.1),cpp,Accepted,3,256,705,
s942307036,p03920,u525288965,1480222962,C++,C++14 (GCC 5.4.1),cpp,Accepted,22,512,1918,
s990888766,p03920,u105346690,1480222463,C++,C++14 (GCC 5.4.1),cpp,Accepted,21,256,644,
s840744857,p03920,u021140967,1480221065,C++,C++14 (GCC 5.4.1),cpp,Accepted,28,384,440,
s578738497,p03920,u619631862,1480220842,C++,C++14 (GCC 5.4.1),cpp,Wrong Answer,22,256,323,
s300007700,p03920,u782516204,1480220696,C++,C++14 (GCC 5.4.1),cpp,Accepted,21,384,946,
s439142040,p03920,u523153297,1480220306,C++,C++14 (GCC 5.4.1),cpp,Compile Error,,,307,
s544749381,p03920,u021140967,1480220283,C++,C++14 (GCC 5.4.1),cpp,Wrong Answer,23,512,431,
s450182245,p03920,u021140967,1480220189,C++,C++14 (GCC 5.4.1),cpp,Wrong Answer,23,640,432,
s773059795,p03920,u523153297,1480220020,C,C (GCC 5.4.1),c,Accepted,2,128,186,
s095420643,p03920,u501289321,1480219111,C++,C++14 (GCC 5.4.1),cpp,Accepted,21,384,448,
s924694771,p03920,u742897895,1480219022,Python,PyPy3 (2.4.0),py,Accepted,278,44268,307,
s718390080,p03920,u742897895,1480218952,Python,PyPy3 (2.4.0),py,Accepted,250,44140,307,
s939393460,p03920,u501289321,1480217866,C++,C++14 (GCC 5.4.1),cpp,Accepted,21,512,445,
s261197832,p03920,u501289321,1480217216,C++,C++14 (GCC 5.4.1),cpp,Wrong Answer,21,256,348,
s107086200,p03920,u834771741,1480216065,C++,C++14 (GCC 5.4.1),cpp,Accepted,21,384,821,
s574439721,p03920,u657930597,1480215402,C++,C++14 (GCC 5.4.1),cpp,Accepted,3,256,343,
s791471887,p03920,u443010331,1480213933,C++,C++14 (GCC 5.4.1),cpp,Accepted,3,256,1945,
s537530803,p03920,u837745858,1480212988,C++,C++14 (GCC 5.4.1),cpp,Accepted,21,256,263,
s378498330,p03920,u837745858,1480212822,C++,C++14 (GCC 5.4.1),cpp,Wrong Answer,2,256,262,
s990145935,p03920,u504103417,1480212760,C++,C++14 (GCC 5.4.1),cpp,Accepted,21,256,220,
s567887643,p03920,u231928431,1480212748,C++,C++14 (GCC 5.4.1),cpp,Accepted,22,256,684,
s728460623,p03920,u234985935,1480212217,C,C (GCC 5.4.1),c,Accepted,2,128,273,
s553338241,p03920,u234985935,1480211661,C,C (GCC 5.4.1),c,Wrong Answer,2,128,277,
s538392699,p03920,u597940868,1480211355,C++,C++14 (GCC 5.4.1),cpp,Accepted,17,256,369,
s757568296,p03920,u182265452,1480207880,C++,C++14 (GCC 5.4.1),cpp,Accepted,24,256,324,
s739947611,p03920,u014163771,1480205947,C++,C++14 (GCC 5.4.1),cpp,Accepted,3,256,417,
s205068003,p03920,u630452895,1480205900,C++,C++14 (GCC 5.4.1),cpp,Accepted,22,256,756,
s207721972,p03920,u014163771,1480205843,C++,C++14 (GCC 5.4.1),cpp,Wrong Answer,3,256,355,
s824978062,p03920,u495267515,1480203190,C++,C++14 (GCC 5.4.1),cpp,Accepted,22,256,834,
s996235100,p03920,u495267515,1480201848,C++,C++14 (GCC 5.4.1),cpp,Wrong Answer,2,256,1006,
s132128815,p03920,u521029897,1480201814,Java,Java8 (OpenJDK 1.8.0),java,Accepted,109,9040,3309,
s843500025,p03920,u521029897,1480200840,Java,Java8 (OpenJDK 1.8.0),java,Wrong Answer,98,8276,3350,
s524296244,p03920,u703999673,1480200559,C++,C++14 (GCC 5.4.1),cpp,Accepted,27,256,1428,
s879905916,p03920,u703999673,1480200429,C++,C++14 (GCC 5.4.1),cpp,Time Limit Exceeded,2102,1024,1428,
s659367569,p03920,u645165433,1480200343,Java,Java8 (OpenJDK 1.8.0),java,Wrong Answer,222,11708,486,
s190519808,p03920,u521029897,1480200292,Java,Java8 (OpenJDK 1.8.0),java,Wrong Answer,104,8148,3250,
s310415030,p03920,u280667879,1480198580,Ruby,Ruby (2.3.3),rb,Accepted,44,2172,62,
s272861928,p03920,u280667879,1480198487,Ruby,Ruby (2.3.3),rb,Runtime Error,10,1788,61,
s050695265,p03920,u388908458,1480197935,C++,C++14 (GCC 5.4.1),cpp,Accepted,3,256,329,
s037677159,p03920,u443010331,1480197829,C++,C++14 (GCC 5.4.1),cpp,Wrong Answer,747,61696,1925,
s973366996,p03920,u185193776,1480197798,Scala,Scala (2.11.7),scala,Accepted,596,23056,365,
s756042016,p03920,u318281150,1480197437,C++,C++14 (GCC 5.4.1),cpp,Accepted,21,384,663,
s020217036,p03920,u185193776,1480197284,Scala,Scala (2.11.7),scala,Wrong Answer,549,22808,365,
s018152847,p03920,u991359408,1480197247,C++,C++14 (GCC 5.4.1),cpp,Accepted,2,128,418,
s587667368,p03920,u443010331,1480197217,C++,C++14 (GCC 5.4.1),cpp,Wrong Answer,2102,4224,1845,
s813793704,p03920,u185193776,1480197034,Scala,Scala (2.11.7),scala,Wrong Answer,474,22412,294,
s162536804,p03920,u910756197,1480195335,Ruby,Ruby (2.3.3),rb,Accepted,14,1788,349,
s756991040,p03920,u204795895,1480195322,C++,C++14 (GCC 5.4.1),cpp,Accepted,3,256,270,
s488123165,p03920,u154228546,1480195251,C++,C++14 (GCC 5.4.1),cpp,Accepted,18,384,1044,
s766135716,p03920,u999979585,1480194802,C++,C++14 (GCC 5.4.1),cpp,Accepted,3,256,642,
s285200468,p03920,u242782996,1480194464,Java,Java8 (OpenJDK 1.8.0),java,Accepted,220,11708,4906,
s981541807,p03920,u999979585,1480194390,C++,C++14 (GCC 5.4.1),cpp,Time Limit Exceeded,2102,113152,648,
s907515473,p03920,u660613376,1480193911,C++,C++14 (GCC 5.4.1),cpp,Accepted,2,128,212,
s000585699,p03920,u026730198,1480193513,C++,C++14 (GCC 5.4.1),cpp,Accepted,3,256,297,
s299626565,p03920,u660613376,1480192970,C++,C++14 (GCC 5.4.1),cpp,Wrong Answer,3,256,466,
s804883837,p03920,u155667931,1480192738,Python,Python (2.7.6),py,Time Limit Exceeded,2103,10420,910,
s327862848,p03920,u660613376,1480192717,C++,C++14 (GCC 5.4.1),cpp,Wrong Answer,571,57728,413,
s159921427,p03920,u796942881,1480192526,C++,C++14 (GCC 5.4.1),cpp,Accepted,3,384,1734,
s452892727,p03920,u388908458,1480192372,C++,C++14 (GCC 5.4.1),cpp,Wrong Answer,453,256,857,
s567093225,p03920,u034671639,1480192343,C++,C++14 (GCC 5.4.1),cpp,Wrong Answer,2105,39296,389,
s423312257,p03920,u660613376,1480192193,C++,C++14 (GCC 5.4.1),cpp,Runtime Error,194,87936,1384,
s840002836,p03920,u660613376,1480192161,C++,C++14 (GCC 5.4.1),cpp,Time Limit Exceeded,2105,87936,1636,
s471488205,p03920,u026730198,1480191944,C++,C++14 (GCC 5.4.1),cpp,Wrong Answer,278,39936,1030,
s436272488,p03920,u026730198,1480191898,C++,C++14 (GCC 5.4.1),cpp,Wrong Answer,2104,39936,1030,
s384610428,p03920,u974950596,1480191502,C++,C++14 (GCC 5.4.1),cpp,Accepted,22,640,2136,
s748126459,p03920,u698142380,1480191281,C++,C++14 (GCC 5.4.1),cpp,Accepted,22,256,637,
s389278646,p03920,u026730198,1480190890,C++,C++14 (GCC 5.4.1),cpp,Runtime Error,123,8192,934,
s601251133,p03920,u026730198,1480190856,C++,C++14 (GCC 5.4.1),cpp,Compile Error,,,951,
s559777323,p03920,u796942881,1480190752,C++,C++14 (GCC 5.4.1),cpp,Wrong Answer,3,384,2030,
s177629220,p03920,u235516118,1480190724,C++,C++14 (GCC 5.4.1),cpp,Accepted,3,256,651,
s876213237,p03920,u026730198,1480190711,C++,C++14 (GCC 5.4.1),cpp,Wrong Answer,117,8192,1180,
s393888835,p03920,u233632872,1480190691,C++,C++14 (GCC 5.4.1),cpp,Accepted,5,256,279,
s074203964,p03920,u459737327,1480190680,C++,C++14 (GCC 5.4.1),cpp,Accepted,3,256,436,
s818266970,p03920,u974950596,1480190514,C++,C++14 (GCC 5.4.1),cpp,Wrong Answer,3,256,1885,
s064175599,p03920,u796942881,1480190443,C++,C++14 (GCC 5.4.1),cpp,Wrong Answer,3,384,2003,
s824296500,p03920,u026730198,1480190430,C++,C++14 (GCC 5.4.1),cpp,Wrong Answer,127,8320,1128,
s825698303,p03920,u123756661,1480190394,Python,PyPy2 (5.6.0),py,Accepted,188,11760,1106,
s409685304,p03920,u123756661,1480190227,Python,PyPy2 (5.6.0),py,Wrong Answer,73,11760,1102,
s384566936,p03920,u123756661,1480190121,Python,PyPy2 (5.6.0),py,Wrong Answer,77,13424,1087,
s704861856,p03920,u660613376,1480189765,C++,C++14 (GCC 5.4.1),cpp,Wrong Answer,2107,87936,1217,
s625408745,p03920,u026730198,1480189696,C++,C++14 (GCC 5.4.1),cpp,Wrong Answer,119,8320,1126,
s825991828,p03920,u660613376,1480189373,C++,C++14 (GCC 5.4.1),cpp,Wrong Answer,2107,88064,1217,
s142675966,p03920,u402629484,1480189044,C,C (GCC 5.4.1),c,Accepted,2,128,213,
s416597005,p03920,u026730198,1480188887,C++,C++14 (GCC 5.4.1),cpp,Wrong Answer,2104,31616,922,
s026395041,p03920,u388908458,1480188695,C++,C++14 (GCC 5.4.1),cpp,Wrong Answer,180,39296,766,
s117901271,p03920,u656572785,1480188427,C++,C++14 (GCC 5.4.1),cpp,Accepted,27,256,1691,
s077500510,p03920,u821262411,1480188415,Python,Python (3.4.3),py,Accepted,26,3444,239,
s342870862,p03920,u026730198,1480188375,C++,C++14 (GCC 5.4.1),cpp,Wrong Answer,2102,384,821,
s295944569,p03920,u472675932,1480188297,C,C (Clang 3.8.0),c,Accepted,2,128,336,
s493484851,p03920,u656572785,1480188169,C++,C++14 (GCC 5.4.1),cpp,Wrong Answer,3,256,1621,
s401910054,p03920,u026730198,1480188072,C++,C++14 (GCC 5.4.1),cpp,Wrong Answer,2102,512,1082,
s609434239,p03920,u472675932,1480188032,C,C (Clang 3.8.0),c,Wrong Answer,2,128,437,
s766333554,p03920,u409753607,1480187945,C++,C++14 (GCC 5.4.1),cpp,Accepted,24,384,596,
s898592454,p03920,u378155378,1480187844,C++,C++14 (GCC 5.4.1),cpp,Accepted,2,128,473,
s788935051,p03920,u958581328,1480187758,C++,C++14 (GCC 5.4.1),cpp,Compile Error,,,1164,
s956116369,p03920,u509661905,1480187737,Python,Python (3.4.3),py,Accepted,26,3700,625,
s785909031,p03920,u378155378,1480187553,C++,C++14 (GCC 5.4.1),cpp,Wrong Answer,2,256,469,
s398979426,p03920,u383342473,1480187550,Java,Java8 (OpenJDK 1.8.0),java,Accepted,308,11700,572,
s225927451,p03920,u774845108,1480187546,C#,C# (Mono 4.6.2.0),cs,Accepted,23,3160,1243,
s376956983,p03920,u072954651,1480187526,C++,C++14 (GCC 5.4.1),cpp,Accepted,22,256,227,
s515860103,p03920,u155667931,1480187525,Python,Python (2.7.6),py,Wrong Answer,2103,44464,583,
s684931305,p03920,u656572785,1480187448,C++,C++14 (GCC 5.4.1),cpp,Wrong Answer,2,256,1751,
s601974524,p03920,u378155378,1480187372,C++,C++14 (GCC 5.4.1),cpp,Wrong Answer,2,128,468,
s370468926,p03920,u085725262,1480187305,Python,Python (3.4.3),py,Accepted,28,3572,359,
s207637376,p03920,u796890576,1480187164,Ruby,Ruby (2.3.3),rb,Accepted,14,1788,240,
s198532588,p03920,u544899952,1480187130,C++,C++14 (GCC 5.4.1),cpp,Accepted,43,256,498,
s110024064,p03920,u871239364,1480187079,C++,C++14 (GCC 5.4.1),cpp,Wrong Answer,31,256,759,
s845235016,p03920,u518732500,1480187066,Go,Go (1.6),go,Wrong Answer,2,640,2692,
s634775650,p03920,u870227006,1480187041,C++,C++14 (GCC 5.4.1),cpp,Wrong Answer,2102,256,788,
s140114730,p03920,u296121112,1480186986,Ruby,Ruby (2.3.3),rb,Accepted,15,2044,164,
s805304560,p03920,u237168895,1480186940,Python,Python (3.4.3),py,Accepted,37,7656,573,
s111413070,p03920,u871239364,1480186911,C++,C++14 (GCC 5.4.1),cpp,Wrong Answer,32,384,695,
s207305542,p03920,u296121112,1480186877,Ruby,Ruby (2.3.3),rb,Time Limit Exceeded,2102,1788,139,
s589686503,p03920,u890314264,1480186830,C++,C++14 (Clang 3.8.0),cpp,Wrong Answer,281,512,1081,
s562684221,p03920,u296121112,1480186736,Ruby,Ruby (2.3.3),rb,Wrong Answer,14,1788,138,
s554146114,p03920,u871239364,1480186714,C++,C++14 (GCC 5.4.1),cpp,Wrong Answer,31,256,698,
s148020804,p03920,u409753607,1480186712,C++,C++14 (GCC 5.4.1),cpp,Wrong Answer,41,10112,1220,
s999034191,p03920,u127131162,1480186691,C++,C++14 (GCC 5.4.1),cpp,Accepted,3,256,1624,
s535431212,p03920,u378155378,1480186669,C++,C++14 (GCC 5.4.1),cpp,Wrong Answer,2,128,429,
s183144253,p03920,u256861359,1480186622,C,C (GCC 5.4.1),c,Accepted,3,384,397,
s793832326,p03920,u700986952,1480186569,C++,C++14 (GCC 5.4.1),cpp,Accepted,48,19840,539,
s129134454,p03920,u378155378,1480186546,C++,C++14 (GCC 5.4.1),cpp,Wrong Answer,2,128,413,
s301730785,p03920,u454670021,1480186538,C++,C++14 (GCC 5.4.1),cpp,Accepted,21,256,744,
s161314483,p03920,u256861359,1480186533,C,C (GCC 5.4.1),c,Runtime Error,112,256,396,
s762741853,p03920,u242782996,1480186530,Java,Java8 (OpenJDK 1.8.0),java,Wrong Answer,132,13776,5471,
s150892585,p03920,u890314264,1480186522,C++,C++14 (Clang 3.8.0),cpp,Wrong Answer,279,512,1095,
s733716058,p03920,u870227006,1480186461,C++,C++14 (GCC 5.4.1),cpp,Wrong Answer,2102,256,789,
s066568087,p03920,u256861359,1480186412,C,C (GCC 5.4.1),c,Wrong Answer,115,128,376,
s274485615,p03920,u476197960,1480186280,C++,C++14 (GCC 5.4.1),cpp,Wrong Answer,3,256,1101,
s019104794,p03920,u237168895,1480186280,Python,Python (3.4.3),py,Runtime Error,108,4236,532,
s621683774,p03920,u771634798,1480186259,C#,C# (Mono 4.6.2.0),cs,Time Limit Exceeded,2124,360860,2762,
s625047128,p03920,u791064891,1480186227,C++,C++14 (GCC 5.4.1),cpp,Accepted,21,256,352,
s800222308,p03920,u821262411,1480186208,Python,Python (3.4.3),py,Wrong Answer,27,3444,335,
s742028607,p03920,u649310245,1480186147,C++,C++14 (GCC 5.4.1),cpp,Accepted,18,384,4923,
s638992907,p03920,u972416428,1480186146,Python,Python (2.7.6),py,Accepted,19,2692,141,
s022627656,p03920,u472675932,1480186115,C,C (Clang 3.8.0),c,Wrong Answer,2,640,625,
s074665478,p03920,u317190866,1480186113,C#,C# (Mono 4.6.2.0),cs,Accepted,69,3032,753,
s967794482,p03920,u972416428,1480186089,Python,Python (2.7.6),py,Wrong Answer,19,2568,149,
s971893550,p03920,u193507170,1480186055,C++,C++14 (GCC 5.4.1),cpp,Wrong Answer,4,256,315,
s136272873,p03920,u700986952,1480186024,C++,C++14 (GCC 5.4.1),cpp,Time Limit Exceeded,2102,1408,552,
s117418448,p03920,u472675932,1480186007,C,C (Clang 3.8.0),c,Wrong Answer,514,256,624,
s955443803,p03920,u796942881,1480186006,C++,C++14 (GCC 5.4.1),cpp,Wrong Answer,2104,39552,1931,
s745175768,p03920,u890314264,1480185994,C++,C++14 (Clang 3.8.0),cpp,Wrong Answer,45,256,1015,
s987753302,p03920,u530935768,1480185893,Java,Java7 (OpenJDK 1.7.0),java,Wrong Answer,172,48084,766,
s103959448,p03920,u755406270,1480185878,Go,Go (1.6),go,Accepted,30,640,1259,
s962037110,p03920,u296121112,1480185864,Ruby,Ruby (2.3.3),rb,Wrong Answer,14,1788,111,
s599731739,p03920,u994355615,1480185800,C,C (Clang 3.8.0),c,Accepted,2,128,248,
s577207026,p03920,u174620969,1480185791,Python,Python (3.4.3),py,Accepted,26,3572,291,
s088364943,p03920,u174620969,1480185748,Python,Python (3.4.3),py,Runtime Error,22,3064,302,
s332254893,p03920,u796942881,1480185713,C++,C++14 (GCC 5.4.1),cpp,Wrong Answer,2104,39424,1921,
s722902702,p03920,u875570028,1480185694,C++,C++14 (GCC 5.4.1),cpp,Accepted,21,384,358,
s815850113,p03920,u796942881,1480185674,C++,C++14 (GCC 5.4.1),cpp,Compile Error,,,1913,
s284794690,p03920,u504669764,1480185663,Go,Go (1.6),go,Accepted,20,640,1892,
s050963746,p03920,u462437857,1480185653,C++,C++14 (GCC 5.4.1),cpp,Accepted,22,256,352,
s444820599,p03920,u660613376,1480185604,C++,C++14 (GCC 5.4.1),cpp,Wrong Answer,2107,87936,1217,
s619755933,p03920,u026730198,1480185574,C++,C++14 (GCC 5.4.1),cpp,Wrong Answer,3,384,734,
s772737173,p03920,u999979585,1480185574,C++,C++14 (GCC 5.4.1),cpp,Time Limit Exceeded,2102,256,688,
s651982735,p03920,u235516118,1480185525,C++,C++14 (GCC 5.4.1),cpp,Wrong Answer,3,256,613,
s152766037,p03920,u239239546,1480185510,C++,C++14 (GCC 5.4.1),cpp,Accepted,22,256,378,
s488673605,p03920,u504669764,1480185452,Go,Go (1.6),go,Wrong Answer,24,768,1896,
s888529575,p03920,u380653557,1480185373,Python,Python (3.4.3),py,Accepted,30,3572,200,
s733763603,p03920,u875570028,1480185343,C++,C++14 (GCC 5.4.1),cpp,Wrong Answer,9,256,358,
s055799718,p03920,u994355615,1480185338,C,C (Clang 3.8.0),c,Wrong Answer,2,128,265,
s126944838,p03920,u564084899,1480185324,C++,C++14 (GCC 5.4.1),cpp,Accepted,3,384,759,
s553985355,p03920,u660613376,1480185202,C++,C++14 (GCC 5.4.1),cpp,Wrong Answer,2107,87936,1215,
s386342896,p03920,u174620969,1480185184,Python,Python (3.4.3),py,Wrong Answer,27,3572,273,
s264740839,p03920,u504669764,1480185152,Go,Go (1.6),go,Wrong Answer,24,768,1865,
s401884650,p03920,u700986952,1480185102,C++,C++14 (GCC 5.4.1),cpp,Wrong Answer,3,384,256,
s912464352,p03920,u317190866,1480185097,C#,C# (Mono 4.6.2.0),cs,Wrong Answer,25,3032,861,
s884303562,p03920,u999979585,1480185082,C++,C++14 (GCC 5.4.1),cpp,Time Limit Exceeded,2102,29184,699,
s909921330,p03920,u388908458,1480185054,C++,C++14 (GCC 5.4.1),cpp,Wrong Answer,3,384,929,
s340971269,p03920,u821262411,1480185041,Python,Python (3.4.3),py,Wrong Answer,26,3316,340,
s282222158,p03920,u660613376,1480185015,C++,C++14 (GCC 5.4.1),cpp,Wrong Answer,2107,87936,1181,
s464862691,p03920,u239239546,1480184981,C++,C++14 (GCC 5.4.1),cpp,Wrong Answer,34,256,849,
s457740599,p03920,u026730198,1480184979,C++,C++14 (GCC 5.4.1),cpp,Wrong Answer,3,384,801,
s653454530,p03920,u700986952,1480184962,C++,C++14 (GCC 5.4.1),cpp,Wrong Answer,3,256,277,
s694850772,p03920,u700986952,1480184782,C++,C++14 (GCC 5.4.1),cpp,Wrong Answer,2,256,288,
s669518423,p03920,u875570028,1480184771,C++,C++14 (GCC 5.4.1),cpp,Wrong Answer,28,256,392,
s576473599,p03920,u998212027,1480184739,C++,C++14 (GCC 5.4.1),cpp,Accepted,3,384,629,
s266460069,p03920,u635277286,1480184739,C++,C++14 (GCC 5.4.1),cpp,Accepted,118,88320,1197,
s339184086,p03920,u371373492,1480184705,C#,C# (Mono 4.6.2.0),cs,Accepted,66,2904,987,
s359894532,p03920,u986399983,1480184687,C++,C++14 (Clang 3.8.0),cpp,Accepted,5,504,1004,
s741761381,p03920,u155216115,1480184685,C++,C++14 (GCC 5.4.1),cpp,Accepted,17,256,355,
s792056198,p03920,u245232453,1480184680,C++,C++14 (GCC 5.4.1),cpp,Wrong Answer,20,256,440,
s738217813,p03920,u237168895,1480184652,Python,Python (3.4.3),py,Wrong Answer,112,4316,515,
s109132539,p03920,u528878789,1480184646,Python,Python (2.7.6),py,Accepted,19,2568,192,
s598502602,p03920,u389009751,1480184636,C++,C++14 (GCC 5.4.1),cpp,Accepted,21,512,380,
s444234191,p03920,u875570028,1480184606,C++,C++14 (GCC 5.4.1),cpp,Wrong Answer,28,384,391,
s967437363,p03920,u751035630,1480184602,C,C (GCC 5.4.1),c,Accepted,8,128,192,
s551759097,p03920,u284124505,1480184560,C++,C++14 (GCC 5.4.1),cpp,Accepted,3,256,1390,
s955226238,p03920,u842602515,1480184556,C++,C++14 (GCC 5.4.1),cpp,Accepted,32,384,4378,
s128703212,p03920,u471898432,1480184498,C++,C++14 (GCC 5.4.1),cpp,Accepted,21,256,323,
s957740936,p03920,u910756197,1480184449,Ruby,Ruby (2.3.3),rb,Wrong Answer,14,1916,329,
s706389745,p03920,u305950321,1480184441,C,C (GCC 5.4.1),c,Accepted,2,128,421,
s349246796,p03920,u842602515,1480184355,C++,C++14 (GCC 5.4.1),cpp,Wrong Answer,18,256,4269,
s728418007,p03920,u380653557,1480184353,Python,Python (3.4.3),py,Wrong Answer,28,3444,136,
s701896838,p03920,u281531581,1480184350,C++,C++14 (GCC 5.4.1),cpp,Wrong Answer,16,256,339,
s974029296,p03920,u038385221,1480184348,Rust,Rust (1.15.1),rs,Accepted,118,78588,1905,
s306038067,p03920,u360980679,1480184269,C++,C++14 (GCC 5.4.1),cpp,Accepted,48,256,1289,
s181600428,p03920,u516438812,1480184256,Java,Java8 (OpenJDK 1.8.0),java,Accepted,205,87252,1838,
s698373895,p03920,u038385221,1480184184,Rust,Rust (1.15.1),rs,Time Limit Exceeded,2145,1127160,1893,
s329526702,p03920,u309335075,1480184172,C++,C++14 (GCC 5.4.1),cpp,Accepted,22,384,1328,
s735018554,p03920,u269969976,1480184167,C#,C# (Mono 4.6.2.0),cs,Accepted,23,3160,2227,
s048673693,p03920,u417658545,1480184156,C#,C# (Mono 4.6.2.0),cs,Accepted,58,3032,574,
s197502620,p03920,u882868478,1480184139,C++,C++14 (GCC 5.4.1),cpp,Accepted,21,384,489,
s595380898,p03920,u534998883,1480184094,C++,C++14 (GCC 5.4.1),cpp,Accepted,22,256,259,
s915047058,p03920,u269969976,1480184076,C#,C# (Mono 4.6.2.0),cs,Time Limit Exceeded,2116,264288,2139,
s148020782,p03920,u530131293,1480184066,C++,C++14 (GCC 5.4.1),cpp,Accepted,3,256,718,
s206819121,p03920,u388908458,1480184054,C++,C++14 (GCC 5.4.1),cpp,Time Limit Exceeded,2104,39424,754,
s951554344,p03920,u281531581,1480184025,C++,C++14 (GCC 5.4.1),cpp,Wrong Answer,16,256,435,
s917120751,p03920,u566971318,1480183972,C#,C# (Mono 4.6.2.0),cs,Accepted,66,2776,593,
s481514905,p03920,u869997698,1480183940,C,C (GCC 5.4.1),c,Wrong Answer,2,384,414,
s613858163,p03920,u235516118,1480183934,C++,C++14 (GCC 5.4.1),cpp,Wrong Answer,3,256,618,
s366440408,p03920,u875570028,1480183912,C++,C++14 (GCC 5.4.1),cpp,Wrong Answer,9,256,384,
s689702314,p03920,u126436067,1480183858,C++,C++14 (GCC 5.4.1),cpp,Accepted,21,384,637,
s965918406,p03920,u417658545,1480183788,C#,C# (Mono 4.6.2.0),cs,Wrong Answer,68,3032,569,
s090334199,p03920,u660613376,1480183766,C++,C++14 (GCC 5.4.1),cpp,Wrong Answer,2,256,592,
s047307121,p03920,u119460590,1480183751,C++,C++14 (GCC 5.4.1),cpp,Accepted,69,39424,1864,
s525999319,p03920,u592725337,1480183748,Java,Java8 (OpenJDK 1.8.0),java,Accepted,182,10420,494,
s816394641,p03920,u698142380,1480183748,C++,C++14 (GCC 5.4.1),cpp,Wrong Answer,2103,16316,849,
s900351444,p03920,u875570028,1480183747,C++,C++14 (GCC 5.4.1),cpp,Wrong Answer,9,256,359,
s068444883,p03920,u188020698,1480183746,C++,C++14 (GCC 5.4.1),cpp,Accepted,61,384,708,
s515567609,p03920,u653020951,1480183716,C++,C++14 (GCC 5.4.1),cpp,Accepted,3,256,751,
s537223772,p03920,u454670021,1480183701,C++,C++14 (GCC 5.4.1),cpp,Wrong Answer,305,1792,1245,
s493356986,p03920,u656572785,1480183654,C++,C++14 (GCC 5.4.1),cpp,Wrong Answer,545,512,2693,
s028025914,p03920,u417658545,1480183642,C#,C# (Mono 4.6.2.0),cs,Wrong Answer,67,3032,568,
s014041738,p03920,u721060623,1480183623,C,C (GCC 5.4.1),c,Accepted,2,128,282,
s775333433,p03920,u254993344,1480183615,C++,C++14 (GCC 5.4.1),cpp,Accepted,46,39296,876,
s277958687,p03920,u119460590,1480183614,C++,C++14 (GCC 5.4.1),cpp,Runtime Error,126,8064,1883,
s116784053,p03920,u360980679,1480183596,C++,C++14 (GCC 5.4.1),cpp,Wrong Answer,43,256,1278,
s952454461,p03920,u022102552,1480183559,C++,C++14 (GCC 5.4.1),cpp,Accepted,3,384,304,
s702330440,p03920,u254993344,1480183545,C++,C++14 (GCC 5.4.1),cpp,Runtime Error,336,39296,870,
s449462267,p03920,u435321965,1480183526,C++,C++14 (GCC 5.4.1),cpp,Accepted,21,256,719,
s657988797,p03920,u441096482,1480183480,C++,C++14 (GCC 5.4.1),cpp,Accepted,3,384,1418,
s898716868,p03920,u417658545,1480183476,C#,C# (Mono 4.6.2.0),cs,Wrong Answer,67,3032,566,
s583807025,p03920,u810579396,1480183462,Java,Java8 (OpenJDK 1.8.0),java,Accepted,135,10836,3980,
s242184137,p03920,u164889916,1480183451,C++,C++14 (GCC 5.4.1),cpp,Accepted,3,256,425,
s293025978,p03920,u662071161,1480183420,C++,C++14 (GCC 5.4.1),cpp,Accepted,67,39424,3063,
s539900932,p03920,u239239546,1480183416,C++,C++14 (GCC 5.4.1),cpp,Wrong Answer,29,384,737,
s124392899,p03920,u160474731,1480183387,C++,C++14 (GCC 5.4.1),cpp,Accepted,4,256,444,
s934155461,p03920,u528878789,1480183367,Python,Python (2.7.6),py,Wrong Answer,20,2572,180,
s648405891,p03920,u133129810,1480183364,C++,C++14 (GCC 5.4.1),cpp,Accepted,3,384,1563,
s399075603,p03920,u566971318,1480183364,C#,C# (Mono 4.6.2.0),cs,Wrong Answer,65,2776,407,
s224732451,p03920,u408596602,1480183361,C++,C++14 (GCC 5.4.1),cpp,Accepted,2,256,328,
s961990681,p03920,u258647915,1480183357,C++,C++14 (GCC 5.4.1),cpp,Accepted,3,384,709,
s402395125,p03920,u016612263,1480183352,C++,C++14 (GCC 5.4.1),cpp,Accepted,3,256,344,
s180609092,p03920,u516438812,1480183341,Java,Java8 (OpenJDK 1.8.0),java,Wrong Answer,158,23508,1983,
s657749344,p03920,u596876965,1480183304,C++,C++14 (GCC 5.4.1),cpp,Accepted,3,256,276,
s221048193,p03920,u242782996,1480183296,Java,Java8 (OpenJDK 1.8.0),java,Wrong Answer,194,23532,6150,
s851234947,p03920,u231928431,1480183291,C++,C++14 (GCC 5.4.1),cpp,Memory Limit Exceeded,2148,914048,1092,
s121160150,p03920,u160474731,1480183282,C++,C++14 (GCC 5.4.1),cpp,Wrong Answer,3,256,450,
s824159213,p03920,u017167684,1480183268,C++,C++14 (GCC 5.4.1),cpp,Accepted,21,256,278,
s878031011,p03920,u509125770,1480183251,C#,C# (Mono 4.6.2.0),cs,Accepted,27,3416,2203,
s565682743,p03920,u721060623,1480183201,C,C (GCC 5.4.1),c,Wrong Answer,11,256,274,
s323039818,p03920,u231928431,1480183194,C++,C++14 (GCC 5.4.1),cpp,Runtime Error,628,1536,1088,
s230146912,p03920,u698142380,1480183193,C++,C++14 (GCC 5.4.1),cpp,Wrong Answer,2102,15784,670,
s075003094,p03920,u160474731,1480183167,C++,C++14 (GCC 5.4.1),cpp,Wrong Answer,2,256,444,
s036635480,p03920,u017744950,1480183113,C,C (GCC 5.4.1),c,Accepted,2,256,231,
s642368352,p03920,u360980679,1480183102,C++,C++14 (GCC 5.4.1),cpp,Wrong Answer,21,256,1109,
s368095102,p03920,u554838392,1480183040,Ruby,Ruby (2.3.3),rb,Accepted,13,1916,108,
s368685249,p03920,u119460590,1480183039,C++,C++14 (GCC 5.4.1),cpp,Runtime Error,353,4096,1882,
s149857660,p03920,u882868478,1480183035,C++,C++14 (GCC 5.4.1),cpp,Wrong Answer,3,256,328,
s568925926,p03920,u144578129,1480183016,C++,C++14 (GCC 5.4.1),cpp,Accepted,21,256,614,
s763607854,p03920,u125031511,1480182989,C++,C++14 (GCC 5.4.1),cpp,Accepted,21,256,513,
s547316408,p03920,u781091740,1480182956,C++,C++14 (GCC 5.4.1),cpp,Accepted,17,256,375,
s180941327,p03920,u038385221,1480182941,Haskell,Haskell (GHC 7.10.3),hs,Wrong Answer,3,508,208,
s416692162,p03920,u261965335,1480182890,C++,C++14 (GCC 5.4.1),cpp,Accepted,21,256,791,
s919399264,p03920,u769201746,1480182885,Java,Java8 (OpenJDK 1.8.0),java,Accepted,104,8276,2999,
s031010730,p03920,u629500233,1480182876,C++,C++14 (GCC 5.4.1),cpp,Accepted,3,256,574,
s776231809,p03920,u882868478,1480182851,C++,C++14 (GCC 5.4.1),cpp,Wrong Answer,3,256,330,
s041645550,p03920,u781091740,1480182824,C++,C++14 (GCC 5.4.1),cpp,Wrong Answer,293,640,408,
s336657082,p03920,u383342473,1480182807,Java,Java8 (OpenJDK 1.8.0),java,Wrong Answer,224,11708,341,
s169804927,p03920,u624678037,1480182792,C++,C++14 (GCC 5.4.1),cpp,Accepted,28,384,920,
s594237975,p03920,u145123922,1480182791,Ruby,Ruby (2.3.3),rb,Accepted,15,1788,224,
s021448453,p03920,u079330987,1480182785,C++,C++14 (GCC 5.4.1),cpp,Accepted,3,256,1726,
s264148419,p03920,u388908458,1480182762,C++,C++14 (GCC 5.4.1),cpp,Wrong Answer,3,384,493,
s120991900,p03920,u509125770,1480182759,C#,C# (Mono 4.6.2.0),cs,Wrong Answer,18,2648,2095,
s071679740,p03920,u624678037,1480182711,C++,C++14 (GCC 5.4.1),cpp,Wrong Answer,24,384,919,
s284111562,p03920,u898331860,1480182686,C++,C++14 (GCC 5.4.1),cpp,Accepted,21,256,335,
s835222609,p03920,u026730198,1480182683,C++,C++14 (GCC 5.4.1),cpp,Wrong Answer,2102,384,886,
s542773646,p03920,u387013436,1480182672,C#,C# (Mono 4.6.2.0),cs,Accepted,22,3160,675,
s543547222,p03920,u239239546,1480182671,C++,C++14 (GCC 5.4.1),cpp,Wrong Answer,21,256,593,
s551814517,p03920,u830390742,1480182649,Python,PyPy2 (5.6.0),py,Accepted,118,13424,149,
s547669525,p03920,u612721349,1480182619,Python,PyPy3 (2.4.0),py,Accepted,232,39920,503,
s799464618,p03920,u253203109,1480182616,Java,Java8 (OpenJDK 1.8.0),java,Accepted,109,8836,1858,
s334137275,p03920,u261965335,1480182566,C++,C++14 (GCC 5.4.1),cpp,Wrong Answer,9,256,760,
s810983307,p03920,u144334330,1480182560,C++,C++14 (GCC 5.4.1),cpp,Accepted,3,256,4347,
s262396534,p03920,u087802005,1480182551,C++,C++14 (GCC 5.4.1),cpp,Accepted,21,256,579,
s722251044,p03920,u617888512,1480182516,C,C (GCC 5.4.1),c,Accepted,2,128,573,
s072677968,p03920,u977113052,1480182504,C++,C++14 (GCC 5.4.1),cpp,Accepted,21,256,246,
s623507094,p03920,u922299738,1480182502,C++,C++14 (GCC 5.4.1),cpp,Accepted,22,384,1885,
s691542970,p03920,u104282757,1480182488,Python,Python (2.7.6),py,Accepted,17,2568,196,
s724761989,p03920,u078907766,1480182488,C++,C++14 (GCC 5.4.1),cpp,Accepted,21,256,584,
s896880928,p03920,u537234062,1480182452,C++,C++14 (GCC 5.4.1),cpp,Accepted,22,256,376,
s320784369,p03920,u830390742,1480182450,Python,PyPy2 (5.6.0),py,Wrong Answer,125,13552,149,
s418705163,p03920,u731412691,1480182445,C,C (GCC 5.4.1),c,Accepted,2,128,244,
s399111435,p03920,u429053592,1480182437,Java,Java8 (OpenJDK 1.8.0),java,Accepted,123,8972,5818,
s588190268,p03920,u097204018,1480182412,Java,Java8 (OpenJDK 1.8.0),java,Accepted,1785,11700,372,
s622744262,p03920,u272028993,1480182403,Python,Python (2.7.6),py,Accepted,18,2692,345,
s346619778,p03920,u471797506,1480182395,Python,Python (2.7.6),py,Accepted,965,4520,272,
s349555917,p03920,u087802005,1480182382,C++,C++14 (GCC 5.4.1),cpp,Wrong Answer,21,256,579,
s650213191,p03920,u288466617,1480182369,C++,C++14 (GCC 5.4.1),cpp,Accepted,21,384,347,
s410898724,p03920,u441096482,1480182335,C++,C++14 (GCC 5.4.1),cpp,Wrong Answer,3,256,1436,
s992088749,p03920,u026730198,1480182335,C++,C++14 (GCC 5.4.1),cpp,Wrong Answer,3,384,697,
s389159138,p03920,u181736559,1480182330,C++,C++14 (GCC 5.4.1),cpp,Accepted,22,1024,916,
s529379900,p03920,u611502820,1480182320,Java,Java8 (OpenJDK 1.8.0),java,Accepted,236,8912,1827,
s843872931,p03920,u516438812,1480182312,Java,Java8 (OpenJDK 1.8.0),java,Wrong Answer,108,8836,1586,
s876127053,p03920,u283869437,1480182308,Perl,Perl (v5.18.2),pl,Accepted,5,512,78,
s714730917,p03920,u361077647,1480182300,C++,C++14 (GCC 5.4.1),cpp,Accepted,16,256,733,
s472927962,p03920,u192548438,1480182257,C++,C++14 (GCC 5.4.1),cpp,Accepted,78,39808,6818,
s959200737,p03920,u696840169,1480182253,C++,C++14 (GCC 5.4.1),cpp,Accepted,3,256,545,
s602766015,p03920,u943624079,1480182232,Java,Java8 (OpenJDK 1.8.0),java,Accepted,108,8780,4771,
s178725732,p03920,u272028993,1480182190,Python,Python (2.7.6),py,Wrong Answer,18,2692,312,
s461686156,p03920,u516438812,1480182189,Java,Java8 (OpenJDK 1.8.0),java,Wrong Answer,1517,9172,1587,
s506942906,p03920,u920254817,1480182177,C++,C++14 (GCC 5.4.1),cpp,Accepted,21,256,617,
s618726158,p03920,u819604704,1480182163,C++,C++14 (GCC 5.4.1),cpp,Accepted,31,256,1046,
s900335087,p03920,u195912432,1480182163,PHP,PHP7 (7.0.15),php,Accepted,17,3192,562,
s458650939,p03920,u299323942,1480182120,C++,C++14 (GCC 5.4.1),cpp,Accepted,3,384,825,
s642938652,p03920,u352499693,1480182116,C++,C++14 (GCC 5.4.1),cpp,Accepted,2,128,481,
s261598747,p03920,u781091740,1480182096,C++,C++14 (GCC 5.4.1),cpp,Wrong Answer,3,256,420,
s414163273,p03920,u095015466,1480182090,Java,Java8 (OpenJDK 1.8.0),java,Accepted,1813,10428,2025,
s965325292,p03920,u258647915,1480182085,C++,C++14 (GCC 5.4.1),cpp,Wrong Answer,3,256,662,
s311930049,p03920,u846397559,1480182075,C++,C++14 (GCC 5.4.1),cpp,Accepted,9,256,1587,
s511619198,p03920,u920254817,1480182074,C++,C++14 (GCC 5.4.1),cpp,Wrong Answer,21,384,638,
s191199815,p03920,u976162616,1480182068,C++,C++14 (GCC 5.4.1),cpp,Accepted,25,256,1028,
s131794344,p03920,u558671021,1480182060,C++,C++14 (GCC 5.4.1),cpp,Accepted,3,256,580,
s828509400,p03920,u657011188,1480182057,C++,C++14 (GCC 5.4.1),cpp,Accepted,21,256,595,
s971030309,p03920,u192548438,1480182052,C++,C++14 (GCC 5.4.1),cpp,Runtime Error,882,256,6813,
s468859910,p03920,u572012381,1480182050,C++,C++14 (GCC 5.4.1),cpp,Accepted,3,384,1405,
s084254448,p03920,u007446928,1480182041,C++,C++14 (GCC 5.4.1),cpp,Accepted,2,256,965,
s895380615,p03920,u292868516,1480181982,C++,C++14 (GCC 5.4.1),cpp,Accepted,21,256,683,
s002128069,p03920,u801744474,1480181981,C++,C++14 (GCC 5.4.1),cpp,Accepted,6,128,4430,
s856721607,p03920,u859781218,1480181979,C++,C++14 (GCC 5.4.1),cpp,Accepted,22,384,455,
s536287550,p03920,u268539939,1480181955,C++,C++14 (GCC 5.4.1),cpp,Accepted,3,256,367,
s468449760,p03920,u180407835,1480181948,Java,Java8 (OpenJDK 1.8.0),java,Accepted,115,8712,5032,
s394297669,p03920,u578016717,1480181938,C++,C++14 (GCC 5.4.1),cpp,Accepted,21,256,658,
s723791653,p03920,u962966398,1480181935,C++,C++14 (GCC 5.4.1),cpp,Accepted,18,512,2494,
s608663264,p03920,u141378465,1480181933,C++,C++14 (GCC 5.4.1),cpp,Accepted,3,256,451,
s997935063,p03920,u545022164,1480181915,C++,C++14 (GCC 5.4.1),cpp,Accepted,123,256,1131,
s272086977,p03920,u327227298,1480181898,C++,C++14 (GCC 5.4.1),cpp,Accepted,32,764,332,
s382620215,p03920,u932038818,1480181870,C++,C++14 (GCC 5.4.1),cpp,Accepted,21,384,516,
s589246840,p03920,u781091740,1480181864,C++,C++14 (GCC 5.4.1),cpp,Wrong Answer,2,256,382,
s978264750,p03920,u810735437,1480181864,Python,Python (3.4.3),py,Accepted,27,3828,244,
s463584541,p03920,u926591917,1480181862,C++,C++14 (GCC 5.4.1),cpp,Accepted,21,384,799,
s707040472,p03920,u791618569,1480181809,C++,C++14 (GCC 5.4.1),cpp,Accepted,21,256,4049,
s561667710,p03920,u427014358,1480181808,Java,Java8 (OpenJDK 1.8.0),java,Accepted,123,9172,2056,
s458737689,p03920,u830390742,1480181781,Python,PyPy2 (5.6.0),py,Wrong Answer,188,14832,105,
s385879016,p03920,u115770202,1480181778,C++,C++14 (GCC 5.4.1),cpp,Accepted,3,384,1554,
s985507453,p03920,u155202361,1480181775,C++,C++14 (GCC 5.4.1),cpp,Accepted,3,256,678,
s424684246,p03920,u806695213,1480181773,C++,C++14 (GCC 5.4.1),cpp,Accepted,21,384,1400,
s643827185,p03920,u859781218,1480181771,C++,C++14 (GCC 5.4.1),cpp,Wrong Answer,3,256,195,
s932762383,p03920,u814026219,1480181756,Java,Java8 (OpenJDK 1.8.0),java,Accepted,237,11712,374,
s394150218,p03920,u805729268,1480181735,C++,C++14 (GCC 5.4.1),cpp,Accepted,3,384,973,
s351603699,p03920,u452725238,1480181717,C++,C++14 (GCC 5.4.1),cpp,Accepted,4,256,962,
s408819691,p03920,u723736091,1480181705,C++,C++14 (GCC 5.4.1),cpp,Accepted,3,256,611,
s671825281,p03920,u754062784,1480181676,C++,C++14 (GCC 5.4.1),cpp,Accepted,3,384,652,
s813579397,p03920,u468700753,1480181669,C++,C++14 (GCC 5.4.1),cpp,Accepted,3,256,324,
s270526149,p03920,u955723966,1480181661,C++,C++14 (GCC 5.4.1),cpp,Accepted,3,256,844,
s331701358,p03920,u119714109,1480181661,Java,Java8 (OpenJDK 1.8.0),java,Accepted,682,8656,3455,
s536783538,p03920,u585369266,1480181637,C++,C++14 (GCC 5.4.1),cpp,Accepted,3,256,797,
s458607853,p03920,u468700753,1480181579,C++,C++14 (GCC 5.4.1),cpp,Wrong Answer,1000,77312,264,
